Hitting Time
38.2
28.900000000000002
148.6
75.10000000000001
30.3
91.10000000000001
14.5
64.3
70.7
56.300000000000004
31.3
26.0
49.300000000000004
41.7
44.300000000000004
23.0
56.900000000000006
86.30000000000001
17.3
74.8
22.400000000000002
12.4
23.3
64.9
73.8
29.0
40.2
53.7
93.10000000000001
33.9
50.400000000000006
22.3
29.0
38.400000000000006
26.400000000000002
95.4
61.2
19.400000000000002
51.1
74.4
78.30000000000001
53.5
99.4
13.200000000000001
47.900000000000006
77.7
15.8
40.800000000000004
28.5
71.3
92.7
26.200000000000003
13.3
42.900000000000006
39.2
38.800000000000004
78.30000000000001
91.7
84.0
32.300000000000004
22.900000000000002
44.900000000000006
45.0
66.5
20.6
24.700000000000003
127.2
45.1
18.5
61.6
38.5
53.0
37.0
40.7
19.3
68.8
38.300000000000004
26.900000000000002
99.10000000000001
43.7
27.0
34.0
49.800000000000004
53.800000000000004
20.900000000000002
114.7
58.300000000000004
39.800000000000004
24.200000000000003
23.200000000000003
90.0
21.400000000000002
55.400000000000006
46.0
121.9
91.30000000000001
55.6
63.0
70.9
25.8
84.30000000000001
30.700000000000003
47.6
85.9
55.1
41.1
190.4
55.2
59.400000000000006
21.900000000000002
17.900000000000002
17.7
37.800000000000004
22.1
106.7
37.0
34.9
64.7
28.1
41.0
102.7
23.400000000000002
55.800000000000004
257.3
34.300000000000004
35.5
27.400000000000002
45.400000000000006
27.3
63.2
31.6
27.3
45.5
32.800000000000004
45.300000000000004
51.1
37.300000000000004
56.400000000000006
23.6
43.6
39.6
31.1
21.8
49.300000000000004
52.6
19.0
120.2
43.300000000000004
27.5
39.7
59.0
21.1
28.400000000000002
16.5
33.0
45.300000000000004
23.3
27.400000000000002
26.400000000000002
218.9
21.900000000000002
57.400000000000006
30.400000000000002
56.800000000000004
48.800000000000004
192.60000000000002
88.4
46.2
40.7
23.900000000000002
43.5
31.900000000000002
163.60000000000002
48.2
63.6
25.200000000000003
23.700000000000003
66.3
16.400000000000002
22.200000000000003
22.3
43.0
98.2
50.0
18.900000000000002
29.900000000000002
51.900000000000006
38.6
182.20000000000002
41.900000000000006
34.0
97.4
21.5
40.400000000000006
23.0
27.200000000000003
17.6
28.400000000000002
79.2
92.10000000000001
126.80000000000001
34.0
17.7
26.6
29.3
79.2
68.2
18.8
99.0
35.9
31.3
154.3
22.200000000000003
29.1
24.900000000000002
46.6
33.300000000000004
28.0
27.5
53.400000000000006
46.6
160.60000000000002
23.8
40.0
20.6
43.800000000000004
87.0
14.600000000000001
32.7
34.7
43.800000000000004
105.2
25.1
29.700000000000003
115.0
24.3
50.300000000000004
118.60000000000001
37.0
39.7
102.5
23.6
23.700000000000003
156.10000000000002
19.8
17.6
22.900000000000002
25.1
212.70000000000002
20.700000000000003
35.2
30.6
19.8
50.400000000000006
28.900000000000002
68.7
19.3
39.800000000000004
13.100000000000001
29.1
54.0
138.3
219.8
63.2
12.4
123.0
41.300000000000004
55.2
41.0
32.6
63.0
29.0
61.900000000000006
18.0
62.1
101.4
44.800000000000004
108.4
112.2
60.6
39.1
38.2
54.7
88.10000000000001
21.900000000000002
36.1
70.9
46.6
75.9
34.7
28.5
56.300000000000004
28.5
27.400000000000002
49.300000000000004
50.300000000000004
23.700000000000003
126.60000000000001
18.2
37.4
74.9
61.2
11.3
43.300000000000004
33.0
70.60000000000001
62.0
147.20000000000002
41.800000000000004
71.2
23.200000000000003
47.400000000000006
84.4
13.5
50.7
79.4
64.0
81.10000000000001
34.800000000000004
151.20000000000002
47.300000000000004
43.800000000000004
151.6
21.400000000000002
49.7
128.0
56.2
18.400000000000002
43.7
55.6
19.0
50.800000000000004
31.6
37.5
58.6
17.6
23.1
40.7
34.5
39.1
30.900000000000002
23.200000000000003
22.6
41.300000000000004
48.5
28.6
93.60000000000001
46.900000000000006
24.700000000000003
169.5
74.8
28.6
22.3
64.0
45.7
37.9
29.400000000000002
101.30000000000001
277.90000000000003
27.3
40.5
44.7
44.0
28.5
30.0
19.700000000000003
52.2
18.5
14.5
19.8
52.900000000000006
77.80000000000001
29.400000000000002
29.8
28.0
88.30000000000001
45.7
59.1
29.8
78.0
38.400000000000006
101.80000000000001
124.30000000000001
19.0
41.0
29.1
46.0
52.0
34.6
26.1
67.5
63.400000000000006
61.400000000000006
51.6
68.60000000000001
24.3
69.3
26.8
72.4
9.700000000000001
25.1
29.200000000000003
46.800000000000004
57.300000000000004
59.5
23.5
38.800000000000004
28.200000000000003
37.4
31.8
28.1
54.5
38.300000000000004
81.30000000000001
44.0
57.1
83.4
65.2
87.0
62.800000000000004
85.10000000000001
55.0
25.700000000000003
59.300000000000004
35.7
137.3
30.3
67.5
16.0
65.60000000000001
50.5
31.200000000000003
20.3
23.900000000000002
22.0
45.7
108.0
82.0
25.1
22.1
24.8
18.900000000000002
201.5
40.2
29.6
22.8
31.900000000000002
41.1
51.400000000000006
27.3
43.5
83.2
108.10000000000001
51.400000000000006
44.5
70.7
11.700000000000001
148.1
13.5
59.6
24.200000000000003
26.1
223.20000000000002
18.8
65.5
42.300000000000004
21.200000000000003
28.5
15.100000000000001
46.7
67.0
46.0
214.10000000000002
79.60000000000001
44.1
59.5
65.9
179.10000000000002
24.6
43.800000000000004
48.0
95.5
19.8
32.300000000000004
14.200000000000001
28.200000000000003
45.7
28.5
30.400000000000002
82.7
37.300000000000004
124.5
51.400000000000006
33.6
53.0
54.800000000000004
48.5
63.6
104.7
47.900000000000006
44.5
42.6
57.0
17.2
76.4
55.5
71.8
30.400000000000002
24.400000000000002
31.6
62.0
49.1
34.300000000000004
21.700000000000003
253.60000000000002
42.1
74.0
126.0
155.5
66.7
15.0
36.2
139.0
50.7
29.8
244.70000000000002
32.5
41.2
34.1
161.70000000000002
36.5
49.300000000000004
43.6
40.2
74.8
23.0
39.2
43.7
45.1
68.7
48.5
66.7
38.800000000000004
24.400000000000002
15.3
320.5
66.10000000000001
30.200000000000003
22.3
39.1
28.200000000000003
20.0
77.5
28.5
13.9
104.10000000000001
17.5
34.6
38.800000000000004
32.7
151.9
56.1
32.300000000000004
139.1
47.5
80.30000000000001
49.2
30.6
45.2
71.9
26.8
72.10000000000001
89.5
31.6
126.30000000000001
33.1
15.3
22.900000000000002
35.1
33.4
31.8
33.800000000000004
26.3
15.100000000000001
17.900000000000002
77.30000000000001
21.3
42.1
27.8
83.4
56.5
58.400000000000006
15.5
19.200000000000003
38.300000000000004
66.2
61.2
25.8
57.2
41.7
60.300000000000004
89.5
56.7
28.400000000000002
56.1
77.10000000000001
32.6
22.400000000000002
59.0
62.300000000000004
47.300000000000004
30.3
100.9
109.9
35.2
31.700000000000003
32.2
84.80000000000001
39.900000000000006
16.7
13.700000000000001
18.8
54.300000000000004
42.300000000000004
28.900000000000002
18.900000000000002
23.5
55.6
36.1
34.7
34.0
114.10000000000001
19.3
41.400000000000006
51.400000000000006
24.400000000000002
58.2
50.800000000000004
23.1
58.6
53.1
37.6
31.700000000000003
46.0
28.1
14.700000000000001
34.6
73.2
36.7
37.9
31.3
73.9
20.8
28.400000000000002
84.2
44.2
82.7
36.5
26.1
73.10000000000001
75.8
30.6
48.900000000000006
83.2
47.0
41.1
46.1
26.6
22.400000000000002
38.2
46.400000000000006
23.0
86.9
51.900000000000006
64.5
31.0
32.6
34.7
27.0
18.900000000000002
37.800000000000004
16.7
24.8
29.0
39.900000000000006
19.6
60.400000000000006
35.1
40.0
21.0
39.2
34.7
39.400000000000006
101.60000000000001
44.900000000000006
21.400000000000002
71.10000000000001
43.6
37.6
28.8
27.900000000000002
22.1
121.7
160.3
72.8
42.300000000000004
38.7
107.5
22.200000000000003
33.5
33.800000000000004
24.6
24.400000000000002
11.3
57.0
70.10000000000001
76.4
57.5
31.8
84.80000000000001
29.700000000000003
31.5
96.4
50.400000000000006
45.0
50.6
81.9
53.400000000000006
129.8
71.2
61.1
17.2
28.3
22.400000000000002
18.0
64.10000000000001
19.700000000000003
44.300000000000004
34.300000000000004
54.5
26.200000000000003
64.7
45.0
21.8
67.7
106.80000000000001
60.300000000000004
37.1
24.5
19.200000000000003
51.2
34.5
42.2
49.6
82.60000000000001
23.1
155.70000000000002
122.9
45.1
23.3
33.4
12.3
154.10000000000002
18.5
40.1
231.8
77.7
90.80000000000001
34.9
92.10000000000001
9.1
70.9
18.8
34.9
52.1
59.0
29.5
52.400000000000006
75.3
31.8
25.200000000000003
64.0
41.5
30.0
41.900000000000006
26.0
47.6
43.6
27.200000000000003
38.0
53.6
80.2
14.5
33.9
42.0
46.5
47.0
61.7
51.1
21.5
27.700000000000003
22.400000000000002
34.2
17.6
130.8
53.7
90.30000000000001
26.200000000000003
21.900000000000002
26.200000000000003
37.6
24.5
60.400000000000006
18.0
121.60000000000001
27.400000000000002
11.3
35.4
39.6
23.400000000000002
47.7
64.9
24.0
38.900000000000006
72.5
39.6
29.0
23.200000000000003
50.0
51.0
71.5
21.400000000000002
94.5
52.800000000000004
52.400000000000006
150.3
65.8
74.5
42.400000000000006
53.5
32.4
51.1
21.700000000000003
30.0
58.6
56.900000000000006
85.9
51.6
60.300000000000004
18.7
66.3
43.7
17.6
31.8
27.3
21.3
21.1
114.0
20.1
23.6
74.8
27.400000000000002
28.700000000000003
46.7
58.300000000000004
95.7
81.10000000000001
35.300000000000004
67.7
30.200000000000003
23.900000000000002
34.0
18.8
33.6
50.0
28.5
38.6
27.8
23.900000000000002
109.5
53.1
24.8
22.1
43.800000000000004
28.900000000000002
32.800000000000004
26.8
30.0
57.7
36.4
29.3
29.8
55.900000000000006
24.5
41.5
108.4
238.5
93.60000000000001
22.8
14.9
21.0
46.2
46.7
45.7
71.3
26.5
211.9
28.3
19.200000000000003
30.400000000000002
32.5
26.3
29.8
17.3
100.4
44.900000000000006
48.5
23.1
76.4
77.60000000000001
38.800000000000004
77.30000000000001
76.9
49.6
76.0
60.300000000000004
38.400000000000006
8.4
20.8
18.3
110.5
81.10000000000001
44.6
22.0
25.8
34.0
67.3
37.6
30.5
63.0
100.0
36.300000000000004
20.1
90.9
23.400000000000002
30.0
31.1
28.0
72.0
33.0
28.5
46.2
22.6
28.200000000000003
45.800000000000004
48.400000000000006
26.8
45.800000000000004
202.3
54.6
174.10000000000002
125.80000000000001
143.5
85.10000000000001
73.7
88.7
49.800000000000004
74.10000000000001
292.7
42.1
29.5
82.4
39.800000000000004
13.5
54.300000000000004
32.2
27.3
46.0
37.300000000000004
26.3
62.7
19.5
57.400000000000006
18.1
119.7
52.0
40.400000000000006
49.2
90.5
65.4
30.8
89.60000000000001
45.1
26.6
199.0
24.900000000000002
36.7
78.5
51.0
21.400000000000002
11.8
27.200000000000003
29.400000000000002
38.1
42.300000000000004
34.5
37.800000000000004
127.60000000000001
35.1
44.6
71.0
42.6
56.6
36.2
44.2
33.7
44.6
36.300000000000004
124.2
46.0
53.900000000000006
53.300000000000004
39.0
16.5
16.900000000000002
20.8
70.5
58.800000000000004
28.6
31.3
29.6
43.400000000000006
36.9
26.6
46.7
26.6
32.2
18.7
26.6
23.6
30.700000000000003
21.200000000000003
47.1
45.0
46.300000000000004
66.2
34.800000000000004
47.1
21.0
83.0
19.900000000000002
98.10000000000001
61.5
53.1
22.6
26.900000000000002
27.200000000000003
57.800000000000004
24.900000000000002
56.2
31.5
289.2
30.700000000000003
51.300000000000004
48.400000000000006
91.2
36.9
20.3
18.3
84.5
45.400000000000006
38.900000000000006
52.7
28.900000000000002
43.5
34.2
22.6
37.2
88.30000000000001
102.80000000000001
62.1
46.2
40.0
52.5
13.100000000000001
164.0
55.6
59.800000000000004
20.8
22.1
59.0
93.7
103.30000000000001
34.0
32.800000000000004
160.8
253.3
15.5
42.800000000000004
90.4
14.200000000000001
32.300000000000004
132.8
17.8
29.200000000000003
53.800000000000004
65.3
58.7
86.60000000000001
131.0
83.10000000000001
17.8
36.800000000000004
33.9
40.800000000000004
112.0
32.9
45.7
19.700000000000003
56.1
51.5
70.5
28.5
68.8
60.400000000000006
139.0
129.5
30.0
47.7
26.6
36.2
31.400000000000002
51.5
50.1
15.8
34.0
23.0
24.8
91.30000000000001
26.400000000000002
62.400000000000006
25.0
7.7
85.60000000000001
34.5
32.6
22.400000000000002
81.0
81.2
41.900000000000006
35.9
23.8
15.100000000000001
19.700000000000003
56.0
86.30000000000001
101.2
55.5
22.400000000000002
54.6
31.5
58.2
63.800000000000004
105.30000000000001
19.0
30.200000000000003
29.6
79.2
52.7
34.0
82.7
65.2
59.400000000000006
58.900000000000006
141.3
82.10000000000001
24.400000000000002
21.3
73.2
99.10000000000001
28.200000000000003
82.80000000000001
66.2
51.0
102.60000000000001
24.8
50.1
76.5
55.2
28.6
34.1
51.7
46.7
21.6
44.5
36.5
46.400000000000006
64.5
38.400000000000006
51.1
45.2
63.2
42.1
90.60000000000001
78.9
48.5
73.5
46.300000000000004
114.9
37.6
32.2
105.30000000000001
51.0
36.4
26.8
43.6
41.900000000000006
51.800000000000004
71.2
50.1
71.5
30.400000000000002
25.200000000000003
53.6
20.200000000000003
43.7
63.0
39.400000000000006
192.20000000000002
73.0
68.9
58.400000000000006
18.7
32.300000000000004
17.1
23.1
49.6
42.900000000000006
33.9
19.5
27.700000000000003
97.4
66.0
31.0
46.0
128.1
58.800000000000004
132.4
24.400000000000002
54.0
37.1
23.6
130.20000000000002
87.10000000000001
114.7
20.3
33.9
58.5
70.0
50.300000000000004
58.5
141.9
47.5
22.1
22.6
19.200000000000003
39.1
92.60000000000001
47.7
15.600000000000001
30.8
55.900000000000006
73.10000000000001
50.2
32.800000000000004
19.6
33.5
14.100000000000001
54.1
28.400000000000002
62.6
24.200000000000003
13.9
59.7
75.2
28.6
58.300000000000004
50.5
110.4
120.10000000000001
26.200000000000003
80.80000000000001
50.6
59.900000000000006
213.9
43.5
110.7
49.0
26.8
32.1
82.7
37.300000000000004
161.4
49.0
72.10000000000001
43.400000000000006
36.800000000000004
54.300000000000004
49.300000000000004
62.900000000000006
24.1
30.5
30.5
25.700000000000003
39.5
23.400000000000002
38.1
18.5
15.4
33.4
90.4
42.7
27.8
38.300000000000004
51.300000000000004
31.5
15.3
66.9
75.3
36.7
63.5
18.5
17.3
31.200000000000003
58.400000000000006
50.0
21.6
37.9
60.0
66.7
21.200000000000003
46.7
36.5
33.300000000000004
96.10000000000001
98.2
14.200000000000001
48.2
35.4
244.5
53.6
51.900000000000006
91.5
172.60000000000002
53.400000000000006
22.6
55.7
52.6
31.3
35.0
22.700000000000003
74.3
119.60000000000001
20.1
50.6
30.400000000000002
50.400000000000006
19.3
42.800000000000004
45.1
24.3
33.5
19.5
45.7
63.400000000000006
37.7
35.800000000000004
40.300000000000004
51.2
44.0
34.9
20.700000000000003
15.5
37.300000000000004
31.8
128.8
137.0
35.300000000000004
25.400000000000002
26.0
55.7
31.700000000000003
161.20000000000002
49.6
20.700000000000003
37.0
35.7
28.8
64.60000000000001
35.7
23.400000000000002
28.3
57.0
60.800000000000004
99.0
56.800000000000004
66.0
16.2
93.60000000000001
18.1
24.900000000000002
21.900000000000002
52.2
68.9
11.600000000000001
51.800000000000004
34.4
44.300000000000004
42.6
56.2
31.3
19.0
33.7
65.60000000000001
32.6
106.60000000000001
59.2
36.0
52.2
21.0
118.2
79.80000000000001
41.400000000000006
14.4
140.5
18.5
31.6
40.6
19.400000000000002
33.1
39.900000000000006
50.1
128.4
172.20000000000002
43.900000000000006
155.10000000000002
56.0
20.200000000000003
36.9
21.5
26.5
60.2
8.4
43.6
34.800000000000004
41.900000000000006
64.5
10.9
45.7
23.3
43.300000000000004
26.8
53.7
49.900000000000006
49.800000000000004
35.4
27.5
39.0
34.300000000000004
229.20000000000002
36.5
88.7
16.2
42.300000000000004
19.700000000000003
47.400000000000006
48.400000000000006
68.2
75.4
47.800000000000004
66.7
41.6
27.6
67.4
61.2
27.200000000000003
38.6
56.300000000000004
38.900000000000006
20.400000000000002
32.9
31.900000000000002
30.200000000000003
32.300000000000004
28.900000000000002
58.5
16.0
61.800000000000004
14.700000000000001
21.8
30.200000000000003
32.1
27.6
18.6
29.1
20.700000000000003
23.3
43.2
54.1
73.3
33.0
41.2
30.0
22.1
14.0
26.0
129.6
59.300000000000004
27.200000000000003
31.700000000000003
35.0
58.7
28.900000000000002
50.1
156.70000000000002
25.3
34.9
25.3
53.300000000000004
37.2
21.1
50.2
40.0
28.8
26.900000000000002
45.1
38.5
89.10000000000001
37.300000000000004
70.2
16.3
26.700000000000003
92.2
19.3
36.4
56.800000000000004
18.6
112.9
60.300000000000004
25.1
22.5
35.4
46.800000000000004
14.9
23.400000000000002
15.3
12.200000000000001
25.400000000000002
59.0
60.6
53.400000000000006
20.5
27.8
22.0
62.0
49.5
86.10000000000001
51.300000000000004
26.8
19.700000000000003
8.200000000000001
156.8
30.5
37.6
99.7
54.1
47.7
30.3
43.6
21.200000000000003
35.800000000000004
26.1
52.6
83.7
69.4
19.3
58.400000000000006
42.2
39.0
40.900000000000006
78.5
19.6
26.8
16.900000000000002
34.5
20.6
44.900000000000006
21.5
106.5
31.0
40.800000000000004
37.5
35.1
94.2
10.5
109.5
19.400000000000002
23.700000000000003
131.9
64.4
19.5
15.9
112.5
22.8
53.7
143.4
64.10000000000001
51.900000000000006
73.5
47.7
15.5
19.8
22.700000000000003
37.4
18.3
36.9
21.200000000000003
76.5
51.300000000000004
52.800000000000004
23.6
29.200000000000003
168.8
73.60000000000001
26.8
37.800000000000004
39.300000000000004
59.7
43.300000000000004
69.60000000000001
37.7
23.0
44.300000000000004
73.9
17.3
27.0
26.700000000000003
26.400000000000002
41.5
24.700000000000003
95.30000000000001
76.7
17.400000000000002
32.1
34.7
56.7
60.7
29.200000000000003
22.1
79.4
41.1
48.1
59.2
43.0
21.5
60.7
30.200000000000003
109.9
27.8
32.2
70.5
84.5
54.800000000000004
25.0
19.0
19.5
30.200000000000003
80.7
23.5
38.400000000000006
60.2
82.5
36.5
121.4
40.1
28.200000000000003
48.0
66.60000000000001
18.6
37.2
36.9
35.1
94.10000000000001
52.6
76.0
68.9
67.8
105.2
40.6
24.1
65.2
35.2
57.900000000000006
28.0
170.3
52.6
56.0
71.0
84.2
31.400000000000002
57.800000000000004
28.5
61.800000000000004
24.8
26.400000000000002
82.4
37.2
135.4
41.400000000000006
116.5
110.30000000000001
45.400000000000006
64.9
53.2
102.2
26.0
19.1
24.700000000000003
161.0
76.9
20.6
88.10000000000001
47.5
53.800000000000004
53.2
43.0
73.8
36.1
31.5
76.7
51.0
127.0
31.8
135.20000000000002
231.4
19.8
22.6
30.200000000000003
85.80000000000001
46.900000000000006
62.400000000000006
16.0
173.20000000000002
50.800000000000004
29.8
44.0
71.0
95.60000000000001
93.0
19.5
25.8
43.300000000000004
37.800000000000004
20.5
153.3
85.60000000000001
20.0
46.300000000000004
61.6
78.5
25.700000000000003
43.6
214.9
70.3
29.400000000000002
114.60000000000001
40.6
39.2
50.400000000000006
35.6
67.8
68.5
57.0
30.900000000000002
42.800000000000004
30.700000000000003
43.900000000000006
24.400000000000002
26.6
52.900000000000006
39.400000000000006
118.2
38.2
29.1
45.2
40.7
31.0
55.400000000000006
54.0
29.400000000000002
64.9
23.8
13.600000000000001
67.60000000000001
66.8
29.200000000000003
49.2
24.0
41.2
76.60000000000001
33.800000000000004
39.6
64.4
23.1
60.7
63.900000000000006
58.7
54.800000000000004
24.5
29.0
66.5
34.1
18.400000000000002
58.400000000000006
43.2
22.0
25.6
55.5
127.4
66.2
26.900000000000002
29.0
17.0
84.60000000000001
77.4
39.0
82.4
47.1
59.2
24.3
84.2
35.800000000000004
106.60000000000001
22.400000000000002
15.9
24.0
73.5
240.20000000000002
38.900000000000006
47.900000000000006
44.1
121.0
38.900000000000006
71.5
17.6
50.5
49.6
59.1
80.60000000000001
18.900000000000002
18.1
23.5
32.1
36.300000000000004
24.400000000000002
32.0
54.2
107.2
65.0
75.8
48.400000000000006
15.8
86.60000000000001
20.900000000000002
57.900000000000006
33.300000000000004
53.300000000000004
39.900000000000006
23.5
38.5
23.5
121.80000000000001
18.8
27.8
32.5
44.0
28.5
93.60000000000001
20.900000000000002
125.80000000000001
28.200000000000003
47.300000000000004
120.30000000000001
116.80000000000001
43.900000000000006
34.2
14.100000000000001
48.5
44.5
82.30000000000001
49.6
103.9
35.0
50.6
50.1
51.900000000000006
45.300000000000004
36.2
18.7
70.0
19.8
58.400000000000006
56.7
41.900000000000006
38.1
27.8
15.3
34.5
20.200000000000003
74.2
79.5
30.8
69.10000000000001
13.9
21.0
33.9
34.300000000000004
20.400000000000002
83.60000000000001
56.800000000000004
24.700000000000003
27.5
359.1
54.6
105.30000000000001
58.300000000000004
41.2
30.5
88.9
60.0
94.80000000000001
60.800000000000004
33.0
47.1
22.200000000000003
123.2
34.0
10.600000000000001
28.400000000000002
23.1
105.9
24.6
40.5
38.7
114.9
53.0
33.9
52.400000000000006
36.800000000000004
50.0
16.0
45.5
22.400000000000002
50.6
17.1
29.400000000000002
63.900000000000006
29.0
25.700000000000003
147.20000000000002
20.200000000000003
40.2
26.8
124.0
78.60000000000001
20.8
68.2
22.0
73.9
18.1
185.60000000000002
33.5
26.6
55.400000000000006
69.7
36.4
39.800000000000004
25.6
42.300000000000004
26.0
50.1
21.3
76.5
273.1
15.0
19.400000000000002
39.2
55.0
27.1
33.0
33.6
14.5
14.8
56.400000000000006
28.3
159.9
49.7
55.1
32.0
34.7
16.0
27.900000000000002
29.700000000000003
22.6
29.0
119.0
104.80000000000001
53.900000000000006
56.1
38.0
65.4
35.0
12.600000000000001
66.3
113.7
20.200000000000003
97.4
49.7
33.6
60.5
24.1
42.6
46.400000000000006
15.700000000000001
54.900000000000006
27.1
38.5
34.6
55.800000000000004
133.1
67.4
22.0
45.2
121.4
93.4
23.400000000000002
73.9
58.400000000000006
45.400000000000006
26.5
27.3
24.5
21.3
22.3
28.1
40.300000000000004
31.5
132.0
226.3
30.1
24.8
28.900000000000002
42.6
66.4
29.3
53.6
178.20000000000002
45.300000000000004
39.300000000000004
141.9
20.5
51.2
34.300000000000004
33.5
52.1
69.9
20.0
29.400000000000002
37.9
27.0
164.8
68.9
63.6
34.7
49.5
33.6
30.400000000000002
18.1
15.0
34.5
118.2
39.0
79.10000000000001
20.700000000000003
12.4
26.3
72.9
136.5
79.0
88.5
43.1
36.1
26.8
52.0
40.2
171.5
43.5
23.1
218.4
45.800000000000004
27.3
67.10000000000001
52.300000000000004
36.300000000000004
33.800000000000004
23.1
30.1
72.0
57.7
49.800000000000004
16.2
36.7
23.6
53.2
32.6
27.3
62.800000000000004
37.800000000000004
32.9
28.400000000000002
34.6
46.7
49.5
99.80000000000001
111.60000000000001
57.800000000000004
16.2
52.0
76.4
44.2
35.6
22.8
47.800000000000004
100.60000000000001
41.7
88.10000000000001
38.6
68.60000000000001
15.0
30.400000000000002
16.1
43.400000000000006
83.4
22.200000000000003
48.800000000000004
77.4
117.0
31.0
45.400000000000006
32.0
20.700000000000003
25.900000000000002
87.10000000000001
27.0
46.7
94.30000000000001
54.1
22.700000000000003
31.5
34.1
29.3
27.200000000000003
32.4
54.300000000000004
61.800000000000004
36.300000000000004
46.6
65.2
38.0
80.80000000000001
79.2
46.7
48.800000000000004
13.700000000000001
18.2
38.6
26.900000000000002
55.800000000000004
88.7
22.8
35.300000000000004
20.3
152.5
43.2
14.9
79.80000000000001
127.4
47.6
54.5
45.0
50.800000000000004
155.20000000000002
162.70000000000002
40.900000000000006
40.2
73.2
18.5
48.7
78.2
64.4
146.8
109.0
85.0
26.700000000000003
50.7
58.7
60.400000000000006
51.5
28.400000000000002
117.2
21.200000000000003
15.700000000000001
33.4
40.400000000000006
20.1
57.900000000000006
81.7
46.900000000000006
46.400000000000006
107.2
51.900000000000006
65.0
91.9
45.6
55.900000000000006
38.800000000000004
44.6
39.6
22.0
81.5
73.0
31.900000000000002
15.8
33.7
45.6
18.400000000000002
25.6
36.0
15.4
27.3
41.5
31.6
11.200000000000001
172.3
299.40000000000003
202.20000000000002
66.0
37.800000000000004
50.5
18.6
17.2
28.900000000000002
37.9
39.0
37.2
82.5
60.0
18.8
25.3
18.3
34.800000000000004
83.5
42.7
64.4
53.400000000000006
24.200000000000003
50.7
17.400000000000002
45.400000000000006
62.1
118.7
31.6
121.7
37.7
34.2
74.7
44.5
48.7
31.200000000000003
47.2
24.8
470.3
47.400000000000006
63.0
44.2
100.0
34.2
32.7
55.1
35.5
44.2
24.3
86.10000000000001
65.2
47.0
105.5
48.300000000000004
76.80000000000001
77.7
44.7
137.0
16.3
52.0
24.3
34.4
21.6
20.900000000000002
44.7
30.200000000000003
34.0
15.600000000000001
39.900000000000006
47.7
33.1
39.5
100.4
40.7
40.2
27.400000000000002
34.1
26.3
25.900000000000002
136.1
64.60000000000001
51.0
30.1
37.0
41.6
26.200000000000003
38.900000000000006
18.2
12.200000000000001
80.80000000000001
33.1
58.1
80.0
121.80000000000001
21.6
36.1
49.2
44.0
35.9
101.30000000000001
46.400000000000006
80.2
27.0
21.1
26.700000000000003
26.3
29.8
43.2
39.300000000000004
96.9
30.200000000000003
22.3
40.7
67.10000000000001
21.200000000000003
53.800000000000004
37.9
49.900000000000006
51.5
143.0
78.9
30.700000000000003
21.400000000000002
33.0
43.6
83.2
25.3
71.7
21.6
43.1
38.6
30.1
26.6
40.800000000000004
94.60000000000001
31.8
20.700000000000003
20.200000000000003
36.5
40.0
64.5
32.800000000000004
38.6
59.6
55.7
27.5
42.2
24.5
24.700000000000003
46.1
56.1
107.10000000000001
164.8
28.900000000000002
36.4
46.1
29.0
42.7
71.60000000000001
17.1
54.0
42.7
41.900000000000006
29.400000000000002
29.8
35.800000000000004
28.3
58.7
44.300000000000004
31.5
135.1
81.0
45.400000000000006
21.0
115.5
20.5
24.900000000000002
30.6
156.20000000000002
36.2
92.5
22.700000000000003
65.8
55.1
149.8
17.7
64.9
153.70000000000002
45.300000000000004
39.400000000000006
75.7
29.0
85.9
12.3
13.600000000000001
25.400000000000002
80.4
43.6
84.9
14.100000000000001
15.8
58.1
112.0
129.3
28.6
40.2
29.8
97.4
79.60000000000001
37.2
41.1
96.0
72.9
25.700000000000003
132.1
43.300000000000004
96.9
45.0
41.300000000000004
21.8
21.200000000000003
55.6
29.400000000000002
42.400000000000006
51.400000000000006
35.6
26.200000000000003
16.6
25.8
46.7
51.5
52.300000000000004
67.60000000000001
49.2
31.1
14.5
26.5
29.900000000000002
15.700000000000001
51.300000000000004
56.6
51.7
28.400000000000002
81.0
139.0
65.0
39.2
79.10000000000001
21.0
88.10000000000001
25.6
37.1
32.9
42.400000000000006
98.5
240.20000000000002
27.900000000000002
18.8
41.1
70.4
71.10000000000001
38.2
30.3
101.5
37.7
48.2
34.4
77.60000000000001
57.2
31.6
29.700000000000003
30.400000000000002
61.5
62.0
38.2
31.6
18.2
71.10000000000001
41.0
243.9
32.7
46.2
41.0
61.900000000000006
48.5
36.300000000000004
85.30000000000001
48.7
18.1
27.900000000000002
19.400000000000002
70.8
12.9
32.1
59.7
133.3
62.2
165.10000000000002
19.3
30.1
19.5
25.400000000000002
19.3
80.7
37.1
47.800000000000004
34.1
75.60000000000001
18.900000000000002
37.5
33.800000000000004
100.9
57.5
29.3
125.4
35.4
41.900000000000006
87.0
28.0
32.4
18.8
15.100000000000001
25.5
32.1
73.7
68.8
33.5
35.800000000000004
16.6
67.0
43.5
48.6
31.0
27.5
71.4
38.300000000000004
17.7
42.1
82.60000000000001
19.700000000000003
26.400000000000002
14.8
57.800000000000004
55.6
82.2
88.0
34.9
34.7
63.400000000000006
61.2
37.300000000000004
32.2
22.5
21.5
48.0
34.0
27.8
135.1
58.5
24.900000000000002
74.4
30.400000000000002
56.800000000000004
27.3
33.800000000000004
42.6
84.60000000000001
57.900000000000006
57.6
20.0
210.9
36.2
37.6
35.0
26.3
99.4
56.7
37.2
24.6
42.2
26.200000000000003
50.7
77.4
25.0
95.0
18.8
22.0
44.900000000000006
51.800000000000004
66.8
43.6
94.4
50.300000000000004
45.7
18.1
86.9
62.2
21.3
27.400000000000002
197.60000000000002
12.600000000000001
49.900000000000006
35.5
54.7
49.7
33.2
27.900000000000002
61.2
113.9
88.7
38.6
37.5
30.400000000000002
17.7
35.0
77.80000000000001
29.0
34.7
84.10000000000001
31.5
21.5
141.5
34.4
19.400000000000002
55.0
21.900000000000002
25.5
65.60000000000001
72.0
65.7
40.2
81.9
39.2
52.400000000000006
23.6
76.80000000000001
48.7
43.300000000000004
46.6
29.400000000000002
30.3
29.5
90.7
128.20000000000002
15.100000000000001
40.2
147.1
46.400000000000006
61.5
37.0
14.200000000000001
41.2
126.0
117.7
110.9
85.4
43.6
46.800000000000004
29.8
16.8
42.400000000000006
29.5
20.200000000000003
24.8
50.7
187.10000000000002
25.400000000000002
132.8
107.5
24.6
44.800000000000004
14.700000000000001
36.0
52.7
20.0
64.5
201.70000000000002
34.0
83.10000000000001
13.200000000000001
152.8
50.300000000000004
26.200000000000003
65.2
34.5
25.0
45.900000000000006
21.700000000000003
54.400000000000006
43.400000000000006
155.10000000000002
73.10000000000001
54.900000000000006
37.6
83.7
53.300000000000004
44.800000000000004
34.800000000000004
26.6
42.1
38.5
42.1
38.0
24.900000000000002
27.1
26.1
57.6
52.300000000000004
34.2
42.6
46.2
82.0
42.6
27.1
65.5
16.2
58.5
62.2
20.1
18.400000000000002
25.400000000000002
20.8
32.6
38.6
60.900000000000006
55.900000000000006
15.9
56.800000000000004
22.400000000000002
340.8
26.0
37.0
98.10000000000001
31.8
73.60000000000001
21.400000000000002
75.3
24.200000000000003
23.700000000000003
43.900000000000006
10.100000000000001
19.3
139.8
39.5
63.0
39.0
20.8
86.5
57.0
30.3
83.7
76.10000000000001
22.6
53.7
36.4
35.2
28.1
111.7
34.7
11.4
64.4
20.400000000000002
43.7
29.1
17.6
18.900000000000002
75.9
35.1
25.700000000000003
68.7
52.7
97.2
38.1
28.0
12.3
30.6
64.5
33.2
85.7
25.900000000000002
55.1
19.400000000000002
30.900000000000002
22.8
177.10000000000002
71.60000000000001
29.8
15.8
34.300000000000004
112.4
79.5
50.300000000000004
182.0
27.1
106.4
38.900000000000006
93.7
32.800000000000004
58.400000000000006
30.200000000000003
61.800000000000004
95.7
55.7
33.2
60.300000000000004
51.1
25.400000000000002
89.80000000000001
70.4
25.3
22.0
65.8
52.0
43.300000000000004
84.60000000000001
53.800000000000004
20.6
32.300000000000004
29.6
84.5
150.70000000000002
39.800000000000004
59.5
42.7
29.5
19.3
10.8
77.2
37.0
48.6
29.1
10.8
29.3
46.2
42.5
67.0
36.5
42.0
17.5
37.5
21.400000000000002
98.10000000000001
37.4
58.800000000000004
70.60000000000001
62.6
30.700000000000003
54.800000000000004
16.400000000000002
38.7
49.300000000000004
26.3
68.4
207.0
63.400000000000006
22.3
33.2
27.1
43.1
26.700000000000003
28.200000000000003
128.6
82.9
42.6
76.2
13.3
90.60000000000001
34.7
224.20000000000002
19.3
30.200000000000003
42.400000000000006
97.30000000000001
56.2
64.5
18.900000000000002
39.7
40.1
19.5
60.2
76.80000000000001
70.0
79.4
125.0
14.8
35.1
56.300000000000004
39.2
17.400000000000002
77.80000000000001
23.3
25.3
72.8
38.400000000000006
21.200000000000003
89.9
74.3
43.0
20.200000000000003
89.10000000000001
33.2
26.400000000000002
41.6
39.900000000000006
19.5
33.0
76.4
37.0
35.0
18.6
76.80000000000001
31.5
97.80000000000001
17.3
218.4
94.10000000000001
93.10000000000001
17.7
169.70000000000002
113.9
22.700000000000003
88.7
11.3
72.7
70.7
15.600000000000001
34.4
26.700000000000003
18.7
48.900000000000006
55.300000000000004
48.0
59.300000000000004
34.6
38.6
34.0
38.5
19.8
124.0
12.9
40.1
136.0
15.8
26.3
24.700000000000003
13.200000000000001
31.1
60.300000000000004
67.8
37.1
51.0
27.700000000000003
34.4
83.5
20.5
18.3
40.0
18.7
56.900000000000006
24.400000000000002
36.1
55.2
23.700000000000003
33.300000000000004
32.7
44.800000000000004
27.400000000000002
34.300000000000004
29.900000000000002
97.4
90.0
40.800000000000004
46.0
21.3
18.2
46.5
70.60000000000001
52.900000000000006
18.6
25.1
16.400000000000002
126.30000000000001
35.7
33.6
62.6
45.800000000000004
119.80000000000001
67.2
21.5
39.900000000000006
26.200000000000003
28.8
64.10000000000001
61.900000000000006
20.400000000000002
126.60000000000001
24.5
41.0
13.600000000000001
28.8
93.30000000000001
34.2
32.5
57.7
40.6
33.300000000000004
32.4
25.400000000000002
21.1
31.900000000000002
83.2
80.80000000000001
109.60000000000001
35.300000000000004
20.5
26.900000000000002
102.4
73.4
95.30000000000001
39.7
25.700000000000003
19.3
54.300000000000004
153.5
68.3
22.1
47.2
121.2
56.5
23.8
33.6
28.400000000000002
52.1
56.400000000000006
33.6
82.30000000000001
30.6
42.300000000000004
75.9
408.40000000000003
34.7
79.5
29.8
47.300000000000004
83.4
40.0
98.7
20.5
93.9
47.6
94.10000000000001
141.20000000000002
74.5
119.7
113.2
85.80000000000001
17.8
97.4
56.7
79.4
21.900000000000002
15.3
85.60000000000001
19.200000000000003
34.0
56.7
25.1
120.2
47.7
13.600000000000001
28.5
68.60000000000001
63.1
56.800000000000004
20.1
28.900000000000002
51.6
88.30000000000001
67.8
16.3
53.800000000000004
35.4
27.900000000000002
34.7
31.900000000000002
29.900000000000002
86.60000000000001
23.200000000000003
49.800000000000004
40.5
18.400000000000002
54.6
50.800000000000004
94.2
28.3
89.7
39.0
35.5
26.0
36.4
120.2
41.400000000000006
112.5
8.5
52.7
129.3
51.7
31.5
51.1
68.4
35.300000000000004
61.5
31.6
32.4
33.4
30.6
68.2
31.0
79.60000000000001
41.6
37.300000000000004
16.400000000000002
91.60000000000001
77.0
61.400000000000006
28.1
48.900000000000006
72.10000000000001
25.5
193.20000000000002
17.8
17.5
64.3
49.1
56.900000000000006
70.5
65.60000000000001
123.80000000000001
23.200000000000003
93.60000000000001
22.700000000000003
14.9
346.5
30.400000000000002
34.5
73.9
42.300000000000004
16.3
50.7
85.4
21.6
24.700000000000003
83.2
68.5
50.900000000000006
140.1
39.800000000000004
13.4
44.5
62.7
219.5
87.30000000000001
24.8
17.1
78.10000000000001
28.0
86.2
79.9
71.9
37.9
95.30000000000001
31.8
60.1
49.900000000000006
23.1
26.200000000000003
127.5
25.6
28.3
24.3
12.9
48.2
21.900000000000002
83.7
25.8
45.2
34.800000000000004
31.400000000000002
27.1
33.0
45.2
45.1
48.800000000000004
46.6
25.5
31.6
111.7
16.6
68.8
111.30000000000001
20.900000000000002
60.300000000000004
48.5
68.3
38.0
22.3
36.0
42.400000000000006
106.4
7.0
29.400000000000002
19.6
34.2
62.5
90.10000000000001
35.6
60.2
17.900000000000002
21.5
55.900000000000006
39.900000000000006
21.900000000000002
33.2
50.900000000000006
42.400000000000006
61.6
15.5
30.900000000000002
22.700000000000003
27.3
43.2
99.2
31.400000000000002
253.70000000000002
35.4
40.2
18.5
10.5
91.9
115.10000000000001
16.7
12.3
45.1
14.200000000000001
30.8
25.200000000000003
41.5
39.400000000000006
42.7
34.1
12.9
39.6
71.4
32.800000000000004
33.1
31.1
37.0
20.700000000000003
68.9
23.6
23.700000000000003
47.300000000000004
24.900000000000002
26.200000000000003
22.400000000000002
21.6
20.900000000000002
109.2
33.9
37.800000000000004
47.300000000000004
41.6
29.3
71.10000000000001
25.5
38.6
140.6
49.400000000000006
24.5
24.1
26.1
23.8
38.2
41.2
51.0
43.300000000000004
96.60000000000001
68.5
24.6
20.3
37.2
60.7
58.1
31.5
53.1
125.60000000000001
26.700000000000003
101.0
50.6
34.6
54.900000000000006
57.1
28.1
32.1
133.8
80.10000000000001
86.60000000000001
32.5
63.7
64.10000000000001
79.0
32.1
31.900000000000002
45.0
19.5
106.4
50.800000000000004
58.400000000000006
135.9
210.0
73.4
73.60000000000001
35.5
103.9
31.1
52.800000000000004
48.300000000000004
56.400000000000006
53.400000000000006
164.9
59.5
46.6
61.400000000000006
26.400000000000002
33.1
24.0
39.6
53.400000000000006
22.5
37.4
63.0
30.200000000000003
51.800000000000004
130.3
39.300000000000004
24.700000000000003
38.5
90.30000000000001
27.900000000000002
44.5
19.700000000000003
13.0
40.0
32.2
58.7
71.7
31.1
31.700000000000003
22.1
17.8
154.0
24.200000000000003
15.700000000000001
17.6
25.5
22.8
61.1
91.60000000000001
69.3
49.6
17.7
8.3
54.5
35.800000000000004
23.0
67.10000000000001
74.3
192.20000000000002
32.1
65.7
15.700000000000001
32.800000000000004
49.400000000000006
18.8
21.8
127.4
33.1
40.7
97.7
102.60000000000001
66.8
131.4
47.6
36.4
58.1
68.3
43.900000000000006
47.2
145.0
28.5
29.5
13.5
36.800000000000004
31.900000000000002
46.1
18.900000000000002
26.3
53.0
23.5
35.7
38.900000000000006
44.400000000000006
74.2
51.1
19.8
93.9
30.700000000000003
47.1
72.2
121.30000000000001
50.5
53.7
23.400000000000002
58.5
44.900000000000006
36.1
31.6
41.0
90.0
30.0
108.80000000000001
87.4
83.30000000000001
73.3
31.200000000000003
23.0
32.5
55.1
80.10000000000001
66.8
16.900000000000002
103.2
40.7
58.6
13.100000000000001
45.6
21.200000000000003
195.0
29.0
23.5
38.7
73.7
84.2
55.6
92.10000000000001
57.300000000000004
25.200000000000003
37.9
40.400000000000006
25.200000000000003
80.30000000000001
111.9
49.900000000000006
83.9
22.6
25.3
32.7
133.9
51.0
36.1
44.0
21.400000000000002
41.0
23.3
42.900000000000006
14.600000000000001
130.4
30.0
56.5
141.70000000000002
65.3
79.60000000000001
58.5
42.300000000000004
41.7
119.10000000000001
18.900000000000002
14.700000000000001
30.400000000000002
20.200000000000003
89.5
96.4
50.300000000000004
29.5
49.400000000000006
26.3
55.6
42.2
58.5
15.9
40.1
87.2
55.7
80.7
82.30000000000001
16.7
55.6
33.7
108.7
30.200000000000003
30.3
98.60000000000001
18.8
96.30000000000001
37.0
26.8
12.5
43.400000000000006
67.3
38.400000000000006
65.10000000000001
79.0
19.200000000000003
31.700000000000003
60.800000000000004
14.700000000000001
71.2
19.900000000000002
52.300000000000004
29.8
71.3
48.800000000000004
39.0
27.5
85.60000000000001
51.2
32.7
29.0
31.200000000000003
57.800000000000004
61.400000000000006
21.8
25.700000000000003
49.800000000000004
30.3
34.7
31.1
17.0
28.1
143.8
36.0
33.800000000000004
33.2
30.5
20.900000000000002
21.8
67.3
58.800000000000004
20.1
13.700000000000001
111.60000000000001
109.60000000000001
34.5
141.9
13.9
30.900000000000002
55.6
43.400000000000006
19.3
62.5
44.6
59.1
63.5
39.300000000000004
79.60000000000001
53.7
48.5
205.60000000000002
76.2
45.5
34.7
35.300000000000004
59.1
41.800000000000004
23.200000000000003
16.0
101.10000000000001
24.5
17.0
36.800000000000004
81.80000000000001
16.900000000000002
19.1
85.9
150.6
20.900000000000002
85.4
86.80000000000001
16.8
31.5
54.5
122.4
89.7
43.5
16.1
31.700000000000003
54.400000000000006
35.0
78.80000000000001
93.5
28.400000000000002
56.400000000000006
53.300000000000004
43.400000000000006
105.60000000000001
48.0
37.800000000000004
35.800000000000004
63.6
29.5
130.8
40.1
25.900000000000002
98.80000000000001
37.4
49.1
102.80000000000001
35.4
46.800000000000004
27.8
17.1
142.70000000000002
16.2
30.5
24.700000000000003
31.5
62.5
36.1
31.900000000000002
82.2
82.0
50.2
20.8
61.900000000000006
34.7
21.200000000000003
33.0
27.1
28.3
45.300000000000004
13.8
47.900000000000006
21.400000000000002
56.900000000000006
59.7
16.7
46.800000000000004
53.6
27.0
69.2
55.800000000000004
41.6
87.4
59.900000000000006
71.9
76.2
36.9
169.0
26.700000000000003
64.3
37.7
62.1
43.300000000000004
36.9
59.900000000000006
88.10000000000001
82.10000000000001
32.5
19.1
33.5
88.10000000000001
36.5
55.900000000000006
37.800000000000004
69.2
113.0
24.1
57.1
21.200000000000003
52.900000000000006
37.1
26.400000000000002
30.700000000000003
33.300000000000004
76.4
42.6
79.30000000000001
34.9
39.5
55.6
50.5
60.800000000000004
19.6
30.1
30.8
53.800000000000004
83.60000000000001
25.6
33.4
24.400000000000002
26.0
28.8
34.0
71.9
145.4
59.900000000000006
39.1
44.300000000000004
31.400000000000002
30.6
20.0
79.4
22.400000000000002
32.9
22.0
16.900000000000002
19.400000000000002
30.1
24.3
56.5
139.9
36.0
34.7
46.2
34.1
35.1
21.900000000000002
55.400000000000006
148.6
48.900000000000006
60.800000000000004
78.2
69.4
26.8
57.400000000000006
61.7
13.600000000000001
62.6
47.900000000000006
21.200000000000003
43.900000000000006
86.30000000000001
30.6
28.900000000000002
82.60000000000001
109.2
108.30000000000001
25.1
39.900000000000006
24.6
22.900000000000002
66.10000000000001
154.5
93.10000000000001
23.1
99.10000000000001
114.80000000000001
66.60000000000001
67.3
32.4
86.4
39.1
22.6
87.9
33.5
60.900000000000006
122.5
24.200000000000003
29.5
45.900000000000006
47.0
39.400000000000006
57.300000000000004
73.10000000000001
47.900000000000006
61.5
39.0
15.700000000000001
21.3
40.7
43.6
67.0
106.30000000000001
42.900000000000006
22.700000000000003
21.1
37.9
37.5
50.0
51.1
51.1
34.6
102.4
85.5
212.4
25.1
60.900000000000006
20.700000000000003
66.9
29.8
20.400000000000002
34.800000000000004
55.2
76.7
47.900000000000006
39.6
30.1
32.5
28.0
55.6
44.400000000000006
24.1
43.7
76.0
17.900000000000002
81.80000000000001
33.9
75.10000000000001
34.800000000000004
18.7
141.1
17.0
87.80000000000001
22.5
50.0
40.2
31.900000000000002
43.2
76.80000000000001
90.9
37.7
24.400000000000002
64.9
11.3
24.400000000000002
22.1
18.2
23.0
69.3
55.300000000000004
51.900000000000006
40.0
42.0
45.1
19.5
14.0
29.8
36.9
22.200000000000003
72.8
44.5
36.6
22.1
25.5
54.300000000000004
45.6
27.0
27.1
55.1
67.9
72.9
24.700000000000003
49.5
95.9
14.0
22.8
47.1
31.3
19.900000000000002
13.3
20.3
49.7
16.0
26.1
26.700000000000003
26.200000000000003
27.6
74.5
84.0
14.8
73.7
55.300000000000004
32.4
30.3
28.1
75.5
46.1
37.9
41.800000000000004
35.7
45.7
37.1
36.7
66.9
115.10000000000001
23.900000000000002
27.5
25.700000000000003
182.0
20.700000000000003
42.300000000000004
41.2
48.1
12.200000000000001
22.700000000000003
22.700000000000003
110.10000000000001
252.4
26.8
69.8
46.7
46.0
25.5
83.60000000000001
105.0
20.5
36.800000000000004
71.4
30.400000000000002
66.8
42.800000000000004
40.5
49.800000000000004
34.6
170.5
10.8
48.300000000000004
80.10000000000001
25.700000000000003
77.0
37.0
78.9
28.1
50.400000000000006
187.4
44.5
18.400000000000002
40.300000000000004
31.1
20.400000000000002
46.0
12.600000000000001
39.0
41.2
34.2
64.7
63.400000000000006
22.5
43.0
34.5
34.0
58.900000000000006
57.800000000000004
34.0
19.3
106.4
40.900000000000006
33.2
33.4
35.0
115.80000000000001
13.5
53.1
248.5
45.6
44.800000000000004
85.9
17.900000000000002
37.1
32.0
44.5
50.400000000000006
46.5
77.30000000000001
46.800000000000004
34.4
50.5
64.10000000000001
32.7
177.3
43.400000000000006
41.2
38.7
61.400000000000006
47.5
141.20000000000002
46.0
37.300000000000004
37.9
224.5
37.5
47.300000000000004
15.4
80.9
29.0
32.6
71.60000000000001
32.800000000000004
72.5
69.9
41.300000000000004
17.7
41.900000000000006
12.100000000000001
48.800000000000004
20.900000000000002
20.0
77.0
42.1
11.100000000000001
36.2
90.2
16.8
18.7
33.300000000000004
21.6
31.400000000000002
179.70000000000002
58.1
48.7
17.900000000000002
33.6
38.300000000000004
22.6
53.300000000000004
40.7
44.2
43.400000000000006
27.3
15.8
22.900000000000002
70.9
30.900000000000002
52.0
57.1
38.2
172.8
31.6
30.200000000000003
25.0
27.900000000000002
29.200000000000003
32.5
30.8
36.800000000000004
100.2
30.700000000000003
67.7
35.300000000000004
22.700000000000003
84.10000000000001
64.7
49.800000000000004
24.6
35.2
153.1
67.9
15.9
150.8
33.0
56.1
81.0
16.2
88.2
29.200000000000003
71.3
18.6
31.8
39.400000000000006
23.900000000000002
49.5
22.1
15.5
17.1
46.6
112.0
82.10000000000001
59.7
35.2
25.400000000000002
40.0
46.300000000000004
67.0
44.6
64.0
99.7
19.5
68.3
26.900000000000002
29.200000000000003
117.10000000000001
75.0
35.2
29.6
16.8
105.30000000000001
84.2
75.4
67.4
95.10000000000001
34.7
55.300000000000004
60.800000000000004
40.5
43.800000000000004
31.8
97.7
36.4
85.4
125.4
60.2
98.7
106.0
25.700000000000003
23.8
42.6
111.60000000000001
14.0
25.8
29.1
13.9
56.0
55.800000000000004
23.0
107.2
23.400000000000002
52.7
30.6
30.6
30.900000000000002
13.600000000000001
30.900000000000002
32.6
39.1
80.5
23.200000000000003
19.3
11.9
38.800000000000004
66.7
58.300000000000004
53.5
48.7
120.60000000000001
47.5
60.5
188.60000000000002
21.400000000000002
55.5
34.5
15.8
20.700000000000003
20.6
117.80000000000001
53.400000000000006
27.3
79.4
82.60000000000001
22.3
36.0
19.200000000000003
31.8
38.300000000000004
41.400000000000006
28.8
96.2
17.0
88.2
23.6
23.200000000000003
25.6
66.3
35.0
25.5
45.1
40.300000000000004
26.3
70.8
42.800000000000004
100.2
46.300000000000004
144.8
19.6
47.300000000000004
43.1
25.200000000000003
100.30000000000001
26.200000000000003
16.8
14.100000000000001
18.0
41.7
54.400000000000006
44.6
217.60000000000002
55.1
71.8
60.0
16.0
54.7
73.5
50.0
81.4
38.0
41.300000000000004
51.400000000000006
92.30000000000001
57.1
30.8
74.10000000000001
45.2
62.7
12.0
14.9
12.700000000000001
51.0
57.6
52.5
57.2
21.5
58.400000000000006
39.800000000000004
34.7
30.6
46.6
26.3
17.2
24.5
45.6
29.200000000000003
32.9
39.800000000000004
33.4
38.5
66.0
65.2
11.9
103.7
56.1
63.7
78.60000000000001
57.900000000000006
50.5
26.8
43.6
169.9
108.60000000000001
94.9
49.5
86.10000000000001
44.1
45.6
27.700000000000003
46.6
70.0
167.4
52.800000000000004
26.3
13.4
21.700000000000003
51.300000000000004
75.4
81.9
15.3
59.0
105.5
18.8
46.300000000000004
29.400000000000002
76.4
41.7
30.900000000000002
82.80000000000001
29.5
46.1
49.7
28.6
73.3
64.7
25.6
9.200000000000001
78.60000000000001
21.700000000000003
135.8
121.5
62.0
33.5
31.200000000000003
28.8
28.3
29.8
42.300000000000004
50.0
46.6
108.30000000000001
26.6
24.700000000000003
60.1
52.800000000000004
101.9
99.5
57.800000000000004
29.5
19.1
33.5
25.3
19.3
51.5
35.9
23.200000000000003
51.400000000000006
48.2
54.6
52.800000000000004
26.3
18.3
51.1
35.9
91.80000000000001
24.5
21.1
39.1
18.3
77.7
39.0
16.8
56.1
37.300000000000004
39.0
75.5
22.3
59.900000000000006
132.70000000000002
30.0
14.700000000000001
49.400000000000006
35.2
235.0
150.70000000000002
36.2
13.700000000000001
16.2
31.8
69.60000000000001
20.1
31.0
37.0
13.3
13.0
36.800000000000004
84.5
23.0
31.900000000000002
47.7
102.60000000000001
36.1
12.9
38.1
21.700000000000003
46.0
51.6
39.5
33.2
19.400000000000002
47.2
19.900000000000002
72.0
41.300000000000004
116.9
24.900000000000002
54.1
20.8
23.1
81.4
95.10000000000001
54.5
106.10000000000001
48.2
24.1
156.10000000000002
70.5
23.6
63.7
66.10000000000001
45.6
21.5
29.400000000000002
85.9
25.8
119.10000000000001
19.6
29.5
113.9
26.400000000000002
105.2
20.900000000000002
31.200000000000003
42.6
59.6
66.8
34.5
69.3
41.0
38.0
36.6
17.1
22.200000000000003
153.5
17.900000000000002
20.900000000000002
85.80000000000001
33.300000000000004
73.10000000000001
23.6
18.0
204.5
62.1
28.1
100.7
37.9
84.80000000000001
72.5
40.6
43.0
20.900000000000002
29.700000000000003
56.6
15.4
32.2
48.7
20.1
20.5
60.1
147.6
107.2
38.6
75.8
54.300000000000004
213.10000000000002
41.300000000000004
20.900000000000002
131.8
108.7
69.3
18.900000000000002
109.7
22.0
49.0
40.300000000000004
16.7
105.30000000000001
78.7
56.400000000000006
47.7
47.2
15.200000000000001
214.5
48.2
25.6
36.300000000000004
42.5
14.600000000000001
32.2
145.5
90.30000000000001
14.5
60.1
30.3
78.5
52.300000000000004
56.7
134.5
70.3
37.1
43.5
36.9
48.5
115.5
51.1
22.1
97.80000000000001
25.8
93.10000000000001
111.7
35.4
39.2
30.6
99.60000000000001
88.60000000000001
57.1
43.7
40.5
59.800000000000004
32.800000000000004
16.2
46.5
117.5
107.2
33.9
40.1
65.0
73.5
25.700000000000003
66.0
76.80000000000001
20.900000000000002
56.2
27.400000000000002
80.80000000000001
61.5
46.5
21.5
47.900000000000006
56.6
29.3
41.6
14.0
47.300000000000004
30.700000000000003
32.300000000000004
155.8
53.900000000000006
22.200000000000003
26.400000000000002
85.5
51.800000000000004
37.300000000000004
49.7
38.900000000000006
24.6
15.700000000000001
105.0
35.7
168.5
43.400000000000006
29.5
25.900000000000002
55.7
33.800000000000004
49.7
217.8
98.60000000000001
23.5
70.2
64.7
18.0
30.6
93.5
48.2
37.1
138.5
25.8
47.2
11.8
46.400000000000006
78.0
72.9
27.8
49.7
26.1
11.600000000000001
68.0
121.60000000000001
29.6
35.300000000000004
50.2
155.60000000000002
91.5
20.0
85.7
34.0
23.200000000000003
59.6
37.2
23.400000000000002
68.2
60.6
29.400000000000002
43.6
37.0
51.0
25.6
22.700000000000003
45.400000000000006
19.900000000000002
30.1
123.7
36.2
32.2
12.3
61.300000000000004
30.700000000000003
71.10000000000001
74.4
30.900000000000002
40.300000000000004
74.7
88.7
58.2
18.3
27.0
21.200000000000003
62.7
52.900000000000006
39.6
23.5
11.3
102.9
16.0
33.2
77.0
48.5
83.80000000000001
24.0
15.700000000000001
34.6
44.400000000000006
30.900000000000002
87.80000000000001
88.2
22.3
39.300000000000004
43.6
40.300000000000004
37.5
26.5
39.300000000000004
22.8
111.30000000000001
38.2
46.2
38.300000000000004
76.10000000000001
40.1
51.5
21.5
43.0
20.900000000000002
26.0
35.5
126.60000000000001
106.9
29.0
82.0
37.6
67.3
38.6
89.4
47.6
57.5
46.1
53.400000000000006
76.9
19.1
20.200000000000003
109.4
46.900000000000006
42.400000000000006
66.10000000000001
81.4
63.0
17.1
131.8
52.5
51.7
55.800000000000004
68.7
123.2
31.1
22.200000000000003
51.6
16.5
19.700000000000003
187.20000000000002
61.900000000000006
155.8
31.6
37.9
42.5
114.5
57.400000000000006
33.2
37.9
19.400000000000002
39.2
25.1
55.1
26.200000000000003
20.900000000000002
108.0
93.4
53.800000000000004
33.0
64.4
53.900000000000006
81.4
36.4
65.3
30.5
65.9
26.0
28.400000000000002
81.10000000000001
19.5
27.6
120.80000000000001
24.700000000000003
19.6
48.6
37.800000000000004
74.5
62.900000000000006
111.60000000000001
16.6
41.800000000000004
154.60000000000002
153.20000000000002
21.700000000000003
23.700000000000003
60.1
64.4
33.0
102.0
24.5
20.3
55.5
66.7
95.5
29.700000000000003
33.0
32.6
81.0
47.5
23.5
22.1
71.8
75.2
34.1
89.10000000000001
35.4
85.80000000000001
46.400000000000006
153.60000000000002
69.0
23.200000000000003
20.900000000000002
95.10000000000001
35.9
109.9
48.0
18.6
29.1
16.2
16.1
24.200000000000003
23.3
30.3
38.900000000000006
35.6
57.1
42.5
29.0
21.8
35.0
24.700000000000003
66.5
50.900000000000006
42.5
21.3
23.700000000000003
59.900000000000006
136.4
35.9
163.3
42.7
69.8
26.200000000000003
22.6
89.5
28.6
21.6
42.400000000000006
57.6
18.8
65.7
44.5
67.60000000000001
22.6
21.400000000000002
85.60000000000001
44.5
25.400000000000002
68.4
121.5
128.9
167.8
29.900000000000002
15.700000000000001
84.80000000000001
19.400000000000002
45.900000000000006
22.700000000000003
68.5
19.400000000000002
30.900000000000002
29.1
62.800000000000004
29.3
34.7
314.90000000000003
22.200000000000003
34.9
13.8
22.400000000000002
55.900000000000006
74.60000000000001
45.900000000000006
54.6
99.60000000000001
54.900000000000006
47.400000000000006
47.1
46.7
14.8
117.30000000000001
12.4
19.3
29.0
32.5
28.200000000000003
20.700000000000003
25.5
24.5
155.4
57.0
63.5
29.8
40.800000000000004
64.5
77.2
54.0
59.400000000000006
33.1
26.700000000000003
29.700000000000003
18.6
84.30000000000001
103.9
17.6
35.800000000000004
15.200000000000001
43.5
47.300000000000004
35.7
39.300000000000004
80.60000000000001
37.7
186.20000000000002
29.0
98.2
17.6
41.6
75.0
34.300000000000004
45.1
61.0
60.6
56.0
27.5
24.6
50.400000000000006
49.800000000000004
57.5
46.300000000000004
87.7
61.2
20.200000000000003
49.5
15.9
46.0
35.4
37.6
24.1
70.3
38.7
21.200000000000003
22.3
34.1
107.0
65.60000000000001
40.300000000000004
16.5
35.1
35.7
58.5
63.0
33.0
50.5
20.400000000000002
102.9
55.6
64.7
58.300000000000004
33.0
62.2
77.2
21.6
33.300000000000004
95.4
45.300000000000004
31.6
52.2
24.700000000000003
22.200000000000003
104.9
95.0
30.5
20.8
48.400000000000006
125.80000000000001
85.60000000000001
36.2
58.7
16.6
57.0
51.400000000000006
136.70000000000002
39.5
22.5
107.7
46.2
85.0
32.300000000000004
32.4
34.0
44.1
56.900000000000006
19.900000000000002
63.900000000000006
40.6
37.0
42.7
41.0
40.6
35.6
13.8
118.30000000000001
33.2
261.6
138.8
71.7
46.5
42.6
31.900000000000002
87.10000000000001
58.300000000000004
19.6
21.900000000000002
24.400000000000002
16.8
16.0
69.10000000000001
18.1
53.0
51.400000000000006
55.7
25.6
67.8
79.2
25.900000000000002
24.900000000000002
35.0
33.5
71.9
57.800000000000004
21.5
104.7
16.5
18.2
30.900000000000002
23.5
49.0
69.8
181.0
47.2
44.1
37.6
17.7
40.2
115.60000000000001
32.800000000000004
26.0
38.5
17.0
43.0
36.7
47.6
30.3
28.200000000000003
31.1
29.8
38.800000000000004
21.900000000000002
65.4
54.800000000000004
30.1
251.4
46.0
38.800000000000004
42.6
74.10000000000001
79.10000000000001
27.200000000000003
18.5
59.300000000000004
45.7
25.6
29.6
22.0
14.100000000000001
20.400000000000002
26.700000000000003
27.0
102.30000000000001
29.200000000000003
78.30000000000001
39.400000000000006
74.3
89.80000000000001
33.4
23.3
109.60000000000001
44.0
107.7
89.5
108.80000000000001
31.5
30.0
54.800000000000004
43.6
38.5
20.3
31.3
39.400000000000006
69.8
59.300000000000004
31.5
81.30000000000001
13.8
96.7
21.700000000000003
50.7
34.7
50.0
17.900000000000002
32.2
41.400000000000006
59.5
35.5
38.5
66.4
37.2
98.10000000000001
85.30000000000001
39.2
61.6
24.0
19.900000000000002
148.0
40.400000000000006
43.7
58.0
55.300000000000004
18.6
74.7
56.300000000000004
21.400000000000002
44.800000000000004
83.30000000000001
40.2
41.300000000000004
164.60000000000002
85.30000000000001
46.7
52.7
54.1
39.5
47.0
27.900000000000002
121.2
28.0
42.6
42.2
36.0
55.7
109.80000000000001
21.400000000000002
18.400000000000002
21.0
30.200000000000003
205.20000000000002
16.1
45.900000000000006
99.60000000000001
114.0
60.300000000000004
95.2
89.30000000000001
95.10000000000001
117.0
103.5
22.3
22.700000000000003
54.300000000000004
54.1
39.400000000000006
50.5
25.3
22.3
47.300000000000004
43.900000000000006
18.8
35.9
14.700000000000001
33.2
70.4
20.200000000000003
48.900000000000006
37.800000000000004
53.1
47.800000000000004
87.30000000000001
89.4
39.0
33.9
16.1
28.3
85.5
73.9
29.900000000000002
39.6
33.7
35.6
30.700000000000003
25.400000000000002
52.5
26.3
22.700000000000003
59.2
16.1
64.3
53.400000000000006
23.900000000000002
197.20000000000002
37.6
81.10000000000001
30.1
31.1
24.8
18.3
48.800000000000004
40.800000000000004
80.4
121.7
52.400000000000006
27.8
59.1
29.400000000000002
49.300000000000004
39.7
58.7
23.6
47.6
71.8
24.3
60.7
54.7
31.400000000000002
25.1
256.8
63.400000000000006
57.7
31.6
54.6
45.6
88.60000000000001
47.1
37.0
75.60000000000001
29.5
19.0
25.5
42.1
27.8
43.7
28.6
21.8
59.400000000000006
58.7
25.400000000000002
34.300000000000004
27.900000000000002
20.6
72.2
33.5
31.700000000000003
20.5
31.700000000000003
21.5
90.80000000000001
20.5
16.900000000000002
26.400000000000002
34.5
47.2
38.400000000000006
17.400000000000002
38.5
51.400000000000006
30.400000000000002
42.5
20.200000000000003
31.1
46.300000000000004
229.3
34.5
167.60000000000002
97.2
80.0
40.2
30.0
82.9
37.5
99.10000000000001
25.0
28.8
26.200000000000003
28.6
84.80000000000001
23.200000000000003
16.3
27.1
65.3
163.3
72.4
50.1
155.3
62.900000000000006
53.900000000000006
73.9
18.1
50.400000000000006
37.9
55.7
40.300000000000004
19.400000000000002
24.900000000000002
52.800000000000004
62.900000000000006
48.1
33.6
47.5
22.5
60.5
58.400000000000006
70.7
30.200000000000003
42.5
48.5
41.1
80.7
20.3
128.20000000000002
54.6
80.30000000000001
87.60000000000001
64.7
33.1
38.2
22.3
36.0
30.400000000000002
67.4
28.200000000000003
29.0
36.6
24.5
69.4
182.70000000000002
49.5
80.9
45.1
49.7
15.200000000000001
81.2
41.800000000000004
92.30000000000001
35.0
17.6
42.6
137.8
27.700000000000003
63.300000000000004
178.10000000000002
21.6
64.0
22.0
35.5
40.6
91.4
37.5
25.5
41.300000000000004
50.2
27.200000000000003
49.1
22.1
21.900000000000002
18.5
41.800000000000004
43.1
39.7
141.20000000000002
41.1
46.0
61.0
32.9
10.600000000000001
18.8
148.5
46.7
54.900000000000006
44.300000000000004
39.7
54.2
20.5
94.10000000000001
23.400000000000002
51.900000000000006
40.300000000000004
17.0
116.9
54.0
44.7
31.6
49.0
52.7
29.0
64.5
35.6
31.0
12.3
67.8
18.2
107.0
13.9
103.30000000000001
78.30000000000001
68.2
33.4
143.8
16.2
127.80000000000001
22.6
30.900000000000002
25.200000000000003
56.2
28.8
39.5
44.5
81.5
66.5
44.400000000000006
39.300000000000004
32.2
49.5
28.0
46.400000000000006
123.80000000000001
34.300000000000004
92.7
82.0
136.9
130.6
46.1
90.10000000000001
160.9
78.9
140.1
45.800000000000004
82.4
19.1
50.400000000000006
45.300000000000004
224.10000000000002
44.1
21.8
37.9
63.1
53.6
36.1
67.9
67.3
31.6
104.30000000000001
14.100000000000001
80.10000000000001
43.300000000000004
26.200000000000003
65.2
35.0
36.5
54.5
17.400000000000002
85.30000000000001
21.5
30.200000000000003
33.7
65.7
21.700000000000003
25.6
27.400000000000002
53.400000000000006
21.900000000000002
200.20000000000002
56.400000000000006
83.2
19.200000000000003
111.7
59.2
46.0
33.6
71.10000000000001
29.1
14.9
29.1
75.10000000000001
14.600000000000001
122.60000000000001
83.60000000000001
34.300000000000004
38.5
70.10000000000001
24.1
31.200000000000003
112.5
162.10000000000002
19.900000000000002
26.200000000000003
12.100000000000001
132.5
43.800000000000004
16.5
58.400000000000006
58.6
26.5
58.6
63.900000000000006
113.5
27.6
45.1
20.6
61.900000000000006
35.300000000000004
35.800000000000004
32.4
60.2
69.8
115.60000000000001
21.700000000000003
99.80000000000001
21.900000000000002
35.800000000000004
42.1
32.2
127.10000000000001
152.0
57.800000000000004
15.3
53.2
37.6
45.2
25.700000000000003
79.10000000000001
26.900000000000002
28.3
20.400000000000002
43.2
72.5
26.1
38.2
78.4
28.6
75.7
23.0
65.60000000000001
34.1
30.200000000000003
127.0
39.300000000000004
93.10000000000001
84.60000000000001
42.800000000000004
124.10000000000001
37.1
35.4
99.7
69.7
81.80000000000001
27.8
64.10000000000001
20.700000000000003
22.200000000000003
27.5
67.2
61.800000000000004
13.8
43.7
43.6
45.5
35.0
76.9
32.6
20.400000000000002
24.5
14.200000000000001
49.1
39.0
32.6
60.5
30.700000000000003
133.4
43.1
77.0
48.0
99.2
57.900000000000006
73.10000000000001
30.400000000000002
82.9
60.300000000000004
134.3
15.8
14.9
49.0
15.700000000000001
34.300000000000004
111.60000000000001
130.3
208.9
18.6
27.200000000000003
93.30000000000001
37.6
49.6
16.2
107.30000000000001
31.0
28.400000000000002
45.900000000000006
47.7
112.7
17.6
74.5
38.300000000000004
148.9
33.800000000000004
36.9
25.6
156.8
71.4
56.7
228.3
32.5
19.200000000000003
41.800000000000004
31.400000000000002
48.400000000000006
20.400000000000002
38.2
28.8
44.1
66.2
89.60000000000001
99.4
112.4
82.80000000000001
25.0
141.4
26.6
59.2
26.5
41.800000000000004
46.300000000000004
16.900000000000002
20.900000000000002
61.0
14.200000000000001
44.400000000000006
24.3
48.6
41.800000000000004
19.3
31.3
36.6
42.400000000000006
47.800000000000004
30.0
13.5
47.1
86.80000000000001
41.900000000000006
37.300000000000004
43.6
42.0
21.200000000000003
37.9
30.8
104.30000000000001
41.0
18.0
12.5
20.900000000000002
18.0
100.2
26.700000000000003
109.5
127.2
91.10000000000001
87.30000000000001
33.5
31.5
35.800000000000004
45.900000000000006
16.6
24.5
31.0
32.0
22.1
104.60000000000001
51.2
48.300000000000004
19.0
32.7
37.1
147.5
44.300000000000004
31.6
49.1
36.300000000000004
12.0
90.2
36.5
41.900000000000006
33.1
41.7
16.7
26.400000000000002
52.0
16.7
22.5
50.900000000000006
19.3
38.900000000000006
30.5
98.0
45.0
120.9
35.6
22.200000000000003
46.900000000000006
17.1
97.30000000000001
50.2
142.4
34.2
23.400000000000002
22.1
55.400000000000006
38.6
19.3
41.7
30.5
62.6
44.900000000000006
84.60000000000001
22.400000000000002
21.8
19.5
119.0
40.800000000000004
61.2
35.800000000000004
55.1
15.700000000000001
43.0
82.7
57.7
41.400000000000006
102.0
32.9
40.1
78.60000000000001
15.8
30.8
16.900000000000002
11.100000000000001
35.7
289.8
28.0
50.800000000000004
50.6
76.2
43.7
61.900000000000006
89.4
30.900000000000002
25.1
92.9
53.300000000000004
60.0
37.4
52.900000000000006
25.1
36.800000000000004
253.0
14.4
45.300000000000004
15.0
77.60000000000001
66.5
30.0
42.800000000000004
48.0
39.0
93.30000000000001
24.0
127.30000000000001
25.6
45.6
123.2
22.400000000000002
39.0
60.5
126.60000000000001
17.0
58.0
36.800000000000004
35.7
16.400000000000002
60.900000000000006
24.8
107.60000000000001
186.20000000000002
79.0
29.8
40.6
46.5
45.800000000000004
28.700000000000003
38.1
20.700000000000003
34.1
39.5
22.900000000000002
33.800000000000004
30.0
22.6
69.2
40.400000000000006
32.2
33.6
40.800000000000004
136.8
78.30000000000001
28.5
168.70000000000002
29.1
15.4
46.900000000000006
88.7
12.200000000000001
50.5
147.6
77.5
21.900000000000002
19.200000000000003
143.0
12.5
55.1
66.0
20.6
131.5
19.5
43.2
118.10000000000001
13.3
50.900000000000006
51.6
32.800000000000004
99.7
30.700000000000003
29.5
85.5
20.3
56.5
24.900000000000002
37.0
13.5
26.400000000000002
103.4
48.900000000000006
31.3
44.1
24.0
38.800000000000004
35.6
53.7
63.0
19.700000000000003
54.7
44.7
29.1
43.1
135.9
45.2
35.5
38.800000000000004
19.6
35.7
16.400000000000002
41.1
41.6
70.60000000000001
69.7
30.8
19.700000000000003
33.2
50.5
30.200000000000003
46.900000000000006
94.4
66.2
135.5
14.5
68.10000000000001
58.2
34.1
32.2
28.8
55.7
52.400000000000006
47.900000000000006
27.5
140.1
19.3
116.7
36.300000000000004
114.80000000000001
112.9
31.6
283.5
85.2
26.5
31.900000000000002
24.3
23.6
144.5
36.1
59.300000000000004
22.1
68.2
46.800000000000004
21.0
113.2
23.6
63.7
28.400000000000002
44.400000000000006
137.3
30.700000000000003
48.800000000000004
55.900000000000006
68.3
34.800000000000004
26.400000000000002
29.200000000000003
65.4
8.700000000000001
89.30000000000001
39.6
21.0
19.5
91.30000000000001
59.6
23.700000000000003
84.9
45.7
29.200000000000003
46.2
69.9
60.300000000000004
65.8
40.0
42.7
144.5
20.5
90.0
33.1
41.800000000000004
21.900000000000002
50.6
24.1
15.200000000000001
54.900000000000006
26.1
24.400000000000002
56.0
26.900000000000002
53.400000000000006
21.700000000000003
33.1
130.9
47.300000000000004
53.5
32.1
34.7
22.700000000000003
87.80000000000001
16.900000000000002
38.900000000000006
76.60000000000001
38.2
52.900000000000006
37.1
29.700000000000003
15.700000000000001
25.3
68.9
177.0
127.5
78.30000000000001
54.1
212.3
58.5
111.5
32.800000000000004
63.800000000000004
74.3
163.5
22.1
16.3
90.4
41.900000000000006
55.2
46.5
34.2
23.1
47.2
55.400000000000006
66.9
50.5
52.5
63.0
152.0
20.1
73.4
227.0
31.8
18.900000000000002
12.4
39.400000000000006
23.900000000000002
85.80000000000001
155.8
120.80000000000001
22.8
42.0
42.2
16.5
20.6
45.5
30.3
74.0
110.2
27.700000000000003
54.6
24.0
125.30000000000001
91.9
39.900000000000006
74.2
19.400000000000002
45.400000000000006
29.5
27.8
68.10000000000001
25.8
36.4
30.0
50.0
24.8
57.7
49.400000000000006
45.5
55.400000000000006
19.400000000000002
31.6
37.300000000000004
63.900000000000006
20.8
69.10000000000001
29.0
38.900000000000006
22.5
52.800000000000004
22.0
30.8
65.5
44.300000000000004
33.7
41.5
102.5
38.6
27.400000000000002
13.3
46.2
66.7
45.0
21.900000000000002
20.6
40.800000000000004
51.800000000000004
33.9
20.1
62.0
34.6
28.200000000000003
85.7
13.5
49.5
65.60000000000001
87.80000000000001
19.5
33.6
42.400000000000006
51.7
41.5
32.0
33.4
77.30000000000001
43.7
31.6
231.8
41.6
60.2
14.600000000000001
14.8
170.3
28.200000000000003
83.5
40.800000000000004
34.300000000000004
19.200000000000003
31.6
26.700000000000003
48.5
21.3
46.800000000000004
73.0
27.700000000000003
43.5
12.700000000000001
50.2
87.9
31.400000000000002
32.0
57.900000000000006
89.5
68.3
56.2
68.8
112.5
52.2
56.900000000000006
48.300000000000004
41.5
27.5
71.3
46.400000000000006
99.80000000000001
35.9
173.60000000000002
62.7
66.7
24.3
21.0
101.7
58.2
24.3
48.7
20.8
11.3
21.900000000000002
179.3
84.80000000000001
74.10000000000001
11.5
74.2
49.5
25.400000000000002
29.700000000000003
16.6
50.2
11.5
85.4
71.4
30.6
94.4
48.1
168.5
127.10000000000001
27.8
199.5
32.1
25.5
14.9
59.0
39.400000000000006
16.900000000000002
66.7
30.3
50.6
23.900000000000002
38.2
26.200000000000003
166.60000000000002
16.900000000000002
63.6
111.80000000000001
18.8
229.8
47.0
30.200000000000003
31.400000000000002
46.7
88.30000000000001
22.5
75.0
25.8
71.60000000000001
44.5
113.30000000000001
32.6
14.4
19.5
57.7
74.5
99.5
88.60000000000001
19.6
81.0
24.6
172.10000000000002
23.8
104.30000000000001
103.10000000000001
9.8
24.5
67.9
52.2
32.7
71.9
127.60000000000001
49.0
37.300000000000004
19.5
127.9
54.400000000000006
21.5
216.5
20.200000000000003
134.70000000000002
27.5
23.6
108.0
279.6
16.0
46.0
34.9
86.80000000000001
36.5
25.5
25.5
94.30000000000001
45.300000000000004
42.0
22.900000000000002
62.6
108.5
95.30000000000001
84.2
52.900000000000006
30.3
66.60000000000001
22.8
23.400000000000002
36.7
19.900000000000002
80.9
18.400000000000002
20.900000000000002
43.300000000000004
51.5
69.60000000000001
56.6
37.0
25.1
28.900000000000002
84.9
15.600000000000001
11.100000000000001
30.0
45.7
47.900000000000006
61.300000000000004
17.900000000000002
89.2
40.5
37.4
28.900000000000002
39.1
35.2
49.7
14.8
66.7
64.4
32.4
26.400000000000002
38.400000000000006
63.5
78.60000000000001
20.3
47.0
108.80000000000001
96.5
18.900000000000002
49.7
34.1
37.4
45.400000000000006
96.9
38.2
116.4
78.80000000000001
43.7
24.400000000000002
42.6
81.80000000000001
106.30000000000001
86.10000000000001
26.3
103.9
79.5
51.400000000000006
25.5
24.400000000000002
75.60000000000001
28.400000000000002
91.80000000000001
33.7
49.400000000000006
40.300000000000004
39.7
44.2
33.800000000000004
25.3
18.2
28.400000000000002
86.60000000000001
28.400000000000002
29.3
22.6
39.0
31.6
53.800000000000004
84.4
38.300000000000004
35.4
60.2
143.9
15.0
11.600000000000001
81.80000000000001
17.5
66.0
24.3
23.5
52.800000000000004
40.400000000000006
64.10000000000001
18.5
91.7
66.10000000000001
94.60000000000001
26.900000000000002
68.2
40.400000000000006
129.0
39.5
28.200000000000003
79.2
110.60000000000001
37.4
33.1
161.60000000000002
49.800000000000004
42.6
25.0
19.3
48.5
136.6
65.9
41.400000000000006
24.5
66.4
56.1
37.4
52.7
27.700000000000003
28.700000000000003
201.8
63.900000000000006
132.4
34.7
44.800000000000004
38.2
24.6
59.2
15.600000000000001
84.9
56.2
16.1
90.9
81.80000000000001
24.0
48.900000000000006
38.6
26.0
89.30000000000001
62.300000000000004
18.5
49.300000000000004
89.30000000000001
37.9
53.7
54.7
12.9
75.0
58.0
69.7
51.1
22.700000000000003
142.8
41.300000000000004
22.700000000000003
104.30000000000001
23.5
19.200000000000003
48.800000000000004
36.4
30.0
20.0
36.2
200.0
16.0
118.80000000000001
20.200000000000003
32.300000000000004
85.7
53.2
26.700000000000003
99.4
91.10000000000001
56.2
131.6
20.200000000000003
33.800000000000004
54.400000000000006
96.7
105.60000000000001
20.3
31.5
40.5
100.2
102.80000000000001
57.1
64.9
107.9
13.200000000000001
44.1
47.2
34.4
29.900000000000002
54.300000000000004
34.1
23.400000000000002
45.0
26.900000000000002
16.1
32.4
117.30000000000001
36.7
58.1
81.0
65.9
12.4
30.0
21.900000000000002
21.700000000000003
51.6
55.900000000000006
49.900000000000006
28.0
47.5
131.20000000000002
45.2
53.300000000000004
40.1
73.3
55.5
30.200000000000003
25.0
68.4
47.7
15.700000000000001
33.1
21.700000000000003
26.900000000000002
20.3
38.300000000000004
42.7
37.2
28.200000000000003
102.4
35.0
13.4
28.0
58.300000000000004
45.400000000000006
65.60000000000001
124.2
78.9
57.1
132.1
63.7
36.2
127.0
21.200000000000003
78.4
90.30000000000001
20.5
31.1
200.60000000000002
42.7
128.20000000000002
43.7
16.3
19.700000000000003
89.4
25.6
50.7
22.900000000000002
41.1
25.8
41.1
78.7
39.0
97.60000000000001
10.9
55.800000000000004
73.5
39.1
34.4
47.6
25.900000000000002
182.60000000000002
19.200000000000003
66.3
109.60000000000001
77.30000000000001
61.800000000000004
55.1
37.5
32.7
56.400000000000006
42.400000000000006
26.6
36.6
14.9
63.800000000000004
43.300000000000004
32.1
186.70000000000002
35.0
41.6
110.9
107.80000000000001
29.3
91.9
62.2
25.8
21.700000000000003
39.2
32.9
36.6
34.4
13.9
51.6
68.9
15.8
21.6
54.400000000000006
72.7
20.200000000000003
24.0
33.800000000000004
39.800000000000004
68.3
35.4
28.1
65.4
74.5
21.700000000000003
70.8
204.70000000000002
95.80000000000001
98.9
23.400000000000002
55.1
65.4
35.2
11.200000000000001
18.900000000000002
88.80000000000001
59.400000000000006
53.6
25.0
41.0
20.0
50.0
22.400000000000002
58.7
41.6
221.5
24.700000000000003
69.2
63.7
37.4
96.80000000000001
37.0
31.3
16.400000000000002
18.2
13.700000000000001
48.800000000000004
17.6
42.300000000000004
11.5
78.30000000000001
52.300000000000004
40.0
36.5
37.2
39.2
53.6
10.100000000000001
96.80000000000001
226.3
34.300000000000004
43.400000000000006
87.7
30.8
41.800000000000004
32.7
57.400000000000006
89.5
45.7
53.7
65.9
37.1
29.5
24.5
24.1
28.6
108.7
19.200000000000003
52.800000000000004
19.3
41.6
35.6
127.60000000000001
68.8
85.80000000000001
14.700000000000001
31.8
35.6
44.0
47.800000000000004
105.9
62.400000000000006
48.6
24.200000000000003
171.60000000000002
72.10000000000001
87.4
24.200000000000003
26.0
29.3
47.5
12.8
33.300000000000004
11.700000000000001
53.0
28.6
106.0
31.5
27.5
27.3
58.2
28.6
25.6
60.900000000000006
48.400000000000006
13.5
60.7
41.2
82.9
51.900000000000006
19.900000000000002
63.1
63.0
32.300000000000004
66.9
33.5
23.900000000000002
47.6
47.400000000000006
19.1
42.2
48.7
35.2
35.5
66.9
29.200000000000003
148.8
56.900000000000006
39.0
23.400000000000002
47.7
31.6
28.200000000000003
41.400000000000006
154.9
20.400000000000002
135.1
16.7
22.1
40.7
39.7
111.4
30.900000000000002
26.5
18.3
38.300000000000004
67.4
25.900000000000002
37.4
21.8
22.8
9.9
54.300000000000004
18.7
23.8
19.400000000000002
45.900000000000006
24.900000000000002
39.300000000000004
25.900000000000002
73.2
35.9
48.5
37.1
49.400000000000006
25.3
79.80000000000001
158.8
29.900000000000002
59.6
98.4
50.2
98.9
99.0
56.5
26.900000000000002
35.2
96.80000000000001
30.3
27.0
16.400000000000002
46.300000000000004
43.300000000000004
21.3
107.4
43.2
27.700000000000003
143.6
59.0
61.900000000000006
39.2
43.0
83.4
62.6
107.0
156.70000000000002
48.6
65.8
44.900000000000006
21.6
46.7
57.0
53.300000000000004
145.1
33.9
69.7
28.900000000000002
38.6
49.0
52.2
21.0
27.0
26.700000000000003
119.9
129.6
115.10000000000001
86.0
51.2
18.0
123.4
19.5
52.7
21.0
16.900000000000002
21.0
86.5
55.900000000000006
27.200000000000003
25.6
51.1
20.900000000000002
46.5
32.0
31.1
145.4
75.8
20.5
15.9
26.200000000000003
15.700000000000001
201.8
150.1
37.1
26.400000000000002
39.300000000000004
26.900000000000002
17.1
29.700000000000003
12.600000000000001
79.2
32.4
57.400000000000006
54.5
19.5
53.0
67.5
60.400000000000006
18.6
58.6
23.0
19.1
38.300000000000004
62.1
18.3
14.4
21.400000000000002
37.300000000000004
47.2
10.700000000000001
104.7
18.0
137.3
62.1
48.1
152.9
12.4
53.300000000000004
88.2
36.4
22.6
30.700000000000003
57.800000000000004
47.6
43.1
28.700000000000003
114.0
164.20000000000002
59.300000000000004
23.200000000000003
42.7
35.1
65.8
43.1
16.7
54.400000000000006
40.5
25.200000000000003
96.7
133.20000000000002
24.8
59.800000000000004
52.7
39.400000000000006
72.5
61.1
51.1
14.200000000000001
101.60000000000001
147.6
26.400000000000002
61.6
67.9
289.6
32.4
29.0
80.10000000000001
47.7
104.7
44.900000000000006
49.5
27.3
117.2
33.0
81.0
61.2
33.5
171.9
49.7
34.800000000000004
79.7
17.400000000000002
22.200000000000003
38.5
22.3
47.6
97.7
38.5
47.0
38.900000000000006
46.7
33.9
12.8
16.900000000000002
72.0
69.7
102.2
92.80000000000001
52.400000000000006
18.400000000000002
25.200000000000003
21.3
82.7
28.8
78.4
27.400000000000002
92.0
41.2
48.5
54.0
23.3
22.3
16.6
68.4
37.6
49.5
35.2
44.1
34.7
53.900000000000006
79.80000000000001
49.2
90.60000000000001
41.5
72.5
36.800000000000004
35.0
27.5
67.0
47.300000000000004
183.9
36.300000000000004
57.6
95.9
19.200000000000003
28.900000000000002
63.300000000000004
53.6
54.300000000000004
58.300000000000004
26.900000000000002
26.400000000000002
34.6
60.800000000000004
35.2
57.5
31.1
39.2
27.400000000000002
43.1
77.30000000000001
35.1
38.400000000000006
47.300000000000004
46.7
115.9
24.5
29.3
81.10000000000001
47.5
45.5
18.6
26.900000000000002
60.800000000000004
32.2
49.6
68.8
39.7
50.800000000000004
29.5
65.4
44.6
39.300000000000004
43.300000000000004
65.9
26.3
56.300000000000004
40.7
61.5
75.10000000000001
77.10000000000001
83.60000000000001
186.70000000000002
92.10000000000001
60.6
134.4
36.800000000000004
129.5
32.2
91.4
94.80000000000001
93.4
30.5
63.7
29.1
21.5
34.1
98.80000000000001
20.1
63.300000000000004
25.8
49.1
52.800000000000004
115.9
91.30000000000001
13.100000000000001
206.10000000000002
150.20000000000002
86.9
47.900000000000006
19.0
46.900000000000006
109.4
61.1
46.5
176.0
69.7
46.2
62.900000000000006
113.60000000000001
37.4
65.9
28.6
61.300000000000004
30.3
67.8
27.8
31.5
55.7
67.7
24.3
145.5
14.600000000000001
41.5
29.5
100.2
37.0
59.7
40.0
28.900000000000002
41.7
39.800000000000004
34.800000000000004
50.0
76.9
63.2
40.300000000000004
18.5
199.20000000000002
72.2
119.0
26.200000000000003
67.9
46.300000000000004
22.0
48.5
90.80000000000001
18.6
23.900000000000002
69.9
66.9
15.200000000000001
26.8
17.5
67.4
59.900000000000006
24.5
145.70000000000002
39.7
71.5
50.300000000000004
20.900000000000002
37.2
28.400000000000002
19.1
21.700000000000003
24.8
28.0
79.7
37.2
63.1
92.30000000000001
19.0
55.800000000000004
24.900000000000002
92.5
99.30000000000001
156.4
56.900000000000006
43.7
32.5
36.2
37.9
194.5
43.800000000000004
45.6
27.1
38.7
55.800000000000004
91.5
48.5
45.5
114.7
53.1
27.700000000000003
127.9
60.400000000000006
42.400000000000006
71.4
28.5
123.5
80.0
19.5
43.6
36.4
83.0
22.1
28.0
29.200000000000003
93.4
25.8
30.5
68.7
43.6
23.200000000000003
52.300000000000004
123.7
16.400000000000002
34.6
24.700000000000003
26.1
54.900000000000006
34.800000000000004
13.0
57.1
37.9
17.3
67.10000000000001
16.5
130.3
12.3
73.9
38.7
69.2
60.300000000000004
28.6
19.0
32.6
158.60000000000002
51.800000000000004
18.6
25.3
40.5
75.7
79.4
33.7
20.8
44.800000000000004
61.0
84.60000000000001
24.5
108.9
218.70000000000002
32.1
44.800000000000004
19.5
59.7
25.400000000000002
44.0
33.2
31.5
39.7
20.8
30.5
55.900000000000006
37.1
20.3
44.900000000000006
21.700000000000003
53.6
41.5
49.1
53.2
26.400000000000002
29.700000000000003
35.6
67.9
56.6
95.2
92.7
70.2
19.5
31.900000000000002
41.300000000000004
10.9
79.2
48.5
38.900000000000006
32.300000000000004
36.2
111.9
32.6
14.0
88.5
12.9
20.1
22.0
67.7
37.7
36.9
70.9
39.1
21.6
24.200000000000003
42.1
38.5
87.80000000000001
31.3
163.70000000000002
115.2
42.1
24.6
34.2
57.1
33.5
26.200000000000003
39.5
71.0
226.60000000000002
16.1
156.20000000000002
72.2
20.900000000000002
22.1
28.6
30.6
108.2
16.5
13.8
61.2
42.0
52.900000000000006
192.10000000000002
79.7
21.200000000000003
23.5
29.0
51.7
34.5
45.2
52.900000000000006
49.1
35.9
85.7
8.9
22.200000000000003
37.7
35.0
26.8
15.3
29.700000000000003
75.10000000000001
108.30000000000001
16.8
31.700000000000003
26.5
76.9
28.3
91.30000000000001
97.10000000000001
58.5
53.7
58.2
23.5
63.2
30.0
35.800000000000004
22.900000000000002
35.2
75.60000000000001
80.9
104.0
17.400000000000002
147.1
47.900000000000006
98.60000000000001
24.3
51.1
28.6
20.900000000000002
28.5
37.300000000000004
49.400000000000006
87.30000000000001
64.8
28.8
32.9
118.80000000000001
22.1
219.10000000000002
60.900000000000006
66.8
78.7
64.9
55.5
86.0
18.0
57.800000000000004
43.300000000000004
71.8
30.3
17.1
22.900000000000002
17.900000000000002
38.7
85.2
222.20000000000002
30.6
19.5
18.1
12.5
45.2
44.900000000000006
55.300000000000004
24.200000000000003
36.7
34.7
43.400000000000006
27.6
35.300000000000004
106.9
24.0
32.2
125.2
42.6
35.6
30.5
16.0
29.700000000000003
96.10000000000001
89.2
36.9
20.6
25.1
252.5
232.9
18.6
48.7
38.1
11.9
178.5
25.1
17.2
111.0
46.2
34.2
71.7
70.5
108.2
87.7
79.9
54.2
28.3
25.400000000000002
33.9
20.0
28.700000000000003
51.900000000000006
19.200000000000003
50.400000000000006
39.0
25.6
28.700000000000003
73.4
63.7
56.300000000000004
115.10000000000001
95.5
68.10000000000001
19.900000000000002
24.1
12.0
42.7
131.5
29.3
30.3
36.800000000000004
61.400000000000006
76.60000000000001
33.300000000000004
92.9
48.5
69.5
31.5
17.400000000000002
54.1
46.5
230.10000000000002
100.30000000000001
49.0
73.5
47.400000000000006
79.7
67.5
48.300000000000004
60.300000000000004
143.6
141.1
56.7
135.9
53.7
31.400000000000002
55.0
24.200000000000003
48.7
26.900000000000002
47.0
53.800000000000004
28.3
92.5
17.0
49.900000000000006
182.20000000000002
40.5
70.5
142.0
43.2
130.8
54.2
86.10000000000001
20.700000000000003
234.3
39.400000000000006
47.300000000000004
31.900000000000002
21.400000000000002
120.30000000000001
12.9
72.0
54.7
23.5
88.10000000000001
67.8
40.6
15.4
152.70000000000002
31.1
11.9
15.3
43.800000000000004
67.60000000000001
62.400000000000006
53.0
52.400000000000006
39.2
39.7
24.1
33.0
245.3
73.7
20.6
33.300000000000004
35.9
55.800000000000004
43.900000000000006
39.400000000000006
129.3
47.900000000000006
61.400000000000006
102.7
45.2
49.400000000000006
48.800000000000004
48.300000000000004
140.0
28.900000000000002
31.400000000000002
37.4
34.1
41.900000000000006
67.8
29.6
13.100000000000001
64.0
28.3
50.0
31.5
43.5
23.1
20.0
31.5
52.5
42.2
54.800000000000004
29.400000000000002
32.7
45.7
66.0
12.9
104.9
77.60000000000001
24.0
35.6
43.1
167.70000000000002
40.400000000000006
24.400000000000002
35.800000000000004
61.2
62.0
59.400000000000006
115.30000000000001
58.900000000000006
14.200000000000001
177.0
48.300000000000004
30.700000000000003
11.700000000000001
75.7
66.7
50.0
42.6
97.10000000000001
28.6
55.2
37.1
39.2
23.8
58.800000000000004
39.6
18.5
27.200000000000003
57.400000000000006
45.5
57.0
33.5
24.700000000000003
39.300000000000004
73.10000000000001
49.2
23.8
23.1
38.900000000000006
40.1
16.900000000000002
19.6
54.5
100.30000000000001
32.1
37.1
15.600000000000001
22.3
28.400000000000002
22.200000000000003
34.4
45.800000000000004
30.200000000000003
109.2
23.3
21.400000000000002
91.5
27.400000000000002
28.1
87.4
21.900000000000002
27.700000000000003
30.400000000000002
35.2
51.6
56.300000000000004
57.400000000000006
30.3
134.8
29.6
73.8
59.900000000000006
31.1
42.6
26.1
11.9
25.900000000000002
77.9
62.300000000000004
23.3
40.800000000000004
31.1
52.300000000000004
20.5
47.800000000000004
58.0
61.1
70.5
50.6
24.400000000000002
34.1
86.4
36.300000000000004
28.3
27.8
20.900000000000002
49.900000000000006
22.5
20.900000000000002
48.1
23.5
27.700000000000003
28.6
27.400000000000002
43.2
31.0
41.6
45.400000000000006
34.2
50.1
26.5
29.6
37.4
48.900000000000006
37.6
27.1
50.6
84.60000000000001
40.7
55.800000000000004
25.900000000000002
54.400000000000006
19.900000000000002
87.2
40.0
32.4
46.7
32.4
33.1
12.100000000000001
61.2
110.80000000000001
36.6
241.20000000000002
21.400000000000002
155.0
262.5
85.10000000000001
44.2
38.5
22.900000000000002
37.2
26.0
53.2
49.1
43.800000000000004
38.5
42.6
16.2
15.8
75.2
56.0
49.400000000000006
79.4
120.4
52.6
57.400000000000006
37.1
15.0
29.0
15.700000000000001
73.8
78.5
85.10000000000001
77.4
57.0
15.200000000000001
30.400000000000002
24.5
28.700000000000003
21.5
19.5
37.6
56.1
43.400000000000006
119.30000000000001
33.7
24.8
21.1
23.3
26.8
44.5
40.800000000000004
54.800000000000004
31.200000000000003
100.9
97.7
78.30000000000001
18.900000000000002
15.3
69.0
60.2
18.0
19.6
15.8
61.900000000000006
35.5
43.400000000000006
26.700000000000003
60.2
61.400000000000006
17.400000000000002
120.4
19.900000000000002
20.0
95.9
75.4
37.6
18.400000000000002
27.6
9.4
17.0
63.7
53.800000000000004
20.700000000000003
45.6
111.2
59.1
54.6
54.0
37.1
57.5
78.30000000000001
219.3
61.1
28.6
39.6
12.700000000000001
44.300000000000004
32.9
43.7
28.6
99.7
34.7
56.300000000000004
48.2
116.60000000000001
49.300000000000004
45.6
28.8
16.900000000000002
27.900000000000002
50.900000000000006
59.400000000000006
54.0
70.9
48.300000000000004
21.900000000000002
20.200000000000003
28.8
39.400000000000006
39.5
23.400000000000002
32.300000000000004
71.2
17.3
36.0
42.2
58.0
54.2
39.7
46.300000000000004
48.2
17.7
96.2
45.7
55.800000000000004
29.900000000000002
55.2
27.400000000000002
31.200000000000003
27.0
90.0
23.0
14.0
43.900000000000006
43.400000000000006
34.800000000000004
18.5
18.400000000000002
67.60000000000001
13.3
76.5
42.900000000000006
147.1
47.1
73.0
46.900000000000006
45.0
23.8
134.5
133.5
27.6
108.0
44.900000000000006
98.30000000000001
139.8
19.5
32.6
57.300000000000004
33.800000000000004
13.100000000000001
24.8
25.3
162.9
82.0
85.5
59.0
58.300000000000004
154.3
43.7
23.700000000000003
36.4
22.1
21.900000000000002
213.9
37.800000000000004
118.60000000000001
218.70000000000002
28.6
71.60000000000001
34.5
73.10000000000001
138.6
64.7
40.0
52.400000000000006
69.7
42.1
47.7
99.9
62.0
107.7
35.4
25.700000000000003
20.5
93.0
30.200000000000003
61.300000000000004
20.700000000000003
97.4
55.0
19.200000000000003
123.4
21.3
156.70000000000002
137.70000000000002
92.0
19.900000000000002
43.800000000000004
27.0
25.5
33.2
76.9
31.3
30.400000000000002
106.10000000000001
73.9
30.1
29.400000000000002
42.2
85.7
54.900000000000006
20.200000000000003
62.400000000000006
70.60000000000001
159.8
30.1
34.800000000000004
31.900000000000002
31.700000000000003
26.0
64.4
25.0
59.800000000000004
21.3
196.9
22.200000000000003
65.0
42.5
24.1
30.6
37.1
38.1
34.6
24.1
23.900000000000002
34.6
79.0
36.800000000000004
99.7
80.10000000000001
126.0
18.400000000000002
31.8
26.8
17.0
58.400000000000006
151.1
56.2
133.20000000000002
14.9
20.700000000000003
10.700000000000001
48.0
43.1
45.800000000000004
27.5
32.7
65.4
63.5
54.800000000000004
107.30000000000001
101.10000000000001
31.400000000000002
16.8
28.0
98.60000000000001
53.6
19.0
97.2
74.9
28.0
70.5
45.300000000000004
46.0
57.400000000000006
24.400000000000002
75.2
28.8
117.2
33.800000000000004
42.0
22.0
32.800000000000004
32.5
105.80000000000001
31.400000000000002
36.300000000000004
72.0
63.2
48.5
86.80000000000001
27.8
46.300000000000004
91.10000000000001
174.10000000000002
31.400000000000002
140.4
22.5
48.2
53.400000000000006
100.80000000000001
58.7
37.4
24.700000000000003
24.8
20.5
35.5
110.2
130.1
82.5
39.800000000000004
60.6
78.60000000000001
55.900000000000006
22.700000000000003
34.7
33.0
130.6
37.800000000000004
30.1
25.200000000000003
18.0
17.7
19.900000000000002
28.5
63.6
27.6
28.0
46.800000000000004
46.7
55.0
56.6
80.4
60.5
77.2
20.1
115.0
115.5
54.900000000000006
17.5
19.400000000000002
42.1
236.20000000000002
33.0
21.700000000000003
60.900000000000006
49.400000000000006
24.200000000000003
33.800000000000004
24.900000000000002
61.800000000000004
40.400000000000006
23.8
31.900000000000002
47.800000000000004
37.1
48.0
60.5
40.5
37.1
105.9
51.2
50.1
51.2
49.5
39.800000000000004
20.3
27.1
17.2
70.7
25.700000000000003
75.9
31.200000000000003
32.7
85.10000000000001
32.1
53.5
42.5
28.400000000000002
60.6
50.6
59.300000000000004
141.5
66.60000000000001
25.1
38.5
44.400000000000006
22.6
72.4
65.2
115.2
17.400000000000002
91.0
29.6
21.0
43.2
61.300000000000004
64.2
37.800000000000004
62.300000000000004
84.5
26.3
72.4
37.5
24.400000000000002
66.7
68.5
59.0
18.2
25.700000000000003
20.3
38.6
59.0
25.1
20.5
43.7
117.60000000000001
41.5
60.1
23.0
26.3
23.700000000000003
16.8
84.7
22.700000000000003
68.3
28.3
24.6
55.6
64.60000000000001
50.2
79.2
25.1
134.3
35.800000000000004
89.5
59.300000000000004
60.300000000000004
11.700000000000001
70.2
24.0
49.7
19.200000000000003
16.1
104.10000000000001
62.2
42.5
24.3
18.6
22.1
71.0
21.6
54.1
104.80000000000001
133.3
22.200000000000003
31.200000000000003
53.2
112.5
71.2
63.7
77.2
17.8
36.4
28.400000000000002
13.5
28.900000000000002
241.9
43.900000000000006
92.5
55.6
54.800000000000004
52.5
79.10000000000001
25.0
18.3
99.5
28.0
51.7
174.0
88.2
37.1
84.5
37.9
44.300000000000004
39.300000000000004
31.200000000000003
49.5
60.6
65.8
27.0
54.900000000000006
99.10000000000001
49.5
31.8
29.200000000000003
44.1
44.900000000000006
84.5
30.900000000000002
230.20000000000002
84.0
91.30000000000001
25.700000000000003
77.0
26.0
34.2
37.800000000000004
34.5
49.5
49.400000000000006
49.900000000000006
32.1
32.5
128.3
71.7
100.5
40.7
56.900000000000006
57.800000000000004
48.6
27.6
32.300000000000004
25.700000000000003
27.0
33.4
26.400000000000002
40.300000000000004
56.900000000000006
34.800000000000004
263.0
437.40000000000003
66.7
41.2
32.0
73.7
20.8
30.200000000000003
35.6
15.9
54.7
113.2
19.5
35.1
40.2
20.400000000000002
192.0
30.3
45.400000000000006
31.900000000000002
67.2
85.0
55.5
28.5
18.3
36.800000000000004
41.1
78.30000000000001
47.6
60.5
119.10000000000001
35.9
14.4
73.10000000000001
32.6
120.60000000000001
46.0
33.5
28.900000000000002
30.5
60.2
133.8
44.900000000000006
32.7
44.800000000000004
25.3
191.8
80.9
31.200000000000003
38.2
20.3
99.80000000000001
13.600000000000001
35.300000000000004
49.900000000000006
63.6
12.9
23.0
31.200000000000003
115.0
37.4
69.60000000000001
83.0
41.6
9.9
70.10000000000001
58.400000000000006
27.5
27.400000000000002
27.200000000000003
26.5
79.4
52.800000000000004
17.7
35.800000000000004
22.0
58.2
22.200000000000003
14.700000000000001
81.9
33.1
53.400000000000006
84.30000000000001
32.9
135.3
57.400000000000006
80.2
105.2
51.5
42.900000000000006
50.7
64.10000000000001
41.300000000000004
25.0
57.900000000000006
49.6
66.10000000000001
15.4
24.5
53.900000000000006
92.2
30.400000000000002
29.900000000000002
85.60000000000001
29.0
86.0
24.700000000000003
49.7
22.3
29.200000000000003
65.8
42.5
29.700000000000003
33.6
29.8
53.2
45.300000000000004
13.0
106.4
28.0
121.9
22.8
9.600000000000001
118.0
167.10000000000002
80.2
60.300000000000004
20.400000000000002
15.600000000000001
17.900000000000002
15.8
29.1
28.200000000000003
77.9
172.9
37.1
37.7
72.3
15.200000000000001
32.0
38.400000000000006
38.400000000000006
82.9
38.6
59.2
38.900000000000006
18.2
33.2
82.80000000000001
60.6
48.400000000000006
36.5
23.6
29.400000000000002
44.800000000000004
134.0
50.800000000000004
112.60000000000001
46.400000000000006
25.8
67.7
83.7
38.5
93.30000000000001
39.5
37.2
62.5
18.900000000000002
51.5
34.800000000000004
38.1
29.8
36.0
30.400000000000002
32.5
322.8
41.800000000000004
21.700000000000003
99.80000000000001
30.900000000000002
63.900000000000006
71.60000000000001
94.60000000000001
60.5
28.700000000000003
35.7
36.7
115.4
53.800000000000004
20.5
108.9
27.6
47.900000000000006
17.0
290.90000000000003
69.0
51.1
76.0
81.80000000000001
24.5
50.5
66.10000000000001
27.700000000000003
15.8
40.7
8.8
85.4
33.6
51.900000000000006
38.2
30.0
30.3
49.5
69.9
90.30000000000001
27.900000000000002
38.400000000000006
45.800000000000004
50.1
37.1
26.400000000000002
79.5
45.0
134.3
54.5
47.0
43.0
90.2
22.6
29.6
68.5
25.900000000000002
17.7
37.300000000000004
21.6
15.0
65.5
144.4
48.300000000000004
49.800000000000004
19.0
86.5
39.7
50.800000000000004
26.0
21.1
35.2
60.7
11.200000000000001
26.8
49.300000000000004
109.80000000000001
70.0
74.3
82.4
61.7
152.20000000000002
25.1
24.3
47.300000000000004
66.60000000000001
23.200000000000003
27.5
28.700000000000003
41.900000000000006
83.4
30.1
59.6
49.1
61.6
20.900000000000002
12.9
40.2
99.0
55.300000000000004
28.3
77.7
37.0
16.7
46.400000000000006
50.7
56.7
27.6
88.2
35.9
40.900000000000006
23.0
25.1
15.600000000000001
36.1
15.5
34.1
24.400000000000002
23.200000000000003
49.900000000000006
35.5
81.9
38.6
48.1
100.0
57.800000000000004
32.7
11.600000000000001
71.2
106.10000000000001
68.10000000000001
36.800000000000004
142.1
54.6
26.0
18.5
32.5
87.60000000000001
31.400000000000002
13.700000000000001
34.4
50.6
20.200000000000003
16.7
47.7
73.8
83.60000000000001
35.300000000000004
75.2
22.400000000000002
59.800000000000004
113.5
20.700000000000003
50.800000000000004
38.400000000000006
71.60000000000001
95.30000000000001
64.2
24.5
21.6
10.4
22.400000000000002
18.6
32.1
36.5
10.3
24.8
90.9
47.7
31.400000000000002
175.10000000000002
45.900000000000006
21.8
47.800000000000004
34.4
26.3
19.200000000000003
101.4
36.5
26.0
24.0
17.8
66.9
62.2
46.300000000000004
49.300000000000004
11.8
48.5
28.5
34.7
78.7
29.0
22.8
49.900000000000006
75.10000000000001
16.3
15.0
18.2
28.0
35.6
24.6
13.8
66.0
40.1
32.7
55.7
19.6
37.1
39.1
41.400000000000006
35.0
51.1
27.5
24.0
34.7
43.0
33.4
64.60000000000001
44.6
30.0
61.5
45.0
57.6
24.5
39.800000000000004
23.400000000000002
74.0
56.2
69.2
29.6
65.4
120.0
73.8
39.0
23.400000000000002
19.200000000000003
32.300000000000004
26.1
48.6
77.5
35.1
126.7
29.6
37.800000000000004
35.300000000000004
25.400000000000002
33.0
46.0
24.5
23.6
36.0
42.400000000000006
64.0
47.2
54.5
32.1
52.400000000000006
13.200000000000001
32.800000000000004
163.70000000000002
60.1
63.800000000000004
36.2
110.7
28.1
31.900000000000002
94.60000000000001
34.0
42.300000000000004
35.800000000000004
46.400000000000006
114.5
22.1
15.700000000000001
18.900000000000002
19.200000000000003
46.5
37.1
49.2
27.400000000000002
48.7
68.0
64.4
30.700000000000003
89.10000000000001
36.4
34.4
82.60000000000001
60.900000000000006
11.200000000000001
29.200000000000003
18.6
36.4
44.900000000000006
30.900000000000002
101.10000000000001
21.3
45.5
50.6
44.300000000000004
296.6
42.7
19.8
13.8
31.900000000000002
25.200000000000003
100.80000000000001
27.5
43.5
61.5
12.9
65.9
22.900000000000002
24.6
74.3
27.700000000000003
41.900000000000006
122.10000000000001
29.3
90.4
50.0
128.6
37.9
90.9
60.2
91.30000000000001
49.900000000000006
130.1
113.0
32.5
45.2
56.400000000000006
63.400000000000006
19.700000000000003
35.6
65.4
27.1
171.10000000000002
66.2
27.1
59.2
28.400000000000002
91.30000000000001
120.9
65.4
53.900000000000006
37.9
59.300000000000004
43.1
28.200000000000003
55.900000000000006
58.800000000000004
21.700000000000003
29.900000000000002
14.0
72.4
43.400000000000006
13.100000000000001
24.8
69.3
32.800000000000004
21.0
77.30000000000001
24.8
44.7
21.400000000000002
77.2
62.1
62.6
50.6
21.5
32.800000000000004
59.300000000000004
119.4
59.5
68.10000000000001
31.5
77.5
55.7
20.700000000000003
52.1
32.0
26.8
62.0
19.5
26.8
29.3
28.900000000000002
68.9
12.8
53.300000000000004
52.0
65.9
59.1
64.8
63.400000000000006
97.30000000000001
57.300000000000004
34.9
67.7
29.900000000000002
59.2
15.5
36.800000000000004
39.2
40.7
107.80000000000001
48.300000000000004
25.700000000000003
105.30000000000001
19.400000000000002
24.0
39.900000000000006
64.0
38.900000000000006
21.8
20.3
26.400000000000002
82.2
45.2
71.10000000000001
258.6
9.3
12.8
33.1
138.9
133.1
29.900000000000002
20.400000000000002
19.3
63.2
11.5
104.4
29.1
19.1
55.800000000000004
35.9
36.6
28.200000000000003
73.3
11.3
27.200000000000003
34.0
79.0
36.6
38.2
18.6
13.8
43.2
60.7
17.900000000000002
35.0
45.400000000000006
68.3
20.6
26.400000000000002
50.5
42.0
18.8
29.0
47.7
77.10000000000001
23.5
15.0
24.700000000000003
44.800000000000004
60.2
69.8
45.0
29.200000000000003
37.300000000000004
25.700000000000003
45.400000000000006
16.6
32.4
141.6
26.6
284.40000000000003
22.1
54.400000000000006
41.5
32.5
37.800000000000004
55.400000000000006
17.400000000000002
69.5
62.1
185.70000000000002
23.5
26.6
47.1
39.0
50.400000000000006
45.0
34.7
17.900000000000002
35.300000000000004
30.5
48.0
131.5
35.2
19.5
47.400000000000006
30.6
40.5
41.5
35.4
27.3
53.0
49.6
78.0
25.400000000000002
25.900000000000002
40.300000000000004
19.5
29.3
31.3
44.800000000000004
107.5
70.10000000000001
45.5
15.8
31.8
101.60000000000001
32.4
60.900000000000006
93.4
25.200000000000003
108.60000000000001
44.0
138.0
135.70000000000002
40.7
73.3
38.6
65.0
10.9
47.2
51.2
67.10000000000001
152.4
330.5
46.300000000000004
45.7
61.900000000000006
142.3
173.60000000000002
46.7
180.10000000000002
24.6
108.5
21.700000000000003
17.2
33.0
26.1
82.60000000000001
44.900000000000006
19.6
53.0
37.0
48.900000000000006
37.1
23.200000000000003
44.400000000000006
46.2
49.300000000000004
49.900000000000006
31.200000000000003
33.300000000000004
62.7
66.10000000000001
38.0
23.1
14.4
87.5
48.6
21.8
30.6
57.1
20.700000000000003
39.800000000000004
43.7
20.3
94.80000000000001
57.400000000000006
35.5
13.600000000000001
62.300000000000004
29.8
36.300000000000004
40.900000000000006
27.900000000000002
43.6
78.9
21.8
24.1
14.8
96.7
76.4
100.5
31.700000000000003
54.0
92.4
30.6
49.6
80.9
81.4
22.6
21.5
55.300000000000004
33.4
23.400000000000002
46.5
33.9
40.300000000000004
30.3
19.8
40.1
34.9
16.7
41.5
49.0
46.300000000000004
147.8
23.8
111.2
32.1
75.8
191.3
100.4
29.5
79.0
131.9
67.10000000000001
125.60000000000001
63.5
88.5
170.70000000000002
18.2
33.4
247.0
16.2
166.0
41.400000000000006
32.5
157.5
34.2
17.7
32.6
56.2
70.3
70.2
28.0
18.6
30.400000000000002
31.3
95.80000000000001
39.7
53.6
114.9
49.2
91.30000000000001
66.5
34.7
44.900000000000006
29.5
173.10000000000002
26.3
20.400000000000002
60.0
34.9
82.2
37.2
52.900000000000006
19.0
70.3
22.0
56.7
54.1
43.0
58.900000000000006
33.1
79.7
83.0
16.1
63.0
37.4
41.2
31.0
26.5
28.700000000000003
44.800000000000004
41.5
83.30000000000001
14.0
58.900000000000006
25.3
23.3
131.6
60.1
78.2
12.200000000000001
18.0
38.7
44.7
64.8
33.4
90.4
33.0
81.2
65.3
121.0
25.400000000000002
20.0
26.400000000000002
29.1
40.900000000000006
90.9
63.0
17.0
42.5
44.6
30.400000000000002
27.0
41.2
58.1
131.5
44.300000000000004
29.700000000000003
18.2
58.5
31.8
20.0
31.0
26.700000000000003
16.0
48.5
97.9
67.8
17.8
184.8
41.400000000000006
50.800000000000004
21.6
28.3
57.900000000000006
114.60000000000001
18.400000000000002
68.0
28.1
22.1
24.200000000000003
73.4
90.60000000000001
53.400000000000006
67.4
36.6
30.200000000000003
15.9
19.3
30.200000000000003
12.9
32.5
39.6
78.9
13.5
72.10000000000001
49.5
76.0
58.400000000000006
32.5
38.1
41.900000000000006
20.700000000000003
57.800000000000004
29.3
54.6
104.30000000000001
55.800000000000004
150.9
56.300000000000004
115.9
38.800000000000004
30.3
24.6
51.7
16.2
52.7
17.2
36.2
80.7
55.1
48.800000000000004
20.400000000000002
38.400000000000006
30.900000000000002
90.60000000000001
42.7
85.60000000000001
34.0
8.6
45.1
69.0
68.5
28.1
31.0
211.60000000000002
56.5
30.900000000000002
52.400000000000006
40.1
87.2
32.9
42.400000000000006
52.0
52.300000000000004
23.8
81.5
31.6
107.7
71.60000000000001
37.300000000000004
109.30000000000001
32.4
27.700000000000003
68.4
32.9
47.2
67.8
46.900000000000006
46.0
41.7
69.2
38.5
105.4
89.2
65.4
16.3
33.5
20.200000000000003
14.3
52.300000000000004
21.1
72.0
36.800000000000004
87.2
34.7
41.0
28.8
81.7
86.2
55.800000000000004
26.5
24.0
36.0
64.60000000000001
98.5
36.800000000000004
47.400000000000006
33.0
27.3
99.30000000000001
19.900000000000002
25.6
127.80000000000001
46.6
32.1
76.4
193.9
54.7
26.0
75.4
21.200000000000003
56.5
83.7
18.6
28.0
50.400000000000006
40.2
75.9
78.5
66.0
23.900000000000002
14.5
34.1
99.80000000000001
49.900000000000006
106.10000000000001
26.1
157.0
26.8
39.1
38.2
126.5
73.10000000000001
137.1
27.5
68.10000000000001
44.0
29.8
71.8
87.2
27.200000000000003
27.1
84.80000000000001
95.80000000000001
28.1
123.5
61.0
34.4
48.400000000000006
68.60000000000001
39.0
139.6
22.400000000000002
33.5
13.0
36.0
27.200000000000003
56.2
136.4
80.60000000000001
40.7
56.5
52.900000000000006
50.6
27.0
46.400000000000006
18.900000000000002
33.4
121.9
29.0
36.6
34.1
41.7
48.900000000000006
31.5
27.6
34.2
76.80000000000001
18.6
97.2
17.2
25.0
26.700000000000003
101.4
31.200000000000003
20.3
52.6
49.800000000000004
130.4
44.5
41.2
82.30000000000001
62.5
18.900000000000002
329.6
43.5
54.900000000000006
99.2
47.900000000000006
45.900000000000006
66.0
39.900000000000006
21.900000000000002
59.2
79.80000000000001
98.5
30.6
57.7
83.2
28.200000000000003
17.8
33.5
21.1
23.5
25.1
31.1
32.5
33.1
45.300000000000004
63.6
45.6
46.5
16.0
61.1
41.1
94.60000000000001
32.300000000000004
15.9
148.9
28.5
26.5
39.7
65.5
92.4
23.3
77.10000000000001
38.7
24.1
26.1
87.7
28.200000000000003
53.7
81.80000000000001
88.0
140.70000000000002
48.800000000000004
119.10000000000001
85.9
13.100000000000001
63.900000000000006
18.2
27.3
70.8
42.0
51.5
50.2
48.1
89.7
26.400000000000002
19.0
72.60000000000001
19.400000000000002
69.3
20.1
24.400000000000002
61.5
52.6
27.400000000000002
23.200000000000003
65.4
28.400000000000002
27.6
38.7
53.900000000000006
23.1
34.0
79.7
46.1
18.7
64.3
20.5
97.10000000000001
29.200000000000003
21.3
76.10000000000001
32.5
113.2
40.400000000000006
36.4
15.8
127.0
91.4
28.1
40.7
45.7
29.8
34.4
70.10000000000001
105.80000000000001
360.90000000000003
47.7
105.10000000000001
59.400000000000006
53.300000000000004
22.1
17.2
32.9
45.7
173.10000000000002
90.2
42.1
30.400000000000002
115.4
30.8
82.2
22.8
34.5
39.6
58.800000000000004
22.3
244.9
37.300000000000004
58.2
33.7
50.0
50.300000000000004
46.800000000000004
16.900000000000002
88.80000000000001
34.1
46.400000000000006
29.1
53.5
60.0
12.700000000000001
192.10000000000002
15.600000000000001
78.4
24.400000000000002
76.4
90.7
125.10000000000001
25.900000000000002
33.800000000000004
40.7
21.900000000000002
27.700000000000003
61.0
27.700000000000003
42.1
42.6
30.700000000000003
49.0
88.30000000000001
107.80000000000001
57.2
28.400000000000002
33.300000000000004
28.200000000000003
27.6
28.400000000000002
63.5
71.5
15.5
39.0
62.800000000000004
26.6
55.800000000000004
28.400000000000002
61.7
30.3
147.9
84.2
32.300000000000004
24.900000000000002
54.400000000000006
36.1
31.5
63.6
53.900000000000006
50.300000000000004
25.5
87.10000000000001
40.6
59.300000000000004
38.6
44.5
33.2
18.6
36.800000000000004
50.0
27.1
19.200000000000003
62.2
31.400000000000002
286.0
21.8
63.400000000000006
30.0
92.4
21.900000000000002
22.3
23.6
58.300000000000004
38.400000000000006
36.0
25.3
19.0
42.0
93.2
104.60000000000001
21.200000000000003
21.700000000000003
95.7
26.400000000000002
24.3
35.9
17.400000000000002
40.7
49.800000000000004
12.9
24.5
117.2
21.3
19.5
36.300000000000004
25.400000000000002
27.8
52.400000000000006
29.6
82.5
61.6
31.200000000000003
37.9
45.5
74.60000000000001
17.2
97.0
31.5
31.6
17.5
31.5
56.2
98.60000000000001
44.800000000000004
18.7
45.1
32.2
19.8
32.300000000000004
43.2
31.700000000000003
25.5
36.2
101.30000000000001
20.200000000000003
36.1
99.10000000000001
56.900000000000006
41.800000000000004
64.2
46.7
81.2
23.1
78.0
75.0
37.1
122.5
13.600000000000001
153.1
41.900000000000006
58.0
188.5
72.7
86.5
71.3
32.4
26.5
45.400000000000006
17.900000000000002
93.2
103.9
18.400000000000002
50.900000000000006
31.6
32.2
22.1
13.100000000000001
52.300000000000004
58.900000000000006
43.300000000000004
33.4
88.5
16.400000000000002
25.1
357.90000000000003
43.2
58.5
57.900000000000006
82.60000000000001
47.2
40.2
25.6
22.700000000000003
59.800000000000004
50.900000000000006
54.2
96.60000000000001
132.20000000000002
30.400000000000002
44.7
70.7
54.5
44.7
41.7
90.0
135.0
47.7
52.0
53.400000000000006
12.700000000000001
33.1
26.8
31.900000000000002
45.2
20.0
52.6
30.400000000000002
23.0
34.4
35.7
57.7
98.4
54.6
16.2
28.900000000000002
43.2
37.5
51.2
66.60000000000001
18.0
55.5
40.0
66.7
15.5
52.7
58.6
34.4
29.0
107.4
42.300000000000004
11.600000000000001
26.200000000000003
49.5
28.3
30.400000000000002
36.1
23.5
49.2
54.800000000000004
35.2
36.9
116.7
46.5
88.5
72.4
8.1
27.8
23.6
27.1
58.0
33.7
32.2
42.800000000000004
38.300000000000004
27.0
89.0
22.0
30.400000000000002
25.8
106.5
70.8
27.1
38.5
93.4
89.60000000000001
27.5
14.9
137.3
44.1
25.8
85.5
35.300000000000004
37.800000000000004
248.3
22.8
138.6
64.7
23.400000000000002
14.3
27.400000000000002
46.800000000000004
90.0
103.0
21.200000000000003
176.60000000000002
21.400000000000002
41.5
62.5
26.200000000000003
87.0
16.1
60.300000000000004
29.400000000000002
98.7
63.400000000000006
41.2
29.0
90.30000000000001
24.8
56.900000000000006
60.2
37.4
21.200000000000003
34.2
52.1
45.0
39.300000000000004
31.8
28.400000000000002
26.5
48.400000000000006
40.7
33.800000000000004
60.900000000000006
60.900000000000006
57.5
51.2
19.400000000000002
73.60000000000001
42.1
34.6
31.900000000000002
67.8
180.70000000000002
99.9
30.1
25.0
68.7
19.6
30.900000000000002
28.0
37.800000000000004
33.1
51.5
62.5
21.3
96.7
309.1
27.700000000000003
63.7
21.0
57.6
43.0
113.7
13.9
29.200000000000003
162.8
46.7
32.1
39.0
83.60000000000001
98.5
112.60000000000001
23.700000000000003
59.300000000000004
34.1
89.30000000000001
27.200000000000003
31.200000000000003
67.8
41.6
21.700000000000003
43.800000000000004
33.6
76.4
87.0
20.6
35.9
143.70000000000002
29.900000000000002
46.2
133.9
74.3
210.8
39.0
56.0
155.9
27.700000000000003
30.700000000000003
79.10000000000001
56.5
88.5
115.0
40.300000000000004
17.0
34.1
22.1
69.10000000000001
115.0
76.10000000000001
35.9
200.70000000000002
56.0
88.30000000000001
17.0
47.6
59.300000000000004
48.6
58.1
33.9
67.4
94.4
28.0
45.2
115.80000000000001
24.3
16.900000000000002
50.2
51.400000000000006
45.7
25.400000000000002
51.2
25.0
56.900000000000006
36.7
13.600000000000001
17.0
25.8
93.7
81.5
21.3
89.0
47.900000000000006
44.2
101.7
22.900000000000002
59.2
33.9
111.4
37.0
82.4
27.3
71.9
28.6
138.3
25.400000000000002
48.800000000000004
117.7
77.5
30.5
140.70000000000002
47.900000000000006
19.3
45.6
49.300000000000004
29.0
40.900000000000006
230.10000000000002
49.2
20.400000000000002
39.0
34.300000000000004
35.300000000000004
21.700000000000003
122.5
38.2
70.4
38.7
49.2
30.200000000000003
41.1
84.60000000000001
14.0
31.200000000000003
32.0
74.7
21.5
124.0
26.400000000000002
43.6
33.5
94.80000000000001
143.70000000000002
19.700000000000003
70.8
56.300000000000004
105.2
26.900000000000002
19.6
273.40000000000003
28.900000000000002
87.9
11.600000000000001
105.30000000000001
62.900000000000006
34.1
45.2
30.700000000000003
50.400000000000006
61.7
71.60000000000001
32.7
50.2
92.30000000000001
107.7
20.1
44.6
11.8
127.60000000000001
124.7
29.5
43.2
46.2
31.400000000000002
162.10000000000002
17.3
26.700000000000003
17.400000000000002
51.0
68.4
50.7
77.10000000000001
38.300000000000004
49.1
137.3
