Hitting Time
180.3
276.3
165.3
161.20000000000002
126.5
141.6
128.70000000000002
110.30000000000001
117.5
113.10000000000001
232.4
169.70000000000002
120.10000000000001
120.10000000000001
146.8
167.3
169.20000000000002
129.3
162.3
190.0
134.70000000000002
140.70000000000002
172.9
151.4
155.0
141.70000000000002
92.5
211.5
110.5
155.0
212.8
163.5
158.0
312.20000000000005
127.80000000000001
179.60000000000002
99.7
142.5
133.70000000000002
101.2
148.3
90.10000000000001
108.80000000000001
131.9
117.9
166.20000000000002
106.7
91.10000000000001
125.2
157.10000000000002
124.0
238.9
155.20000000000002
177.70000000000002
213.8
126.7
192.70000000000002
128.1
89.4
141.70000000000002
149.0
173.60000000000002
98.0
148.0
139.4
120.60000000000001
217.60000000000002
130.5
103.60000000000001
147.1
251.0
128.70000000000002
111.2
130.9
74.10000000000001
80.60000000000001
147.9
207.8
130.9
127.4
186.0
105.9
145.70000000000002
124.4
194.3
164.4
132.0
170.60000000000002
132.8
129.4
89.10000000000001
243.70000000000002
97.5
140.8
208.4
194.60000000000002
182.5
146.9
144.1
116.5
102.7
153.5
119.0
137.6
86.4
172.0
199.5
206.8
109.80000000000001
163.60000000000002
131.3
137.0
137.1
74.4
115.2
102.4
183.60000000000002
150.5
121.80000000000001
86.30000000000001
111.5
137.6
138.20000000000002
140.8
104.30000000000001
106.80000000000001
154.60000000000002
144.5
106.30000000000001
117.60000000000001
87.80000000000001
82.9
109.60000000000001
106.0
96.9
132.4
155.70000000000002
162.60000000000002
122.60000000000001
155.70000000000002
111.9
150.9
102.9
106.0
144.5
101.80000000000001
85.30000000000001
130.8
132.9
98.10000000000001
124.5
101.60000000000001
115.4
151.6
107.80000000000001
108.80000000000001
240.70000000000002
149.5
175.9
92.5
138.70000000000002
132.8
119.30000000000001
185.60000000000002
210.9
165.10000000000002
74.3
140.3
124.5
112.80000000000001
130.9
129.20000000000002
122.30000000000001
145.20000000000002
129.3
126.7
133.5
82.80000000000001
179.8
187.3
130.70000000000002
152.5
156.5
129.8
174.60000000000002
128.3
207.20000000000002
110.0
112.60000000000001
136.8
139.20000000000002
110.2
147.20000000000002
167.20000000000002
107.30000000000001
148.8
189.60000000000002
146.9
186.20000000000002
197.4
164.70000000000002
108.0
154.3
138.9
123.60000000000001
92.2
193.4
174.8
124.5
185.10000000000002
121.0
223.5
157.3
126.2
234.5
139.9
132.6
115.60000000000001
100.80000000000001
176.20000000000002
180.4
109.2
183.5
126.60000000000001
131.3
214.20000000000002
130.6
146.4
140.6
105.5
178.70000000000002
136.0
114.2
128.6
146.20000000000002
131.8
130.70000000000002
168.8
118.80000000000001
123.2
102.80000000000001
130.9
109.4
96.10000000000001
134.70000000000002
209.70000000000002
153.20000000000002
107.60000000000001
159.4
109.4
135.9
189.10000000000002
165.60000000000002
132.6
77.4
154.0
118.7
111.2
146.3
168.9
138.9
152.70000000000002
219.4
104.10000000000001
202.3
111.4
125.10000000000001
158.20000000000002
95.4
134.70000000000002
132.70000000000002
175.3
202.9
251.10000000000002
231.70000000000002
144.20000000000002
126.10000000000001
136.9
123.4
159.0
113.10000000000001
110.60000000000001
219.8
152.4
244.4
99.9
362.3
105.10000000000001
200.4
103.5
161.3
161.70000000000002
164.60000000000002
112.60000000000001
200.20000000000002
134.70000000000002
224.8
174.0
131.3
78.0
151.1
165.60000000000002
129.70000000000002
121.5
82.10000000000001
121.0
95.5
144.20000000000002
149.20000000000002
114.10000000000001
178.8
212.10000000000002
128.0
112.4
108.2
187.60000000000002
87.9
105.0
123.30000000000001
93.7
90.80000000000001
125.0
197.20000000000002
119.7
182.3
144.3
122.2
136.6
135.4
93.9
175.9
149.9
104.2
142.6
99.9
87.10000000000001
169.20000000000002
90.7
158.9
122.4
106.5
141.70000000000002
178.70000000000002
113.9
171.8
136.9
141.1
186.0
154.60000000000002
114.80000000000001
224.4
156.10000000000002
114.80000000000001
88.4
95.7
214.60000000000002
116.60000000000001
101.5
200.9
191.20000000000002
116.30000000000001
101.4
117.9
118.10000000000001
150.70000000000002
128.5
83.0
134.5
133.6
97.4
116.10000000000001
229.4
170.0
135.70000000000002
153.20000000000002
99.4
215.4
128.6
148.0
112.80000000000001
146.1
122.30000000000001
208.10000000000002
122.10000000000001
106.2
96.9
155.0
121.10000000000001
108.60000000000001
115.60000000000001
160.3
126.60000000000001
135.0
88.30000000000001
129.6
94.80000000000001
154.20000000000002
153.9
147.1
119.60000000000001
140.8
175.8
142.4
143.5
134.0
74.60000000000001
168.70000000000002
120.60000000000001
136.6
199.8
104.0
107.80000000000001
127.30000000000001
105.7
127.30000000000001
183.4
137.3
92.10000000000001
108.80000000000001
147.3
141.0
141.0
137.9
143.3
158.0
155.60000000000002
104.30000000000001
202.5
145.5
155.70000000000002
125.2
140.1
134.8
150.0
166.60000000000002
151.0
109.5
175.20000000000002
127.10000000000001
230.4
119.0
161.5
129.5
97.0
205.8
107.4
142.8
237.0
79.0
107.2
155.4
108.9
84.10000000000001
106.30000000000001
138.1
139.20000000000002
111.5
71.60000000000001
170.8
209.20000000000002
190.20000000000002
130.9
110.5
87.5
153.20000000000002
143.4
189.70000000000002
373.90000000000003
154.10000000000002
100.30000000000001
161.5
140.4
91.4
129.6
110.4
140.1
116.80000000000001
88.10000000000001
117.4
190.3
127.10000000000001
140.0
158.10000000000002
75.10000000000001
81.5
109.2
124.5
134.4
127.5
113.5
155.20000000000002
197.60000000000002
169.8
162.0
149.4
107.7
201.8
124.2
114.0
196.0
111.30000000000001
139.0
135.6
110.5
106.4
201.3
133.5
202.70000000000002
157.10000000000002
138.4
101.10000000000001
175.8
110.9
89.60000000000001
171.70000000000002
136.6
123.9
128.3
178.5
117.30000000000001
132.9
216.70000000000002
152.20000000000002
82.30000000000001
132.70000000000002
96.80000000000001
130.6
103.10000000000001
93.10000000000001
97.4
103.0
138.1
112.10000000000001
156.5
119.4
126.30000000000001
98.0
98.0
105.0
136.0
133.0
132.6
137.70000000000002
165.20000000000002
105.7
240.70000000000002
80.5
93.10000000000001
197.60000000000002
146.5
166.4
121.0
137.70000000000002
142.4
93.80000000000001
181.20000000000002
103.7
118.60000000000001
120.60000000000001
120.9
107.5
151.1
161.4
202.4
95.0
108.80000000000001
220.9
219.0
128.8
107.5
112.10000000000001
207.8
127.80000000000001
115.10000000000001
91.9
170.4
163.8
112.0
197.20000000000002
166.60000000000002
107.9
183.4
101.7
175.4
152.5
143.3
147.4
206.60000000000002
110.7
148.8
140.8
122.10000000000001
118.80000000000001
81.5
242.70000000000002
98.5
175.4
106.2
136.4
128.3
158.4
194.10000000000002
142.5
95.9
136.70000000000002
98.80000000000001
118.0
188.8
97.60000000000001
125.7
100.9
114.5
143.6
74.5
148.70000000000002
170.8
143.5
159.5
118.7
84.0
203.10000000000002
134.3
133.9
92.2
118.10000000000001
165.20000000000002
183.10000000000002
120.2
129.70000000000002
127.2
182.70000000000002
211.4
129.9
165.4
120.60000000000001
104.4
155.70000000000002
103.0
151.5
149.0
101.4
147.6
112.60000000000001
125.5
161.5
104.10000000000001
83.5
132.70000000000002
208.4
181.8
190.20000000000002
182.5
171.8
121.4
116.4
166.60000000000002
159.20000000000002
113.80000000000001
149.0
190.70000000000002
138.5
195.9
164.4
111.80000000000001
97.7
128.70000000000002
125.80000000000001
77.60000000000001
129.1
174.3
101.30000000000001
162.5
125.2
329.1
101.5
167.0
100.0
182.8
140.1
171.0
222.70000000000002
153.3
126.30000000000001
100.60000000000001
105.10000000000001
124.10000000000001
90.10000000000001
121.4
157.9
98.30000000000001
105.60000000000001
109.0
145.1
152.70000000000002
204.60000000000002
85.60000000000001
104.0
157.60000000000002
212.4
77.80000000000001
98.2
199.20000000000002
125.9
103.10000000000001
71.7
173.8
109.10000000000001
166.5
117.4
106.30000000000001
145.6
134.1
182.60000000000002
169.3
268.3
125.10000000000001
127.60000000000001
133.5
136.0
98.30000000000001
140.9
124.80000000000001
132.0
103.30000000000001
97.30000000000001
114.80000000000001
107.5
160.9
151.1
91.60000000000001
209.20000000000002
257.40000000000003
158.60000000000002
121.2
164.20000000000002
117.60000000000001
118.7
145.4
121.7
128.9
158.10000000000002
177.3
118.7
109.30000000000001
214.20000000000002
82.5
129.4
198.3
112.60000000000001
219.60000000000002
113.80000000000001
101.30000000000001
82.0
147.5
105.4
123.4
143.3
182.4
118.2
204.0
109.9
107.5
232.60000000000002
89.9
132.8
103.30000000000001
135.20000000000002
119.30000000000001
83.80000000000001
134.6
210.3
103.60000000000001
151.20000000000002
108.5
122.30000000000001
100.0
118.9
112.4
106.80000000000001
122.0
110.0
158.20000000000002
90.2
189.0
104.5
115.5
143.8
120.10000000000001
125.0
115.4
100.10000000000001
175.60000000000002
182.0
245.8
125.4
162.10000000000002
286.0
79.0
221.4
135.9
136.0
151.1
152.3
165.4
135.9
117.5
140.5
158.70000000000002
127.80000000000001
147.9
155.3
174.5
221.9
124.2
219.70000000000002
163.60000000000002
114.0
115.10000000000001
114.5
206.0
111.2
113.4
131.70000000000002
120.60000000000001
73.8
111.10000000000001
94.60000000000001
107.9
102.9
128.1
115.2
119.0
151.6
190.10000000000002
159.4
131.4
106.2
125.5
186.0
168.20000000000002
126.7
209.8
154.0
191.3
135.20000000000002
116.7
130.70000000000002
128.8
126.60000000000001
78.30000000000001
148.6
122.2
106.9
109.7
160.60000000000002
88.7
152.3
120.5
116.4
161.10000000000002
180.9
126.0
122.80000000000001
133.20000000000002
169.9
117.4
148.1
152.0
154.20000000000002
189.3
178.5
121.60000000000001
198.3
183.10000000000002
185.8
134.8
165.70000000000002
287.5
109.2
162.9
128.70000000000002
127.60000000000001
159.20000000000002
102.60000000000001
140.20000000000002
133.8
109.5
121.9
100.9
168.5
213.70000000000002
194.0
120.2
235.0
124.0
145.8
195.9
148.9
145.0
94.4
149.8
217.4
116.0
181.20000000000002
126.60000000000001
116.0
112.80000000000001
194.60000000000002
182.3
121.9
122.30000000000001
128.1
172.20000000000002
161.0
199.0
145.8
179.5
152.70000000000002
156.20000000000002
90.4
109.60000000000001
191.70000000000002
131.5
140.6
128.20000000000002
100.2
155.9
167.5
110.2
222.60000000000002
142.8
242.5
171.20000000000002
85.5
179.3
125.9
185.60000000000002
164.3
113.4
138.6
129.20000000000002
164.4
177.70000000000002
155.70000000000002
129.20000000000002
154.60000000000002
158.60000000000002
154.8
103.60000000000001
92.0
140.20000000000002
144.20000000000002
122.0
193.60000000000002
116.80000000000001
210.4
124.80000000000001
126.2
98.9
142.1
115.80000000000001
105.80000000000001
119.2
99.10000000000001
306.0
138.5
137.20000000000002
140.5
118.9
142.3
183.70000000000002
118.4
248.8
161.3
101.9
110.80000000000001
144.8
127.30000000000001
148.1
175.0
94.30000000000001
92.80000000000001
101.80000000000001
152.70000000000002
154.8
159.70000000000002
149.4
201.3
116.7
137.20000000000002
184.9
146.6
199.4
164.5
185.0
169.3
104.10000000000001
113.5
122.4
127.30000000000001
196.0
98.10000000000001
147.8
119.60000000000001
173.20000000000002
134.5
135.6
134.4
108.9
161.4
151.4
134.4
183.3
101.80000000000001
136.1
118.2
216.3
126.0
101.5
155.10000000000002
98.4
143.6
107.30000000000001
163.70000000000002
134.6
172.10000000000002
124.9
169.20000000000002
91.5
110.30000000000001
126.10000000000001
115.9
188.10000000000002
79.9
192.3
88.2
190.0
146.70000000000002
119.5
108.0
91.2
106.60000000000001
170.3
72.9
162.4
134.70000000000002
103.60000000000001
123.10000000000001
159.5
107.2
83.0
94.10000000000001
164.8
103.10000000000001
97.9
98.2
162.9
81.0
92.4
138.20000000000002
201.70000000000002
96.7
164.3
97.9
148.5
165.9
188.8
91.10000000000001
132.70000000000002
91.10000000000001
133.3
241.3
85.5
134.6
115.0
219.10000000000002
157.60000000000002
88.60000000000001
154.20000000000002
124.5
108.80000000000001
120.60000000000001
110.4
177.70000000000002
132.5
146.9
127.30000000000001
102.2
183.60000000000002
153.70000000000002
153.9
104.60000000000001
200.70000000000002
95.0
147.3
105.9
136.4
90.60000000000001
131.6
134.1
200.60000000000002
98.80000000000001
124.80000000000001
117.2
112.10000000000001
141.8
233.3
179.10000000000002
99.0
91.2
118.7
274.0
115.2
115.9
101.9
161.10000000000002
136.5
163.10000000000002
216.3
99.7
180.3
158.4
156.10000000000002
155.70000000000002
208.0
160.70000000000002
138.70000000000002
160.5
127.80000000000001
180.60000000000002
92.9
123.9
177.0
178.0
148.9
122.80000000000001
225.9
96.60000000000001
154.9
69.9
97.10000000000001
187.4
150.5
138.5
94.0
124.0
190.10000000000002
94.7
151.70000000000002
232.8
178.20000000000002
105.4
208.5
182.5
222.70000000000002
118.2
133.5
120.0
134.9
175.9
282.2
106.30000000000001
127.9
117.10000000000001
87.80000000000001
107.80000000000001
101.0
249.20000000000002
88.5
120.4
153.70000000000002
105.30000000000001
142.1
120.10000000000001
98.60000000000001
165.3
160.70000000000002
133.6
94.10000000000001
114.30000000000001
195.0
109.0
220.60000000000002
114.4
120.60000000000001
95.5
138.70000000000002
125.80000000000001
140.1
251.10000000000002
122.2
172.70000000000002
274.2
148.1
160.8
171.4
115.80000000000001
141.8
125.60000000000001
154.0
134.3
110.5
190.4
126.7
137.70000000000002
137.6
85.30000000000001
123.60000000000001
118.10000000000001
129.3
301.90000000000003
236.10000000000002
144.20000000000002
113.5
147.9
154.3
141.20000000000002
84.7
175.10000000000002
161.70000000000002
103.5
153.20000000000002
89.30000000000001
135.8
139.0
117.0
107.2
128.3
118.10000000000001
199.20000000000002
146.5
104.60000000000001
160.4
112.0
144.70000000000002
155.5
130.1
128.0
209.20000000000002
99.7
150.1
172.5
186.0
80.60000000000001
112.10000000000001
115.80000000000001
300.3
171.20000000000002
164.20000000000002
111.9
192.9
114.80000000000001
142.20000000000002
110.0
71.0
108.60000000000001
147.1
181.60000000000002
168.60000000000002
164.0
165.10000000000002
123.5
125.60000000000001
130.20000000000002
134.0
176.20000000000002
148.70000000000002
172.0
173.70000000000002
152.70000000000002
94.4
148.4
128.6
230.3
151.6
75.3
137.20000000000002
194.0
104.5
128.3
185.8
127.9
147.70000000000002
159.5
164.10000000000002
168.9
132.3
194.70000000000002
122.4
125.60000000000001
183.0
106.2
122.7
137.3
137.4
217.70000000000002
122.9
126.7
127.7
104.0
173.3
173.0
109.2
116.7
170.10000000000002
114.4
114.0
137.5
140.70000000000002
110.30000000000001
73.5
168.4
174.20000000000002
109.0
158.0
90.10000000000001
179.0
138.8
181.0
137.9
86.4
133.20000000000002
173.10000000000002
106.5
148.1
201.60000000000002
127.7
96.4
200.3
122.10000000000001
104.80000000000001
154.4
145.3
145.20000000000002
180.3
129.70000000000002
147.70000000000002
90.4
129.0
125.4
96.5
169.9
95.7
161.3
119.60000000000001
137.1
101.7
232.5
150.6
155.4
184.5
154.9
126.60000000000001
139.1
130.5
93.60000000000001
120.80000000000001
192.9
113.7
146.9
100.5
178.20000000000002
128.6
163.3
109.30000000000001
170.3
118.4
148.9
84.10000000000001
97.60000000000001
115.60000000000001
91.10000000000001
118.10000000000001
120.7
180.70000000000002
154.4
95.30000000000001
95.4
160.3
148.0
156.0
107.30000000000001
146.1
122.0
206.9
120.2
133.0
124.0
101.30000000000001
94.4
111.7
94.4
118.2
180.3
123.2
199.3
135.20000000000002
82.30000000000001
102.60000000000001
145.70000000000002
173.10000000000002
232.10000000000002
121.30000000000001
73.3
142.9
134.4
118.5
108.5
192.8
188.4
126.10000000000001
76.9
122.80000000000001
267.1
217.10000000000002
130.9
77.4
104.80000000000001
140.4
111.80000000000001
121.9
126.7
202.0
119.10000000000001
81.4
143.6
116.10000000000001
135.8
125.0
180.3
143.4
144.0
161.10000000000002
123.4
97.30000000000001
113.9
150.70000000000002
151.3
203.20000000000002
101.7
160.5
113.80000000000001
230.4
179.9
122.2
125.10000000000001
136.5
124.7
85.9
101.80000000000001
147.9
108.7
120.2
144.9
182.8
110.80000000000001
117.60000000000001
171.60000000000002
191.20000000000002
113.30000000000001
186.9
70.9
87.4
96.60000000000001
144.5
111.5
113.2
148.6
74.10000000000001
98.80000000000001
129.6
125.60000000000001
124.0
111.30000000000001
118.4
200.3
142.3
170.3
101.5
164.0
242.5
120.30000000000001
157.5
140.6
119.30000000000001
183.3
144.3
105.80000000000001
91.80000000000001
114.7
159.5
118.5
150.0
161.8
122.30000000000001
120.4
123.0
240.20000000000002
140.6
125.2
142.8
94.30000000000001
131.4
135.0
229.4
147.5
98.4
162.20000000000002
144.8
166.8
102.5
132.4
132.0
137.6
166.3
168.5
75.3
142.5
156.70000000000002
74.2
159.4
181.8
144.5
63.7
185.9
125.5
153.4
109.7
208.3
112.5
240.4
157.5
140.3
137.20000000000002
101.60000000000001
114.5
119.80000000000001
126.5
111.9
144.4
164.8
165.70000000000002
80.9
125.0
139.6
153.5
114.10000000000001
148.70000000000002
166.0
144.0
198.10000000000002
122.9
151.6
87.0
153.1
174.4
91.9
87.80000000000001
180.60000000000002
148.8
161.8
165.9
111.0
123.7
137.9
102.80000000000001
115.80000000000001
191.3
87.9
286.3
95.60000000000001
152.20000000000002
162.10000000000002
110.80000000000001
101.4
165.60000000000002
147.5
120.30000000000001
118.60000000000001
119.5
136.8
116.5
210.9
123.4
99.60000000000001
175.10000000000002
202.5
122.80000000000001
102.30000000000001
84.60000000000001
176.9
135.8
129.4
146.0
149.9
90.30000000000001
168.0
128.1
127.30000000000001
87.5
152.4
104.2
100.4
106.5
146.20000000000002
122.60000000000001
106.0
141.9
188.5
123.5
124.30000000000001
114.9
84.5
113.30000000000001
158.60000000000002
101.9
130.5
118.0
176.70000000000002
171.0
195.60000000000002
142.6
168.4
115.60000000000001
99.5
108.7
102.2
147.4
157.70000000000002
115.30000000000001
123.10000000000001
142.70000000000002
101.60000000000001
107.4
166.70000000000002
116.4
81.80000000000001
200.60000000000002
136.3
103.30000000000001
109.30000000000001
116.7
205.4
138.70000000000002
101.9
140.3
101.7
204.0
95.30000000000001
148.0
105.10000000000001
171.3
157.10000000000002
100.7
99.9
136.8
99.80000000000001
146.3
172.0
177.4
162.10000000000002
223.8
194.10000000000002
150.3
111.30000000000001
114.30000000000001
128.0
122.2
122.30000000000001
132.0
221.4
175.3
152.3
81.30000000000001
121.4
81.4
124.60000000000001
148.9
162.0
143.20000000000002
160.60000000000002
95.0
108.60000000000001
180.0
145.4
87.60000000000001
176.10000000000002
143.0
96.4
124.7
142.4
133.9
199.4
155.9
92.10000000000001
95.80000000000001
172.20000000000002
156.8
160.9
133.4
196.8
106.0
114.5
140.4
157.5
192.60000000000002
161.8
151.9
89.30000000000001
98.60000000000001
140.20000000000002
128.3
159.0
106.30000000000001
107.9
107.5
96.80000000000001
167.5
202.4
176.3
118.7
125.30000000000001
138.4
182.70000000000002
106.0
119.4
227.3
200.70000000000002
99.80000000000001
144.70000000000002
120.0
137.5
83.80000000000001
133.0
117.9
124.10000000000001
122.80000000000001
130.1
114.80000000000001
106.9
163.10000000000002
137.4
196.5
245.9
160.20000000000002
233.20000000000002
140.1
224.8
143.3
163.10000000000002
172.5
102.60000000000001
147.9
197.3
170.9
113.5
149.20000000000002
105.80000000000001
160.5
156.8
155.5
114.7
150.5
200.60000000000002
132.0
146.1
121.80000000000001
251.9
118.80000000000001
123.30000000000001
110.80000000000001
153.60000000000002
121.4
103.9
86.9
153.0
125.10000000000001
109.10000000000001
150.3
96.7
124.4
103.4
105.5
102.80000000000001
201.4
192.4
147.0
184.60000000000002
152.0
98.9
133.0
91.10000000000001
218.8
168.10000000000002
118.4
97.0
89.4
147.70000000000002
114.10000000000001
191.4
106.7
151.1
108.60000000000001
159.3
169.9
205.20000000000002
210.5
102.7
142.3
165.5
125.60000000000001
165.5
119.10000000000001
131.1
158.5
98.0
127.30000000000001
105.80000000000001
134.1
191.0
86.9
128.8
133.1
129.0
134.8
123.60000000000001
145.6
121.10000000000001
107.7
165.5
116.5
159.0
212.8
113.60000000000001
122.80000000000001
134.20000000000002
150.1
234.10000000000002
137.3
151.4
174.9
135.6
119.4
95.7
125.7
120.60000000000001
165.8
159.10000000000002
126.4
221.70000000000002
124.5
195.8
124.5
118.9
100.2
201.8
157.60000000000002
102.10000000000001
173.5
121.2
127.7
78.4
95.2
178.10000000000002
191.0
339.0
118.5
216.8
184.8
120.80000000000001
168.20000000000002
162.60000000000002
152.4
283.90000000000003
129.3
127.10000000000001
174.8
139.3
150.3
98.30000000000001
130.6
95.5
121.0
106.4
105.9
107.5
176.10000000000002
184.5
134.3
114.9
123.9
162.5
141.6
183.10000000000002
169.4
124.30000000000001
91.2
157.5
119.9
130.6
104.30000000000001
232.0
123.4
127.0
137.4
166.8
97.9
177.5
177.5
179.10000000000002
125.2
115.4
125.0
146.70000000000002
104.10000000000001
143.6
104.10000000000001
133.9
189.5
135.4
117.4
176.0
164.9
102.80000000000001
132.3
102.80000000000001
129.8
257.7
118.10000000000001
164.8
130.70000000000002
150.70000000000002
242.60000000000002
119.2
140.4
140.9
214.60000000000002
147.0
124.10000000000001
153.3
128.5
130.5
194.20000000000002
126.0
139.9
128.3
109.5
115.0
90.9
105.7
176.20000000000002
136.5
142.1
113.9
161.70000000000002
160.5
113.9
104.4
92.10000000000001
141.20000000000002
122.9
113.60000000000001
108.7
73.7
121.5
149.4
109.0
161.10000000000002
119.30000000000001
208.0
128.9
139.20000000000002
110.9
92.60000000000001
121.80000000000001
166.4
178.10000000000002
104.5
129.1
132.5
261.3
126.0
153.3
164.8
144.0
152.3
200.9
99.10000000000001
99.4
142.4
126.80000000000001
130.3
162.10000000000002
107.5
87.10000000000001
115.30000000000001
131.70000000000002
175.4
144.5
151.3
110.2
191.10000000000002
148.3
102.4
145.5
90.2
118.60000000000001
155.70000000000002
151.20000000000002
146.70000000000002
180.8
118.60000000000001
257.1
100.9
286.7
257.7
118.5
97.4
93.30000000000001
118.9
123.5
153.4
151.9
104.7
131.5
166.20000000000002
151.8
91.7
145.8
115.5
160.20000000000002
179.9
120.2
111.9
129.0
173.60000000000002
153.4
142.8
147.3
168.5
98.80000000000001
88.2
230.10000000000002
100.80000000000001
110.7
176.20000000000002
123.7
157.4
151.70000000000002
83.0
142.4
90.9
146.5
136.9
128.6
143.3
88.5
123.60000000000001
81.10000000000001
101.0
153.8
115.0
132.20000000000002
110.80000000000001
130.0
141.0
153.3
124.10000000000001
110.60000000000001
173.4
225.8
141.8
136.3
174.5
120.5
151.5
148.5
87.4
124.30000000000001
200.8
150.9
112.7
85.2
110.2
96.0
124.0
137.0
193.70000000000002
93.7
130.6
105.0
144.20000000000002
177.9
116.60000000000001
145.6
137.3
92.4
114.4
192.10000000000002
193.8
126.2
149.70000000000002
130.0
111.4
80.4
151.20000000000002
93.30000000000001
142.5
136.3
106.60000000000001
166.0
151.8
164.5
152.6
162.5
145.70000000000002
111.0
153.1
123.2
134.9
131.6
184.60000000000002
96.4
139.0
139.9
91.9
108.9
173.70000000000002
149.6
158.70000000000002
92.0
125.0
157.0
101.4
80.9
126.9
91.10000000000001
140.9
233.10000000000002
166.60000000000002
102.5
102.60000000000001
175.70000000000002
75.60000000000001
152.70000000000002
125.10000000000001
115.10000000000001
120.9
189.0
105.10000000000001
119.2
107.9
168.4
125.0
140.5
101.2
102.0
116.7
114.2
143.3
74.2
111.4
114.0
144.1
134.0
153.70000000000002
138.4
122.9
117.80000000000001
104.4
108.60000000000001
117.5
180.4
124.5
126.0
125.60000000000001
123.30000000000001
154.8
186.0
129.4
107.4
101.30000000000001
117.5
179.20000000000002
92.10000000000001
93.60000000000001
157.8
164.0
220.3
100.7
189.0
109.2
267.6
106.30000000000001
148.70000000000002
180.20000000000002
149.1
174.9
122.7
113.80000000000001
96.60000000000001
138.6
124.5
149.4
160.5
109.5
144.4
125.2
127.80000000000001
159.9
187.60000000000002
182.8
145.70000000000002
117.80000000000001
107.9
175.20000000000002
75.7
108.4
114.4
92.2
141.6
126.30000000000001
121.60000000000001
127.9
108.9
94.7
83.80000000000001
102.7
149.3
134.9
97.0
106.9
144.9
186.4
189.20000000000002
92.10000000000001
236.4
94.9
119.0
192.70000000000002
211.8
148.0
142.0
145.9
99.5
111.80000000000001
160.4
112.60000000000001
108.2
176.60000000000002
167.8
148.6
119.10000000000001
143.6
175.9
187.60000000000002
98.9
119.60000000000001
103.5
144.0
91.30000000000001
111.0
129.1
195.8
143.70000000000002
258.6
281.40000000000003
80.5
115.30000000000001
179.8
114.0
190.4
96.5
92.9
120.0
116.10000000000001
214.5
144.70000000000002
115.10000000000001
196.4
137.1
172.4
114.5
109.0
178.5
136.6
180.9
180.8
71.4
156.3
116.30000000000001
146.9
208.9
121.10000000000001
115.7
167.70000000000002
122.9
136.20000000000002
194.9
89.10000000000001
123.2
210.3
143.4
163.3
135.6
155.60000000000002
109.0
130.0
177.5
135.9
267.3
156.10000000000002
163.3
126.30000000000001
139.5
120.5
127.7
277.6
98.0
135.5
145.0
92.80000000000001
140.1
107.2
102.2
178.9
123.0
165.3
159.3
108.7
76.80000000000001
102.9
135.9
133.0
137.5
135.1
120.5
121.0
129.4
91.5
97.4
102.10000000000001
204.8
110.80000000000001
99.7
185.10000000000002
139.3
155.20000000000002
169.60000000000002
125.0
166.60000000000002
160.70000000000002
200.8
177.9
132.0
91.5
106.0
141.1
146.6
96.80000000000001
120.80000000000001
157.60000000000002
143.4
185.70000000000002
142.6
133.1
87.7
123.10000000000001
156.20000000000002
138.8
123.10000000000001
173.60000000000002
121.2
90.2
117.5
154.70000000000002
146.6
124.10000000000001
184.5
205.9
162.0
133.6
110.5
107.10000000000001
124.30000000000001
114.30000000000001
146.3
75.7
113.0
155.10000000000002
99.60000000000001
153.4
121.10000000000001
104.80000000000001
134.5
110.5
140.1
90.80000000000001
174.8
157.9
106.5
171.0
100.9
116.9
152.5
141.9
102.7
132.70000000000002
84.9
137.70000000000002
200.10000000000002
120.7
152.70000000000002
97.0
223.8
112.0
93.30000000000001
105.4
146.3
141.20000000000002
148.8
137.9
141.20000000000002
135.3
239.5
127.7
151.70000000000002
165.9
164.5
142.1
142.70000000000002
109.7
168.4
119.10000000000001
83.10000000000001
85.5
144.6
124.60000000000001
159.10000000000002
127.2
138.70000000000002
212.20000000000002
236.9
143.9
220.9
142.70000000000002
203.20000000000002
130.3
105.10000000000001
170.20000000000002
84.60000000000001
155.3
123.80000000000001
133.3
228.8
175.8
98.2
124.80000000000001
190.9
133.3
161.3
138.1
114.80000000000001
120.60000000000001
86.5
173.8
149.4
135.3
124.0
118.30000000000001
116.10000000000001
134.20000000000002
128.70000000000002
124.30000000000001
97.7
155.20000000000002
98.5
136.6
74.4
212.10000000000002
94.10000000000001
180.60000000000002
102.60000000000001
201.3
113.10000000000001
165.20000000000002
130.3
150.4
157.5
118.5
267.5
160.70000000000002
144.70000000000002
164.9
122.30000000000001
106.30000000000001
172.4
173.5
177.70000000000002
135.9
111.2
132.4
152.9
103.4
113.9
77.7
175.60000000000002
187.5
163.9
141.4
177.9
119.5
140.5
113.2
98.9
194.3
213.20000000000002
128.5
115.9
182.9
165.10000000000002
77.4
122.60000000000001
106.0
92.5
152.70000000000002
99.9
115.7
129.8
131.6
150.9
130.20000000000002
155.8
198.8
133.4
107.30000000000001
107.9
147.9
126.60000000000001
203.4
150.1
199.20000000000002
144.0
138.8
141.1
134.3
123.60000000000001
122.80000000000001
118.30000000000001
142.70000000000002
152.20000000000002
120.60000000000001
96.30000000000001
121.5
119.60000000000001
154.10000000000002
87.4
111.2
130.70000000000002
133.0
161.60000000000002
208.4
175.20000000000002
175.10000000000002
161.9
121.9
203.5
79.4
160.5
104.4
112.10000000000001
253.5
140.8
151.3
216.70000000000002
89.10000000000001
101.30000000000001
128.3
171.20000000000002
91.0
147.3
120.9
115.10000000000001
173.3
172.5
166.8
162.0
185.8
141.6
132.6
144.9
158.5
129.4
152.4
155.5
137.20000000000002
144.1
153.8
172.0
162.70000000000002
184.8
120.7
108.30000000000001
207.4
141.20000000000002
148.70000000000002
127.7
155.9
119.0
164.9
119.4
151.5
148.1
133.20000000000002
205.70000000000002
124.2
150.4
264.90000000000003
145.70000000000002
158.9
73.60000000000001
155.70000000000002
154.60000000000002
225.70000000000002
85.0
128.9
106.9
121.80000000000001
140.9
141.0
172.0
127.5
116.9
183.70000000000002
147.6
129.1
188.10000000000002
113.7
105.4
142.5
104.5
166.10000000000002
138.5
165.4
127.5
131.5
157.8
144.70000000000002
103.30000000000001
165.0
143.3
116.0
206.70000000000002
129.9
211.3
162.8
139.6
132.3
166.20000000000002
97.7
93.80000000000001
140.9
109.80000000000001
102.5
136.3
217.70000000000002
139.1
199.10000000000002
117.4
165.8
142.3
96.60000000000001
170.4
125.0
120.5
157.0
144.4
131.3
165.70000000000002
119.9
136.0
136.3
95.80000000000001
128.20000000000002
178.4
195.0
118.2
167.3
140.6
113.9
197.4
147.20000000000002
140.8
172.60000000000002
131.0
157.60000000000002
160.4
217.9
107.2
103.0
147.6
117.2
148.3
129.70000000000002
146.1
84.5
131.8
105.7
164.5
109.0
181.3
130.20000000000002
110.30000000000001
147.0
184.10000000000002
94.80000000000001
136.5
118.2
133.5
136.5
281.7
160.3
187.4
106.4
136.0
107.5
112.0
130.4
137.1
210.20000000000002
175.0
144.8
98.0
141.3
129.70000000000002
102.0
81.5
156.3
130.0
170.60000000000002
135.1
138.6
205.8
120.0
208.70000000000002
161.3
163.70000000000002
134.4
127.7
89.10000000000001
100.5
125.80000000000001
114.2
213.10000000000002
85.30000000000001
114.30000000000001
249.5
87.4
131.20000000000002
147.8
130.0
174.9
86.0
152.8
131.8
282.7
172.20000000000002
161.5
88.7
192.3
229.20000000000002
107.9
177.70000000000002
116.4
151.6
104.10000000000001
113.10000000000001
131.4
191.70000000000002
135.4
95.7
237.9
212.0
157.3
90.7
199.20000000000002
162.60000000000002
175.3
192.60000000000002
149.5
117.60000000000001
173.70000000000002
127.60000000000001
105.9
148.8
137.8
170.10000000000002
174.0
261.5
120.10000000000001
133.4
136.20000000000002
159.8
164.8
171.4
318.20000000000005
133.6
190.10000000000002
161.8
101.7
176.8
201.70000000000002
148.9
203.3
125.30000000000001
126.10000000000001
185.70000000000002
109.60000000000001
104.0
162.3
115.9
93.60000000000001
88.7
107.60000000000001
125.7
107.4
150.20000000000002
86.30000000000001
163.4
118.80000000000001
186.70000000000002
157.9
129.70000000000002
184.0
155.20000000000002
136.8
139.20000000000002
121.10000000000001
153.60000000000002
109.0
162.8
126.7
141.1
156.8
176.0
132.20000000000002
123.10000000000001
160.8
190.0
150.4
170.20000000000002
138.5
197.9
108.2
127.5
140.1
148.20000000000002
151.70000000000002
135.6
134.6
157.5
131.0
168.5
154.9
211.8
96.10000000000001
107.7
104.2
223.3
122.80000000000001
137.6
80.10000000000001
137.6
110.60000000000001
156.8
147.8
145.5
142.3
217.60000000000002
110.0
133.9
188.10000000000002
237.9
168.5
100.30000000000001
149.4
157.60000000000002
148.8
118.4
97.30000000000001
115.7
189.10000000000002
125.80000000000001
138.4
93.7
162.4
107.2
108.4
94.60000000000001
104.60000000000001
154.3
111.7
111.5
129.1
112.9
148.5
197.0
183.8
126.2
169.8
135.9
223.20000000000002
193.4
129.4
167.60000000000002
102.5
169.3
134.1
147.20000000000002
134.1
204.5
128.3
161.0
140.70000000000002
164.10000000000002
107.4
170.8
135.0
151.70000000000002
129.70000000000002
162.20000000000002
139.1
159.70000000000002
98.4
111.30000000000001
149.4
120.2
182.0
142.20000000000002
115.2
122.10000000000001
136.9
182.20000000000002
138.9
147.3
169.20000000000002
114.5
114.60000000000001
136.6
171.70000000000002
113.7
167.4
224.9
109.4
139.4
176.10000000000002
121.0
76.7
170.70000000000002
117.60000000000001
210.4
128.70000000000002
128.3
245.70000000000002
155.70000000000002
156.8
112.80000000000001
140.9
80.10000000000001
138.20000000000002
183.0
169.70000000000002
150.8
200.9
143.9
104.9
102.9
131.70000000000002
99.80000000000001
148.6
176.8
166.5
125.4
156.70000000000002
92.7
123.2
162.20000000000002
109.9
145.0
97.5
174.0
117.30000000000001
190.10000000000002
114.30000000000001
115.80000000000001
103.60000000000001
139.5
125.5
117.4
138.3
168.5
87.5
127.60000000000001
129.9
132.20000000000002
122.10000000000001
145.1
298.1
94.30000000000001
127.80000000000001
111.30000000000001
148.70000000000002
128.1
141.8
163.10000000000002
139.70000000000002
129.8
274.1
304.2
150.5
145.0
155.60000000000002
116.80000000000001
117.7
132.70000000000002
260.2
178.20000000000002
134.4
108.80000000000001
123.0
113.60000000000001
128.8
131.70000000000002
192.0
104.5
106.60000000000001
104.5
156.5
122.80000000000001
121.7
108.30000000000001
223.60000000000002
97.80000000000001
210.8
139.9
191.8
157.5
91.5
111.80000000000001
111.30000000000001
131.6
134.70000000000002
131.1
112.60000000000001
88.60000000000001
191.0
100.4
142.6
176.3
164.0
117.9
115.5
86.4
172.20000000000002
133.6
112.60000000000001
109.2
154.70000000000002
146.20000000000002
162.60000000000002
179.3
98.9
106.80000000000001
124.2
110.9
148.4
135.5
122.0
120.0
125.5
96.9
111.30000000000001
159.70000000000002
171.5
108.5
119.5
132.6
92.0
96.2
187.0
102.30000000000001
204.9
132.8
150.3
92.5
115.7
128.6
166.60000000000002
165.4
129.6
107.30000000000001
124.0
133.5
196.20000000000002
123.80000000000001
164.10000000000002
145.8
93.5
181.5
136.6
130.8
135.70000000000002
175.9
175.20000000000002
172.3
94.4
208.10000000000002
164.60000000000002
126.4
141.6
90.10000000000001
153.20000000000002
202.8
105.10000000000001
145.70000000000002
142.20000000000002
159.60000000000002
112.2
281.5
115.2
97.30000000000001
102.30000000000001
197.8
216.10000000000002
181.70000000000002
126.4
129.0
149.0
130.4
110.7
205.10000000000002
186.8
115.4
125.2
164.4
90.80000000000001
144.1
159.9
175.4
168.20000000000002
137.0
152.8
124.5
214.8
108.0
183.70000000000002
78.60000000000001
191.70000000000002
153.3
133.0
203.3
111.7
104.4
137.70000000000002
186.10000000000002
111.80000000000001
182.20000000000002
127.10000000000001
162.20000000000002
174.8
95.80000000000001
93.4
162.8
144.3
136.70000000000002
137.8
96.60000000000001
106.30000000000001
120.60000000000001
135.4
140.70000000000002
151.70000000000002
155.70000000000002
177.8
113.5
171.9
103.4
160.70000000000002
171.10000000000002
136.3
145.9
159.70000000000002
118.4
136.5
124.60000000000001
195.3
148.4
140.5
103.4
101.0
129.5
130.3
151.1
113.0
92.30000000000001
141.70000000000002
93.10000000000001
111.10000000000001
198.5
135.20000000000002
162.4
183.5
141.5
83.5
196.20000000000002
131.3
138.20000000000002
107.0
118.5
165.70000000000002
97.30000000000001
140.1
266.90000000000003
168.5
156.5
150.6
104.60000000000001
121.30000000000001
128.0
101.5
169.70000000000002
140.6
208.70000000000002
174.3
152.5
62.400000000000006
158.4
134.9
211.60000000000002
139.1
147.20000000000002
91.9
151.20000000000002
120.4
97.30000000000001
93.9
133.6
186.4
168.4
75.5
109.80000000000001
151.8
128.8
136.5
231.5
104.0
139.5
136.3
127.7
116.10000000000001
152.20000000000002
144.5
137.0
118.0
183.10000000000002
157.10000000000002
242.60000000000002
105.60000000000001
134.20000000000002
214.0
182.70000000000002
115.0
157.9
143.6
125.60000000000001
113.80000000000001
139.6
113.60000000000001
99.9
99.0
141.0
143.4
126.4
111.5
177.5
166.9
149.70000000000002
157.5
109.60000000000001
153.0
199.4
241.8
124.4
201.4
97.30000000000001
166.0
153.4
171.8
142.9
87.10000000000001
167.10000000000002
148.4
142.9
138.8
79.4
126.60000000000001
203.9
152.8
136.70000000000002
110.9
164.3
125.7
121.2
146.8
110.2
158.20000000000002
146.8
122.4
114.80000000000001
121.10000000000001
165.3
102.10000000000001
160.10000000000002
207.4
162.4
159.5
147.70000000000002
95.4
163.3
112.0
156.4
138.3
98.60000000000001
68.3
88.9
132.0
127.60000000000001
155.10000000000002
108.2
158.20000000000002
214.5
130.9
219.9
137.20000000000002
193.8
155.3
163.4
71.9
147.1
150.3
94.7
148.4
120.4
148.0
133.4
130.4
178.9
169.3
167.10000000000002
156.60000000000002
183.4
132.4
157.10000000000002
197.0
180.4
228.5
133.70000000000002
107.2
142.0
230.5
168.60000000000002
152.3
124.7
112.5
197.8
152.6
99.5
123.4
119.2
110.7
99.2
130.9
170.3
110.4
182.4
87.0
157.3
133.20000000000002
149.9
71.5
121.9
189.5
182.8
200.3
180.0
123.9
181.8
141.6
121.0
134.0
105.30000000000001
151.3
141.4
144.8
148.8
90.30000000000001
166.3
141.0
143.20000000000002
171.9
101.7
86.4
102.9
170.3
134.6
104.80000000000001
177.8
152.4
192.8
150.3
106.2
116.30000000000001
139.5
164.60000000000002
98.9
127.5
126.60000000000001
109.60000000000001
158.8
136.8
184.5
137.6
133.1
157.60000000000002
140.6
139.0
149.0
145.3
151.70000000000002
125.0
129.1
90.30000000000001
117.7
185.9
168.70000000000002
123.2
116.7
173.70000000000002
114.9
113.7
155.9
123.0
108.5
88.2
101.60000000000001
213.0
95.5
171.60000000000002
155.8
212.4
133.20000000000002
123.80000000000001
151.1
182.3
86.9
165.8
128.6
105.5
191.8
198.0
118.5
151.4
141.70000000000002
149.5
111.60000000000001
187.8
138.9
169.10000000000002
91.5
108.2
123.10000000000001
166.70000000000002
134.0
148.20000000000002
115.60000000000001
136.20000000000002
101.2
135.9
200.8
110.7
207.4
103.9
114.60000000000001
125.4
115.0
127.0
148.6
104.4
132.6
164.9
169.0
121.10000000000001
119.30000000000001
177.60000000000002
165.70000000000002
183.60000000000002
89.7
134.20000000000002
233.20000000000002
119.5
117.30000000000001
91.30000000000001
168.5
97.4
194.10000000000002
93.4
100.7
113.7
173.70000000000002
141.1
160.10000000000002
121.10000000000001
182.70000000000002
154.9
219.70000000000002
113.30000000000001
144.0
151.20000000000002
118.2
123.80000000000001
186.3
133.6
108.30000000000001
123.0
91.30000000000001
130.8
170.5
132.3
173.9
95.7
106.2
119.80000000000001
198.8
136.8
113.5
155.20000000000002
282.6
117.4
97.10000000000001
297.3
153.0
131.1
126.30000000000001
115.30000000000001
187.60000000000002
198.9
133.5
147.1
101.7
105.80000000000001
162.70000000000002
157.10000000000002
137.3
149.4
139.5
89.0
134.9
91.30000000000001
102.10000000000001
122.80000000000001
110.2
108.9
85.30000000000001
134.1
164.10000000000002
138.4
140.20000000000002
173.20000000000002
109.10000000000001
90.9
129.3
163.10000000000002
101.10000000000001
92.30000000000001
157.5
200.4
203.4
147.4
121.10000000000001
102.0
267.3
107.5
163.9
150.0
96.30000000000001
184.0
117.5
103.60000000000001
194.3
95.7
122.9
160.4
105.10000000000001
117.60000000000001
139.3
152.9
126.60000000000001
75.8
111.7
69.10000000000001
155.8
184.9
133.5
129.1
109.9
172.3
147.3
89.80000000000001
177.8
192.0
102.60000000000001
134.3
124.7
117.7
124.9
119.80000000000001
156.70000000000002
108.10000000000001
149.1
190.0
224.4
100.30000000000001
137.8
110.7
211.8
89.5
90.7
210.5
153.20000000000002
149.6
131.4
143.0
155.60000000000002
107.30000000000001
109.0
96.9
137.5
113.4
105.10000000000001
117.2
102.2
191.8
99.30000000000001
200.10000000000002
103.2
191.10000000000002
100.7
115.60000000000001
118.30000000000001
94.0
156.60000000000002
149.20000000000002
160.70000000000002
90.30000000000001
153.0
114.2
170.10000000000002
243.4
194.20000000000002
144.4
112.9
174.5
175.5
106.4
115.4
108.10000000000001
91.10000000000001
230.70000000000002
134.1
100.10000000000001
152.5
86.4
107.30000000000001
122.2
121.4
124.60000000000001
104.9
256.90000000000003
160.5
113.60000000000001
135.9
161.4
141.3
143.8
143.4
124.2
158.9
180.10000000000002
121.4
126.2
186.3
116.7
131.0
152.5
150.1
146.8
170.5
163.60000000000002
99.5
223.0
206.9
105.10000000000001
118.0
178.4
183.20000000000002
141.70000000000002
231.60000000000002
140.70000000000002
195.9
95.10000000000001
129.1
159.0
97.4
94.2
90.30000000000001
195.3
110.80000000000001
128.5
131.3
142.0
186.70000000000002
100.0
155.5
175.3
105.60000000000001
129.0
212.4
104.80000000000001
233.60000000000002
151.0
169.8
206.8
109.60000000000001
84.0
101.60000000000001
119.80000000000001
139.4
95.80000000000001
267.2
131.1
126.0
88.60000000000001
193.10000000000002
187.5
201.5
104.10000000000001
148.1
128.3
145.0
80.0
124.2
136.5
97.10000000000001
89.4
104.2
121.4
72.7
115.4
109.2
190.20000000000002
144.8
96.10000000000001
144.1
79.30000000000001
120.4
157.20000000000002
108.9
160.0
158.4
104.30000000000001
108.4
129.3
115.2
134.4
166.70000000000002
112.9
209.10000000000002
107.7
151.20000000000002
256.2
102.10000000000001
189.4
158.9
170.60000000000002
232.60000000000002
168.0
337.40000000000003
96.80000000000001
107.30000000000001
188.70000000000002
112.30000000000001
256.8
128.20000000000002
144.9
189.10000000000002
174.8
151.5
130.4
100.0
107.9
127.80000000000001
129.3
114.10000000000001
134.6
102.9
124.80000000000001
150.1
166.3
120.30000000000001
96.2
149.70000000000002
112.10000000000001
110.2
167.3
89.0
163.5
259.8
100.7
91.60000000000001
97.2
91.5
136.20000000000002
135.1
124.10000000000001
88.0
139.5
163.20000000000002
158.9
149.9
140.9
177.9
135.0
144.8
191.9
176.70000000000002
142.70000000000002
122.30000000000001
142.6
98.60000000000001
97.60000000000001
175.60000000000002
107.4
111.9
141.6
229.8
134.70000000000002
109.30000000000001
134.70000000000002
180.9
95.30000000000001
145.4
145.3
80.5
134.1
201.5
146.70000000000002
100.5
151.70000000000002
101.9
132.6
83.7
150.70000000000002
95.0
104.2
127.7
156.0
133.8
142.8
103.5
169.70000000000002
140.6
126.60000000000001
153.20000000000002
75.9
106.30000000000001
124.9
211.0
105.80000000000001
221.20000000000002
198.9
141.6
137.6
214.70000000000002
184.70000000000002
146.1
171.9
122.60000000000001
134.20000000000002
122.80000000000001
146.6
392.20000000000005
165.8
157.3
168.10000000000002
172.8
112.4
157.8
119.30000000000001
125.0
161.20000000000002
89.7
128.6
169.8
128.1
109.80000000000001
155.5
102.9
103.4
145.1
123.0
101.30000000000001
134.5
203.9
234.9
228.0
153.5
125.2
127.0
110.0
100.60000000000001
111.2
168.20000000000002
110.4
144.1
106.5
180.0
177.0
151.0
186.5
221.70000000000002
161.10000000000002
184.60000000000002
144.3
120.5
172.70000000000002
166.8
103.5
122.4
117.4
93.0
160.3
85.2
112.30000000000001
126.7
118.30000000000001
160.3
198.5
127.10000000000001
118.0
86.80000000000001
138.8
151.3
101.10000000000001
149.4
190.9
130.20000000000002
172.60000000000002
170.0
190.3
157.70000000000002
132.9
108.10000000000001
141.9
107.7
118.4
149.20000000000002
167.20000000000002
176.9
120.4
155.0
282.0
76.5
110.10000000000001
99.30000000000001
88.7
104.0
145.20000000000002
186.60000000000002
123.60000000000001
113.5
142.8
126.4
102.0
167.5
144.4
97.0
200.8
109.0
127.4
118.30000000000001
168.20000000000002
130.3
141.1
124.5
159.8
136.6
148.3
175.10000000000002
195.8
106.0
147.5
120.30000000000001
156.3
109.2
247.4
118.10000000000001
169.70000000000002
147.20000000000002
146.20000000000002
149.20000000000002
110.4
194.10000000000002
149.9
115.60000000000001
186.70000000000002
98.30000000000001
152.4
149.70000000000002
105.7
126.0
94.10000000000001
158.20000000000002
131.5
120.2
146.9
112.80000000000001
90.30000000000001
283.1
99.80000000000001
105.30000000000001
104.7
80.80000000000001
114.5
151.8
80.80000000000001
125.5
167.4
149.8
181.0
175.3
125.7
133.8
164.4
160.8
117.9
190.70000000000002
123.60000000000001
127.5
124.80000000000001
190.3
117.30000000000001
92.80000000000001
125.2
127.4
137.6
160.9
213.60000000000002
145.9
156.20000000000002
92.10000000000001
176.60000000000002
110.80000000000001
188.3
148.9
114.80000000000001
104.30000000000001
132.20000000000002
172.0
134.6
149.8
96.0
119.9
127.10000000000001
164.0
162.5
298.6
104.60000000000001
86.9
174.4
105.80000000000001
199.70000000000002
121.80000000000001
171.4
123.10000000000001
156.60000000000002
107.10000000000001
165.5
134.6
201.0
111.10000000000001
158.20000000000002
133.9
183.10000000000002
113.80000000000001
81.10000000000001
135.8
148.20000000000002
217.9
195.3
121.0
201.8
132.5
93.7
131.4
123.10000000000001
78.2
143.20000000000002
172.60000000000002
129.8
108.5
121.80000000000001
101.5
195.70000000000002
152.5
152.5
192.10000000000002
110.2
139.5
145.8
106.10000000000001
124.80000000000001
115.4
150.3
144.4
238.0
182.70000000000002
214.70000000000002
146.70000000000002
174.70000000000002
146.0
133.5
178.10000000000002
102.5
142.5
135.5
148.4
139.20000000000002
75.5
153.0
159.5
118.60000000000001
95.10000000000001
122.60000000000001
99.4
107.5
140.5
234.4
195.5
123.60000000000001
131.9
151.8
120.9
143.70000000000002
145.6
148.3
147.70000000000002
129.6
130.3
192.9
115.30000000000001
100.2
147.6
136.70000000000002
122.7
150.6
211.0
116.5
134.70000000000002
230.0
104.30000000000001
139.6
70.0
212.4
131.6
104.60000000000001
92.30000000000001
136.20000000000002
103.30000000000001
141.9
147.70000000000002
127.30000000000001
98.30000000000001
113.80000000000001
99.2
113.7
113.30000000000001
153.8
98.4
125.80000000000001
120.0
160.4
126.2
147.6
134.5
96.5
117.10000000000001
190.5
117.30000000000001
146.5
95.9
130.3
181.5
144.20000000000002
104.10000000000001
104.80000000000001
168.3
133.4
114.30000000000001
101.5
136.8
155.70000000000002
136.6
124.30000000000001
129.20000000000002
162.20000000000002
146.20000000000002
168.0
71.9
137.20000000000002
108.0
118.80000000000001
108.7
138.70000000000002
136.1
111.30000000000001
218.0
181.20000000000002
123.9
85.5
111.80000000000001
120.2
147.1
186.8
192.60000000000002
126.9
203.20000000000002
118.0
89.60000000000001
126.4
128.6
160.5
144.20000000000002
158.3
132.3
110.5
157.5
118.60000000000001
120.80000000000001
133.9
148.1
121.9
115.10000000000001
107.30000000000001
127.5
104.7
112.30000000000001
132.8
83.5
233.0
138.20000000000002
163.5
164.10000000000002
91.10000000000001
122.0
220.9
170.10000000000002
233.0
175.3
116.9
139.9
129.3
113.2
124.10000000000001
189.4
103.9
172.70000000000002
144.20000000000002
133.1
139.3
106.80000000000001
158.8
165.4
97.5
159.3
133.3
180.70000000000002
161.0
103.10000000000001
206.10000000000002
149.4
147.9
74.10000000000001
124.4
243.5
93.2
158.10000000000002
108.80000000000001
141.4
99.0
123.80000000000001
152.5
124.30000000000001
132.9
136.0
151.6
157.5
200.4
116.80000000000001
208.9
179.8
107.10000000000001
120.80000000000001
152.0
117.60000000000001
112.9
179.20000000000002
94.4
83.0
152.1
117.80000000000001
108.9
129.6
174.8
119.2
112.7
102.4
164.9
120.10000000000001
182.0
98.5
245.4
145.20000000000002
134.4
232.3
165.3
172.5
211.9
113.2
119.80000000000001
190.10000000000002
103.60000000000001
144.4
172.5
116.7
131.1
120.60000000000001
128.70000000000002
206.8
152.5
81.30000000000001
129.3
137.1
94.10000000000001
208.9
100.2
111.4
104.80000000000001
134.9
136.5
83.4
136.20000000000002
111.7
245.5
111.60000000000001
264.6
110.60000000000001
150.70000000000002
142.9
125.10000000000001
102.2
144.8
142.0
255.20000000000002
130.8
111.30000000000001
152.9
153.9
109.80000000000001
134.4
172.60000000000002
205.9
150.5
155.70000000000002
95.2
106.30000000000001
144.5
140.1
191.10000000000002
253.20000000000002
101.7
147.1
161.70000000000002
162.5
157.0
92.7
157.9
131.5
158.3
174.4
164.20000000000002
183.9
159.9
129.3
159.10000000000002
127.2
123.80000000000001
151.5
143.9
116.10000000000001
127.30000000000001
101.9
179.10000000000002
99.9
140.1
104.60000000000001
177.60000000000002
184.70000000000002
192.4
99.10000000000001
132.8
138.4
98.80000000000001
151.70000000000002
118.0
126.60000000000001
153.8
137.5
120.9
221.20000000000002
145.4
145.20000000000002
124.7
97.7
146.5
135.20000000000002
193.3
149.0
133.8
163.70000000000002
106.4
86.10000000000001
135.5
140.3
167.10000000000002
115.4
132.5
130.6
236.9
98.60000000000001
107.30000000000001
171.60000000000002
157.5
130.0
119.10000000000001
132.5
139.8
134.70000000000002
91.60000000000001
235.0
117.30000000000001
147.3
148.3
116.7
154.0
117.2
212.70000000000002
156.60000000000002
102.60000000000001
139.1
159.4
156.8
229.3
87.10000000000001
100.9
178.10000000000002
171.0
226.8
123.7
119.5
118.2
139.5
115.0
110.30000000000001
129.3
135.6
130.3
135.8
226.60000000000002
153.60000000000002
204.60000000000002
144.3
124.2
193.20000000000002
134.20000000000002
176.8
90.9
101.7
150.9
128.5
159.4
113.10000000000001
188.3
92.30000000000001
143.0
103.0
132.4
152.9
156.5
112.60000000000001
176.20000000000002
218.8
116.0
150.20000000000002
115.4
130.5
108.2
190.3
97.60000000000001
191.9
123.9
92.4
127.10000000000001
151.9
79.80000000000001
156.4
171.60000000000002
169.5
112.7
145.1
152.9
145.0
110.4
88.80000000000001
173.20000000000002
119.30000000000001
153.60000000000002
104.80000000000001
141.1
135.5
112.9
179.3
104.80000000000001
162.9
150.8
187.20000000000002
127.9
128.5
151.70000000000002
100.4
155.70000000000002
98.5
127.4
166.70000000000002
119.5
108.9
85.80000000000001
129.6
162.5
114.2
200.70000000000002
103.4
77.4
118.10000000000001
76.7
150.8
113.60000000000001
177.20000000000002
162.5
146.70000000000002
113.9
161.4
129.3
117.2
168.10000000000002
183.0
95.10000000000001
205.20000000000002
109.60000000000001
112.4
143.20000000000002
118.9
181.8
130.9
178.60000000000002
136.9
97.10000000000001
182.20000000000002
147.1
105.5
202.9
156.60000000000002
122.4
96.30000000000001
109.7
137.9
170.70000000000002
209.3
100.10000000000001
110.9
118.80000000000001
176.5
162.0
109.0
120.4
118.2
161.5
205.10000000000002
119.5
147.6
125.10000000000001
157.4
163.3
108.30000000000001
119.60000000000001
86.10000000000001
175.8
140.3
93.9
263.7
152.20000000000002
118.5
95.30000000000001
182.4
215.20000000000002
97.30000000000001
98.10000000000001
83.2
155.0
137.3
128.6
76.3
122.0
164.10000000000002
120.5
135.70000000000002
96.4
144.0
188.10000000000002
103.10000000000001
129.9
159.10000000000002
117.4
119.0
130.70000000000002
105.60000000000001
116.60000000000001
129.20000000000002
145.20000000000002
159.3
169.20000000000002
97.7
115.4
121.0
111.10000000000001
100.80000000000001
123.2
202.0
117.60000000000001
117.0
132.3
133.3
121.7
194.10000000000002
119.10000000000001
125.7
155.8
123.2
105.2
108.2
76.10000000000001
186.70000000000002
226.10000000000002
164.20000000000002
137.3
172.60000000000002
131.8
159.10000000000002
163.3
120.7
143.70000000000002
99.4
119.9
100.7
111.10000000000001
176.9
131.5
133.3
129.5
129.5
137.20000000000002
139.0
109.60000000000001
181.3
273.40000000000003
134.9
130.3
144.5
83.80000000000001
94.9
114.10000000000001
169.10000000000002
82.0
129.20000000000002
137.0
143.9
122.7
123.30000000000001
157.4
104.9
115.30000000000001
102.2
132.3
164.60000000000002
127.0
127.0
118.2
127.4
142.5
119.4
126.80000000000001
158.10000000000002
192.4
134.3
104.9
118.80000000000001
153.5
157.3
223.9
175.60000000000002
131.8
113.5
105.30000000000001
101.9
125.5
107.4
132.0
138.0
153.5
133.6
192.5
121.80000000000001
148.8
130.70000000000002
159.70000000000002
194.4
124.30000000000001
92.30000000000001
119.4
125.10000000000001
121.10000000000001
103.60000000000001
130.6
130.1
81.7
110.0
122.4
130.6
150.1
190.60000000000002
125.30000000000001
112.5
93.10000000000001
131.70000000000002
159.8
135.9
107.10000000000001
155.10000000000002
146.0
141.9
104.60000000000001
187.5
147.8
173.70000000000002
101.5
119.4
206.5
118.30000000000001
96.2
106.4
119.0
264.90000000000003
124.4
124.10000000000001
94.10000000000001
140.6
83.9
156.3
96.7
181.10000000000002
110.2
141.20000000000002
87.60000000000001
93.10000000000001
115.9
115.4
144.70000000000002
152.9
165.20000000000002
133.5
110.9
141.4
143.8
213.3
123.5
184.3
94.30000000000001
135.9
144.9
126.0
114.60000000000001
187.5
127.60000000000001
238.8
146.3
141.20000000000002
176.60000000000002
108.0
106.30000000000001
113.30000000000001
165.0
100.2
120.60000000000001
201.60000000000002
106.30000000000001
110.2
114.2
118.10000000000001
129.9
235.60000000000002
117.2
122.0
112.7
113.0
284.6
131.4
159.4
123.0
129.8
116.2
120.7
175.5
136.5
129.3
161.5
117.80000000000001
195.10000000000002
119.30000000000001
132.6
135.0
127.4
146.1
120.60000000000001
128.1
121.5
181.9
144.1
203.10000000000002
120.80000000000001
175.3
138.5
109.4
145.4
193.10000000000002
117.60000000000001
91.9
135.1
159.70000000000002
159.5
104.60000000000001
127.10000000000001
170.5
105.7
156.70000000000002
117.0
182.5
126.4
168.10000000000002
152.6
181.60000000000002
130.1
129.5
111.0
162.70000000000002
149.0
254.8
161.8
151.1
132.70000000000002
113.10000000000001
109.9
133.4
134.5
108.30000000000001
125.2
190.3
168.5
108.30000000000001
100.80000000000001
315.5
138.5
119.4
129.1
117.9
159.5
111.9
124.60000000000001
145.3
121.4
169.5
118.30000000000001
129.70000000000002
148.0
126.9
143.5
115.30000000000001
146.5
120.4
103.0
136.3
91.2
169.70000000000002
98.60000000000001
146.70000000000002
118.9
144.1
175.20000000000002
115.2
94.7
89.0
85.30000000000001
148.5
83.60000000000001
205.5
91.0
123.9
101.10000000000001
156.60000000000002
98.60000000000001
157.3
108.30000000000001
176.8
103.0
141.20000000000002
210.4
129.8
179.5
85.80000000000001
146.5
109.0
111.0
108.7
154.70000000000002
100.0
197.10000000000002
109.7
109.80000000000001
105.80000000000001
155.3
158.70000000000002
133.6
157.9
114.10000000000001
114.30000000000001
109.30000000000001
184.3
116.30000000000001
122.30000000000001
130.1
120.30000000000001
117.7
163.20000000000002
127.2
84.5
146.70000000000002
145.4
200.60000000000002
171.8
113.0
157.9
145.4
158.20000000000002
125.80000000000001
149.70000000000002
158.0
138.70000000000002
151.70000000000002
148.5
142.6
125.7
181.20000000000002
176.8
129.8
117.60000000000001
110.80000000000001
204.20000000000002
188.10000000000002
129.1
142.1
163.10000000000002
110.9
143.0
110.30000000000001
147.1
189.60000000000002
212.4
137.9
151.0
168.8
134.9
97.2
233.70000000000002
130.20000000000002
146.1
166.0
157.9
125.60000000000001
129.4
130.9
109.30000000000001
120.60000000000001
177.9
185.9
147.8
135.70000000000002
111.7
117.80000000000001
115.0
163.3
106.80000000000001
113.2
150.20000000000002
179.20000000000002
111.5
133.4
167.5
155.3
104.5
109.80000000000001
159.8
87.30000000000001
83.7
103.9
104.60000000000001
141.0
101.60000000000001
218.0
166.10000000000002
131.6
204.10000000000002
86.5
144.1
146.5
96.2
105.4
185.9
122.10000000000001
137.4
134.1
96.2
185.70000000000002
179.20000000000002
142.9
127.80000000000001
206.0
129.4
214.3
119.10000000000001
180.3
117.80000000000001
123.10000000000001
109.5
108.60000000000001
113.30000000000001
140.8
190.20000000000002
112.4
205.70000000000002
232.70000000000002
104.5
134.0
101.9
106.7
134.8
103.0
108.4
178.70000000000002
148.8
203.9
236.9
136.70000000000002
131.1
110.60000000000001
89.2
109.7
111.5
167.5
161.10000000000002
114.30000000000001
172.3
77.80000000000001
133.0
144.9
118.7
276.2
167.10000000000002
116.0
113.80000000000001
146.0
119.0
117.80000000000001
232.20000000000002
145.70000000000002
82.9
124.9
141.5
155.20000000000002
162.8
75.5
110.2
140.9
186.8
106.30000000000001
145.9
96.60000000000001
139.5
142.4
163.70000000000002
120.0
216.70000000000002
112.4
197.0
101.10000000000001
121.80000000000001
121.60000000000001
191.9
150.70000000000002
104.80000000000001
152.0
201.3
104.4
148.9
165.70000000000002
109.4
116.0
105.4
117.7
114.5
88.4
111.60000000000001
145.0
151.1
94.5
121.0
166.60000000000002
101.7
104.80000000000001
161.60000000000002
140.3
145.0
160.10000000000002
139.8
149.5
162.9
108.30000000000001
136.3
137.4
131.20000000000002
123.5
107.7
134.3
201.8
173.10000000000002
188.8
102.5
199.8
216.3
273.0
259.8
313.6
142.70000000000002
131.70000000000002
138.8
119.80000000000001
182.60000000000002
194.3
137.20000000000002
142.6
212.10000000000002
94.7
153.0
144.70000000000002
185.0
105.60000000000001
226.8
172.70000000000002
156.5
209.0
138.8
120.0
163.10000000000002
137.8
90.60000000000001
135.4
79.9
176.10000000000002
182.10000000000002
175.3
84.0
241.10000000000002
121.60000000000001
138.8
127.0
165.4
133.5
152.6
116.5
98.2
154.3
135.20000000000002
175.20000000000002
177.5
151.4
141.70000000000002
131.0
82.9
99.4
171.70000000000002
135.4
142.1
121.10000000000001
231.8
112.9
157.10000000000002
118.9
144.20000000000002
148.20000000000002
124.5
137.1
151.1
164.3
145.9
154.20000000000002
102.0
115.10000000000001
200.4
117.80000000000001
113.7
111.10000000000001
136.9
146.9
101.60000000000001
98.30000000000001
159.0
149.9
198.20000000000002
159.0
85.9
122.9
213.10000000000002
201.0
130.8
127.9
122.30000000000001
90.10000000000001
123.4
142.4
141.4
144.70000000000002
104.60000000000001
147.20000000000002
149.1
156.8
177.8
119.7
105.80000000000001
176.5
136.20000000000002
125.0
111.80000000000001
160.60000000000002
147.3
73.10000000000001
173.5
129.70000000000002
91.10000000000001
152.6
107.0
81.5
153.20000000000002
129.20000000000002
126.10000000000001
151.4
117.9
180.5
159.70000000000002
108.0
138.8
141.8
150.20000000000002
121.7
143.3
127.60000000000001
124.10000000000001
165.5
187.70000000000002
255.60000000000002
94.7
135.70000000000002
223.20000000000002
162.8
84.2
103.4
146.9
109.0
137.8
167.60000000000002
116.80000000000001
120.0
146.6
97.30000000000001
137.3
151.6
147.4
199.3
136.70000000000002
188.9
175.9
158.0
98.10000000000001
118.9
93.5
152.5
130.20000000000002
135.0
190.20000000000002
112.0
140.3
272.6
118.7
143.70000000000002
121.2
145.8
139.70000000000002
167.5
148.3
248.10000000000002
133.5
76.7
107.80000000000001
90.5
139.20000000000002
106.7
91.0
147.0
86.60000000000001
108.80000000000001
139.5
217.70000000000002
97.10000000000001
86.30000000000001
157.4
201.20000000000002
105.2
119.9
129.70000000000002
105.4
166.4
118.10000000000001
137.0
119.4
111.4
132.4
127.5
276.90000000000003
123.9
133.5
113.5
138.4
158.10000000000002
114.0
138.5
171.60000000000002
162.8
92.30000000000001
139.4
141.9
177.5
230.3
121.0
161.8
228.0
137.5
113.2
135.1
180.8
150.9
157.60000000000002
126.9
146.20000000000002
191.20000000000002
102.7
95.10000000000001
122.80000000000001
95.4
110.5
126.30000000000001
109.0
159.10000000000002
161.8
126.9
105.2
210.10000000000002
142.9
112.80000000000001
178.3
161.0
107.80000000000001
151.4
163.10000000000002
215.9
102.10000000000001
170.0
106.80000000000001
151.0
148.1
126.2
92.5
151.4
123.80000000000001
86.2
151.5
109.60000000000001
127.30000000000001
104.7
114.30000000000001
116.2
234.3
97.80000000000001
172.70000000000002
179.70000000000002
132.4
127.60000000000001
142.9
146.1
152.5
164.9
151.8
107.7
218.3
193.8
136.4
113.80000000000001
275.3
141.70000000000002
131.6
160.4
74.8
116.60000000000001
147.5
106.60000000000001
182.60000000000002
158.5
111.0
97.4
157.0
110.80000000000001
201.10000000000002
152.5
164.10000000000002
168.60000000000002
126.0
103.0
119.10000000000001
203.5
144.9
129.5
146.9
142.5
197.60000000000002
176.20000000000002
96.10000000000001
120.0
105.7
136.8
119.7
104.10000000000001
118.9
160.8
169.10000000000002
204.70000000000002
122.5
104.60000000000001
135.5
83.7
91.60000000000001
140.20000000000002
135.3
119.4
96.9
120.5
154.70000000000002
130.8
150.20000000000002
227.20000000000002
202.5
118.0
131.1
121.9
79.80000000000001
78.60000000000001
133.1
157.5
189.8
115.0
164.20000000000002
91.10000000000001
118.30000000000001
161.10000000000002
99.30000000000001
118.80000000000001
110.30000000000001
121.4
100.9
189.70000000000002
118.9
118.5
162.70000000000002
154.70000000000002
229.20000000000002
175.0
132.1
118.30000000000001
109.10000000000001
178.20000000000002
98.80000000000001
176.8
179.8
166.60000000000002
128.20000000000002
153.1
172.60000000000002
115.7
114.7
137.70000000000002
116.0
171.9
123.0
105.80000000000001
100.60000000000001
177.9
98.2
113.60000000000001
158.20000000000002
100.10000000000001
104.0
154.3
181.0
133.1
165.4
129.6
127.60000000000001
137.20000000000002
170.10000000000002
157.9
201.0
104.0
137.6
116.10000000000001
133.6
141.5
98.5
191.4
132.8
126.60000000000001
159.20000000000002
129.1
127.5
125.80000000000001
138.4
107.60000000000001
122.5
153.70000000000002
130.4
112.30000000000001
145.5
100.4
145.20000000000002
106.10000000000001
176.9
164.3
111.5
119.10000000000001
130.5
109.60000000000001
156.70000000000002
133.0
150.70000000000002
135.1
93.2
138.0
112.2
149.9
102.2
124.30000000000001
140.6
103.30000000000001
96.5
149.0
155.9
91.80000000000001
177.9
92.9
152.70000000000002
133.3
93.2
127.60000000000001
151.9
114.60000000000001
156.70000000000002
87.80000000000001
189.5
134.3
136.70000000000002
210.0
158.60000000000002
205.8
263.1
77.4
135.4
215.5
133.8
203.70000000000002
119.7
180.8
87.4
180.10000000000002
139.6
163.5
123.2
200.5
154.3
118.2
130.3
116.4
96.2
118.10000000000001
159.70000000000002
222.70000000000002
114.9
195.4
132.20000000000002
161.20000000000002
115.5
150.8
82.60000000000001
148.6
142.5
118.80000000000001
122.10000000000001
91.4
189.9
114.30000000000001
114.30000000000001
127.7
102.2
167.60000000000002
199.10000000000002
130.1
91.80000000000001
185.4
115.7
167.4
187.0
90.2
108.60000000000001
113.7
172.5
102.80000000000001
124.60000000000001
197.4
154.8
160.10000000000002
128.9
100.9
178.8
123.5
107.7
156.5
120.10000000000001
126.10000000000001
177.10000000000002
161.3
159.9
139.20000000000002
148.20000000000002
120.10000000000001
116.80000000000001
114.10000000000001
142.5
143.0
222.20000000000002
111.9
147.5
121.80000000000001
156.70000000000002
123.0
116.10000000000001
138.70000000000002
146.3
102.4
107.80000000000001
168.9
101.5
92.0
114.2
94.4
114.5
216.3
130.20000000000002
99.60000000000001
142.0
123.30000000000001
114.5
108.5
112.60000000000001
123.4
112.2
99.80000000000001
120.0
173.8
97.60000000000001
192.10000000000002
114.5
96.5
149.20000000000002
101.60000000000001
95.30000000000001
181.10000000000002
218.5
133.8
100.2
117.10000000000001
131.4
91.60000000000001
96.10000000000001
123.5
95.7
87.5
242.60000000000002
184.3
167.8
143.20000000000002
133.1
102.4
239.8
125.5
197.60000000000002
138.20000000000002
184.70000000000002
126.4
152.8
116.4
127.0
178.10000000000002
89.0
170.70000000000002
85.80000000000001
119.5
92.80000000000001
134.0
120.2
172.10000000000002
141.9
137.3
164.9
84.30000000000001
122.10000000000001
155.8
112.60000000000001
116.0
126.9
96.7
131.5
147.6
110.30000000000001
104.0
146.1
245.5
177.10000000000002
173.9
96.10000000000001
103.60000000000001
118.9
250.4
76.5
98.30000000000001
181.5
183.0
171.20000000000002
68.60000000000001
110.5
136.8
185.5
107.9
106.4
91.9
102.60000000000001
84.5
136.8
142.4
122.60000000000001
110.30000000000001
129.1
138.3
121.30000000000001
204.0
73.10000000000001
86.80000000000001
228.8
127.7
155.8
132.4
131.1
209.10000000000002
106.30000000000001
112.10000000000001
228.4
168.60000000000002
126.4
132.9
113.10000000000001
135.9
180.60000000000002
146.8
81.2
133.70000000000002
117.5
71.7
218.8
76.80000000000001
117.9
142.1
113.7
114.10000000000001
121.2
128.70000000000002
124.80000000000001
204.0
124.0
142.5
175.20000000000002
128.5
147.5
113.5
112.30000000000001
108.9
120.80000000000001
107.60000000000001
103.30000000000001
122.10000000000001
172.5
116.0
105.4
171.70000000000002
153.0
126.2
107.60000000000001
89.10000000000001
157.70000000000002
131.70000000000002
209.20000000000002
191.20000000000002
136.4
200.4
150.1
168.4
234.70000000000002
230.10000000000002
188.9
156.60000000000002
75.60000000000001
114.2
197.5
146.20000000000002
122.0
172.10000000000002
173.70000000000002
81.10000000000001
117.60000000000001
90.7
156.8
114.9
132.5
171.5
110.5
157.4
127.0
95.4
182.60000000000002
104.9
147.9
79.30000000000001
161.70000000000002
134.0
117.80000000000001
194.8
158.10000000000002
71.2
81.2
92.2
105.4
150.4
117.0
180.60000000000002
143.9
117.0
132.1
183.20000000000002
110.80000000000001
93.9
176.9
173.5
175.10000000000002
112.7
188.5
137.9
114.2
176.3
91.0
134.70000000000002
143.4
188.70000000000002
138.0
136.8
178.4
94.2
182.5
224.3
180.3
110.80000000000001
133.4
184.4
131.0
115.4
135.3
155.3
177.8
138.1
104.30000000000001
141.8
169.8
117.7
143.5
257.1
138.70000000000002
144.6
110.2
179.5
141.6
147.5
123.80000000000001
119.30000000000001
84.5
121.9
141.6
193.8
234.8
117.0
100.10000000000001
95.0
98.9
89.2
100.80000000000001
105.5
119.0
85.5
145.70000000000002
113.2
141.4
170.60000000000002
133.70000000000002
125.2
182.4
199.60000000000002
108.10000000000001
114.2
120.60000000000001
89.30000000000001
85.9
204.4
126.0
93.4
90.4
108.4
210.0
135.0
165.20000000000002
117.80000000000001
137.6
113.0
120.9
110.2
120.9
137.1
104.80000000000001
147.1
93.60000000000001
130.1
136.9
139.4
158.60000000000002
203.10000000000002
112.7
166.4
85.80000000000001
137.5
104.7
195.0
177.3
84.60000000000001
134.70000000000002
140.8
113.9
130.70000000000002
173.10000000000002
129.1
148.5
77.60000000000001
139.0
152.4
94.60000000000001
102.4
105.80000000000001
112.2
106.80000000000001
219.20000000000002
103.30000000000001
104.4
107.60000000000001
150.4
122.4
105.80000000000001
165.60000000000002
137.20000000000002
153.8
111.2
165.70000000000002
145.1
117.30000000000001
88.60000000000001
135.3
183.5
164.20000000000002
229.10000000000002
215.4
125.80000000000001
108.80000000000001
189.4
134.0
181.10000000000002
194.5
209.10000000000002
121.9
114.7
166.60000000000002
108.2
127.30000000000001
151.20000000000002
140.8
153.9
141.9
209.20000000000002
110.80000000000001
113.2
231.70000000000002
177.0
164.4
221.5
145.5
138.5
162.20000000000002
187.5
220.5
87.2
130.70000000000002
198.0
326.20000000000005
134.8
174.5
176.10000000000002
167.0
191.3
152.8
103.60000000000001
113.9
106.5
124.30000000000001
109.7
89.80000000000001
106.0
175.70000000000002
116.2
150.4
100.4
122.60000000000001
157.8
205.9
140.0
99.60000000000001
120.2
136.1
114.7
116.80000000000001
143.8
141.20000000000002
78.30000000000001
109.30000000000001
114.30000000000001
148.1
124.10000000000001
116.2
114.0
88.10000000000001
151.9
174.20000000000002
108.60000000000001
190.60000000000002
154.4
120.5
143.0
180.4
164.3
91.80000000000001
143.8
148.4
106.7
125.30000000000001
177.60000000000002
140.1
113.2
124.30000000000001
135.8
140.0
104.9
127.4
164.70000000000002
132.3
93.5
138.5
177.60000000000002
80.60000000000001
186.4
158.9
127.2
142.6
137.8
153.3
247.10000000000002
128.70000000000002
116.2
175.5
171.60000000000002
179.9
127.60000000000001
106.9
114.4
187.5
197.70000000000002
100.5
140.5
168.70000000000002
143.9
119.0
170.8
100.7
105.2
158.0
113.30000000000001
147.9
104.0
227.20000000000002
108.30000000000001
130.9
211.20000000000002
144.6
124.0
128.70000000000002
179.3
367.1
126.60000000000001
110.10000000000001
112.30000000000001
113.30000000000001
110.2
129.6
130.8
247.4
107.9
163.4
158.10000000000002
113.60000000000001
91.4
93.60000000000001
116.60000000000001
115.30000000000001
119.30000000000001
117.5
118.7
113.7
111.80000000000001
122.60000000000001
184.8
99.80000000000001
170.3
151.6
158.60000000000002
153.3
141.6
126.0
94.10000000000001
151.0
174.3
118.30000000000001
149.4
148.3
95.9
203.0
136.4
122.80000000000001
126.60000000000001
125.5
111.9
100.5
125.5
129.3
115.7
116.7
89.30000000000001
71.9
101.9
89.4
279.5
140.8
113.5
178.4
105.10000000000001
154.20000000000002
160.60000000000002
114.80000000000001
127.7
271.40000000000003
136.20000000000002
154.4
123.2
78.5
149.1
194.4
170.3
119.60000000000001
123.9
154.10000000000002
92.2
120.60000000000001
95.30000000000001
276.2
173.4
125.5
150.9
127.80000000000001
164.3
186.5
238.70000000000002
103.30000000000001
105.0
195.0
140.1
202.10000000000002
130.5
140.4
104.2
217.70000000000002
138.3
96.0
102.7
124.7
123.4
139.8
104.9
123.5
111.4
100.80000000000001
110.5
181.0
163.8
179.8
107.5
135.20000000000002
165.5
137.6
195.10000000000002
180.4
148.5
119.10000000000001
157.20000000000002
117.80000000000001
89.10000000000001
195.8
112.80000000000001
155.60000000000002
115.2
194.0
117.10000000000001
164.0
97.7
138.6
111.60000000000001
168.3
136.5
153.5
189.4
117.10000000000001
173.9
118.30000000000001
119.7
89.80000000000001
75.2
141.20000000000002
106.9
104.5
175.5
148.8
115.2
135.20000000000002
124.10000000000001
124.30000000000001
238.3
112.5
263.2
142.20000000000002
121.60000000000001
157.8
129.20000000000002
129.9
119.10000000000001
99.80000000000001
143.4
292.0
171.70000000000002
119.2
102.0
98.4
151.9
110.0
152.6
105.30000000000001
159.3
90.60000000000001
118.2
169.70000000000002
133.1
174.20000000000002
116.30000000000001
173.4
137.4
141.6
247.8
125.0
93.60000000000001
119.30000000000001
163.8
137.5
170.9
165.5
136.4
134.1
97.2
140.9
108.5
129.20000000000002
171.8
135.70000000000002
143.20000000000002
86.60000000000001
107.7
129.9
105.2
160.8
124.0
143.3
171.0
111.7
145.4
87.7
159.8
221.9
109.4
117.80000000000001
122.30000000000001
146.1
147.8
126.5
152.1
169.8
130.9
94.30000000000001
118.80000000000001
157.5
170.5
119.4
138.5
125.5
101.5
222.70000000000002
135.70000000000002
217.8
177.8
92.4
116.4
90.10000000000001
144.1
167.0
122.60000000000001
151.5
128.70000000000002
112.0
128.9
203.10000000000002
112.0
130.9
103.80000000000001
114.7
106.10000000000001
165.20000000000002
108.4
81.10000000000001
96.80000000000001
116.80000000000001
101.5
135.9
164.0
237.70000000000002
221.70000000000002
138.5
142.20000000000002
135.1
149.3
111.10000000000001
90.4
167.5
142.8
180.70000000000002
75.3
94.5
156.3
183.8
137.3
152.1
155.20000000000002
134.5
156.4
179.4
154.5
146.8
146.6
193.3
150.9
201.4
99.60000000000001
94.5
119.80000000000001
167.4
180.8
112.5
160.10000000000002
147.6
78.80000000000001
96.7
134.9
167.10000000000002
115.0
135.5
141.1
95.60000000000001
235.5
190.9
119.9
66.8
155.0
91.9
121.0
156.20000000000002
156.20000000000002
138.70000000000002
148.4
194.3
142.20000000000002
100.0
165.8
133.8
127.2
136.8
80.80000000000001
120.60000000000001
123.5
159.8
126.2
91.2
119.80000000000001
94.60000000000001
78.9
64.3
224.70000000000002
88.0
155.60000000000002
135.70000000000002
91.80000000000001
148.20000000000002
275.0
136.70000000000002
88.9
142.9
172.70000000000002
278.90000000000003
114.7
113.7
150.9
92.10000000000001
146.0
91.80000000000001
143.3
83.80000000000001
119.2
145.4
149.5
137.8
142.70000000000002
284.0
112.0
107.7
132.3
85.4
154.9
73.4
140.20000000000002
162.60000000000002
164.60000000000002
151.4
178.10000000000002
124.80000000000001
130.8
147.20000000000002
95.2
93.9
199.20000000000002
195.10000000000002
141.9
176.4
161.20000000000002
159.60000000000002
121.7
123.4
128.3
121.5
73.7
204.70000000000002
190.10000000000002
112.10000000000001
102.5
139.8
97.5
112.60000000000001
175.0
162.10000000000002
114.5
159.20000000000002
212.20000000000002
88.10000000000001
204.8
201.70000000000002
128.8
124.7
135.20000000000002
114.60000000000001
245.10000000000002
76.5
97.10000000000001
177.60000000000002
163.3
98.10000000000001
72.5
124.9
101.60000000000001
116.5
126.2
134.6
139.20000000000002
161.8
206.4
113.7
201.8
121.30000000000001
84.4
168.5
87.5
134.5
136.20000000000002
113.30000000000001
193.0
147.6
97.2
238.0
138.1
94.30000000000001
212.0
142.4
126.4
149.6
123.30000000000001
137.4
144.0
88.9
129.3
186.20000000000002
177.60000000000002
170.60000000000002
102.10000000000001
126.9
116.10000000000001
129.70000000000002
119.7
147.0
182.10000000000002
127.2
95.10000000000001
113.10000000000001
74.5
243.60000000000002
198.3
127.30000000000001
113.5
163.60000000000002
124.7
126.5
92.80000000000001
130.20000000000002
179.3
148.0
139.3
146.0
98.4
105.2
131.4
100.0
146.5
97.9
90.30000000000001
121.4
118.2
95.0
115.9
149.6
131.3
125.60000000000001
130.70000000000002
164.9
111.2
126.10000000000001
236.9
96.2
116.0
198.4
128.8
136.8
92.7
95.2
195.60000000000002
161.3
135.0
172.0
163.8
105.10000000000001
159.3
119.5
147.4
176.10000000000002
126.80000000000001
181.8
155.5
149.6
154.3
140.1
114.5
165.3
86.4
167.8
216.4
200.0
120.7
110.4
179.5
160.60000000000002
272.7
97.0
138.3
155.3
56.900000000000006
128.9
136.4
109.30000000000001
202.70000000000002
106.5
150.3
134.5
220.20000000000002
101.2
164.4
156.60000000000002
140.3
199.4
116.10000000000001
121.60000000000001
103.0
84.0
185.20000000000002
99.60000000000001
98.10000000000001
92.9
166.4
174.3
113.7
136.3
158.5
198.70000000000002
176.4
114.0
124.9
129.5
153.9
192.4
113.9
125.9
114.0
159.60000000000002
126.10000000000001
153.9
115.60000000000001
182.10000000000002
131.1
222.4
126.7
95.0
89.7
150.0
108.4
104.80000000000001
149.8
180.60000000000002
128.5
171.8
105.4
133.8
145.6
88.80000000000001
191.70000000000002
189.9
83.4
277.7
102.0
137.9
170.4
227.0
194.8
133.70000000000002
88.80000000000001
84.30000000000001
141.5
201.5
210.9
164.9
100.80000000000001
158.60000000000002
159.20000000000002
149.8
138.1
112.60000000000001
172.0
152.9
78.4
103.4
186.20000000000002
160.3
132.4
201.5
82.60000000000001
162.70000000000002
109.9
127.9
96.0
159.5
90.5
108.2
87.10000000000001
140.4
107.60000000000001
203.10000000000002
107.4
139.8
143.1
161.5
137.4
145.8
130.6
126.30000000000001
98.80000000000001
122.5
92.7
120.60000000000001
234.0
127.30000000000001
89.4
133.3
112.5
171.5
126.2
121.80000000000001
170.0
137.5
101.80000000000001
160.20000000000002
95.5
106.2
153.0
183.60000000000002
80.80000000000001
140.8
113.30000000000001
149.5
117.4
113.0
121.80000000000001
101.4
127.5
179.9
168.0
155.10000000000002
106.4
151.20000000000002
194.8
144.70000000000002
87.0
136.8
139.6
122.10000000000001
174.70000000000002
174.10000000000002
236.9
145.3
90.60000000000001
121.2
123.4
93.0
121.0
132.0
156.9
119.80000000000001
167.5
158.8
175.20000000000002
147.9
109.7
118.5
117.0
150.5
114.30000000000001
116.7
140.8
126.0
99.9
89.60000000000001
120.80000000000001
115.0
153.3
93.30000000000001
161.3
187.3
159.5
169.0
197.4
134.20000000000002
128.70000000000002
110.10000000000001
165.3
165.5
138.9
240.8
93.0
137.20000000000002
88.5
118.30000000000001
102.4
189.8
173.0
125.80000000000001
112.60000000000001
159.5
152.4
175.70000000000002
131.1
109.10000000000001
287.6
142.5
150.1
130.3
138.1
149.9
159.8
106.5
137.3
88.30000000000001
111.10000000000001
86.60000000000001
116.7
98.80000000000001
117.5
170.20000000000002
123.5
153.70000000000002
257.8
124.30000000000001
156.9
200.8
135.8
107.10000000000001
126.0
114.4
106.2
105.5
153.8
141.1
98.2
128.1
133.70000000000002
143.70000000000002
96.30000000000001
220.70000000000002
139.3
112.60000000000001
123.30000000000001
107.10000000000001
147.0
157.10000000000002
151.3
151.0
158.8
148.3
76.10000000000001
115.80000000000001
191.70000000000002
147.0
126.10000000000001
135.4
80.60000000000001
99.60000000000001
140.20000000000002
224.0
206.3
182.70000000000002
76.80000000000001
141.3
119.10000000000001
196.20000000000002
125.2
150.9
119.30000000000001
133.4
134.6
169.3
106.0
119.9
177.20000000000002
111.7
84.4
124.5
94.80000000000001
122.5
142.0
137.4
114.60000000000001
118.80000000000001
184.20000000000002
159.9
129.9
90.0
135.8
67.9
139.5
175.0
109.30000000000001
130.0
91.0
193.9
150.8
130.5
166.10000000000002
198.5
140.70000000000002
221.4
134.8
166.10000000000002
108.7
112.10000000000001
173.10000000000002
122.80000000000001
160.10000000000002
131.5
135.70000000000002
126.0
137.4
115.30000000000001
85.5
125.9
117.5
135.3
153.1
220.5
194.20000000000002
127.7
280.1
142.9
133.5
138.6
124.0
179.4
129.6
147.6
78.4
122.4
130.9
136.0
131.8
95.60000000000001
152.0
160.20000000000002
150.20000000000002
160.0
144.6
136.0
102.5
131.8
91.4
120.7
140.1
109.9
137.20000000000002
153.3
114.80000000000001
127.60000000000001
112.0
120.0
125.4
96.4
224.10000000000002
134.9
96.80000000000001
116.10000000000001
120.9
144.20000000000002
225.60000000000002
96.4
113.80000000000001
151.4
139.6
138.0
143.8
138.1
192.5
150.3
156.60000000000002
195.8
136.6
107.7
168.0
203.20000000000002
129.8
127.80000000000001
144.1
157.70000000000002
164.70000000000002
232.3
119.0
116.7
130.0
206.5
117.10000000000001
130.20000000000002
174.9
127.9
194.20000000000002
122.4
129.1
116.7
145.9
147.20000000000002
111.30000000000001
136.20000000000002
114.9
77.7
159.70000000000002
121.9
171.3
118.5
94.60000000000001
134.4
163.60000000000002
112.10000000000001
231.60000000000002
95.30000000000001
121.80000000000001
163.10000000000002
142.70000000000002
151.70000000000002
155.20000000000002
147.4
143.6
146.1
169.10000000000002
115.80000000000001
92.2
158.20000000000002
124.60000000000001
134.9
233.60000000000002
130.9
147.70000000000002
120.80000000000001
135.70000000000002
81.0
126.7
124.9
259.5
110.7
112.7
157.4
132.1
75.5
190.4
101.0
198.70000000000002
213.8
122.9
139.0
171.20000000000002
127.60000000000001
114.2
153.60000000000002
122.4
131.5
174.8
146.5
194.5
207.4
114.4
123.80000000000001
168.4
109.10000000000001
142.9
187.3
129.8
122.7
135.3
166.70000000000002
195.0
83.30000000000001
118.7
191.8
164.20000000000002
98.2
113.30000000000001
152.3
156.4
97.9
122.4
93.2
116.0
127.0
145.70000000000002
173.0
104.10000000000001
103.2
135.4
158.60000000000002
174.8
109.2
165.5
165.60000000000002
232.60000000000002
132.4
79.7
113.5
138.8
174.9
111.80000000000001
119.9
179.8
140.3
131.0
94.4
120.7
127.60000000000001
123.10000000000001
127.30000000000001
112.10000000000001
220.9
83.7
150.8
113.5
165.0
82.9
147.3
127.5
89.80000000000001
130.5
165.9
175.20000000000002
133.4
131.8
119.0
167.60000000000002
144.20000000000002
109.9
128.1
110.5
119.0
121.30000000000001
138.8
160.4
299.5
118.2
95.30000000000001
126.5
116.7
126.5
192.10000000000002
113.10000000000001
97.9
206.8
119.0
142.6
98.4
197.70000000000002
119.0
103.7
82.7
134.8
143.20000000000002
112.80000000000001
173.60000000000002
280.7
116.60000000000001
157.3
132.6
147.1
114.60000000000001
100.7
144.70000000000002
105.10000000000001
271.8
126.0
122.30000000000001
156.20000000000002
130.6
181.5
98.5
98.9
88.5
98.30000000000001
115.2
81.80000000000001
125.2
157.10000000000002
153.5
131.3
111.0
152.6
114.9
220.20000000000002
109.7
174.0
118.80000000000001
122.4
128.6
102.5
70.4
260.90000000000003
99.2
154.60000000000002
96.0
116.9
179.70000000000002
146.4
386.6
103.60000000000001
212.4
78.9
120.0
157.4
136.70000000000002
161.4
98.30000000000001
168.60000000000002
177.0
183.4
212.9
98.0
219.0
180.8
116.80000000000001
127.4
116.80000000000001
218.8
133.70000000000002
142.3
108.2
159.4
100.9
128.9
139.70000000000002
230.70000000000002
150.0
85.2
127.10000000000001
190.8
77.60000000000001
155.20000000000002
125.60000000000001
166.10000000000002
67.9
124.10000000000001
101.2
138.70000000000002
134.4
108.9
95.10000000000001
120.5
147.6
125.60000000000001
97.4
165.0
112.4
146.6
147.6
143.1
76.0
118.7
156.9
204.20000000000002
138.70000000000002
99.7
101.30000000000001
116.10000000000001
138.20000000000002
144.3
153.9
127.9
150.1
192.10000000000002
117.7
167.3
76.3
172.70000000000002
174.9
133.4
88.9
147.8
116.0
80.0
185.3
124.7
120.7
138.20000000000002
125.2
148.3
118.7
197.5
139.5
117.2
115.30000000000001
79.30000000000001
106.9
130.6
219.10000000000002
106.30000000000001
154.9
146.5
201.5
173.70000000000002
180.3
121.10000000000001
120.10000000000001
93.80000000000001
119.10000000000001
154.0
174.4
218.20000000000002
94.60000000000001
134.20000000000002
216.3
114.9
124.4
116.10000000000001
132.8
95.60000000000001
154.10000000000002
129.3
108.9
97.9
166.4
130.5
177.3
198.9
151.20000000000002
96.60000000000001
63.900000000000006
122.4
180.8
119.30000000000001
177.70000000000002
129.3
96.0
101.4
130.3
124.7
159.10000000000002
141.8
111.9
160.70000000000002
171.5
183.20000000000002
145.3
138.3
121.7
94.5
128.5
115.5
64.0
150.0
147.9
109.0
141.8
128.3
134.0
170.9
199.70000000000002
141.70000000000002
208.0
164.0
133.20000000000002
182.8
121.30000000000001
158.5
130.5
221.60000000000002
97.5
155.70000000000002
140.1
133.1
132.0
116.9
115.30000000000001
160.10000000000002
131.9
174.10000000000002
117.4
153.3
113.10000000000001
121.10000000000001
75.3
289.90000000000003
117.7
138.9
187.5
158.70000000000002
141.0
117.2
124.30000000000001
108.2
125.0
187.70000000000002
148.8
233.20000000000002
187.70000000000002
90.0
197.9
193.9
93.0
167.10000000000002
86.80000000000001
96.2
112.9
184.10000000000002
138.1
134.3
134.9
215.5
138.20000000000002
163.8
118.5
228.3
120.9
113.80000000000001
159.8
115.4
126.0
142.3
107.60000000000001
110.2
125.60000000000001
218.4
101.5
138.6
134.20000000000002
87.60000000000001
140.8
98.60000000000001
120.7
155.20000000000002
168.60000000000002
139.0
189.4
97.80000000000001
200.8
76.7
192.9
192.9
106.2
191.5
124.9
133.70000000000002
150.4
165.5
104.9
102.9
87.5
91.4
164.9
99.10000000000001
146.20000000000002
123.80000000000001
133.3
171.20000000000002
104.30000000000001
298.90000000000003
214.10000000000002
235.8
130.1
102.80000000000001
180.0
164.3
240.0
134.3
161.8
125.80000000000001
120.2
108.0
99.9
98.7
204.70000000000002
119.4
163.10000000000002
146.8
135.8
113.30000000000001
151.8
111.80000000000001
138.9
171.20000000000002
114.2
144.5
117.10000000000001
160.8
164.70000000000002
127.9
94.60000000000001
132.3
200.4
188.3
99.0
129.70000000000002
140.6
126.10000000000001
173.3
160.70000000000002
148.6
154.0
189.4
106.7
168.9
183.20000000000002
167.3
139.6
154.8
97.9
154.20000000000002
146.8
140.4
116.30000000000001
115.80000000000001
128.20000000000002
144.20000000000002
98.9
151.6
187.4
237.9
141.4
68.5
248.9
210.5
140.6
200.70000000000002
138.5
78.10000000000001
180.10000000000002
116.10000000000001
174.10000000000002
178.9
146.70000000000002
122.9
155.70000000000002
155.70000000000002
159.9
94.7
162.8
149.1
145.70000000000002
102.7
180.20000000000002
115.0
110.10000000000001
84.2
177.3
89.7
127.5
161.60000000000002
137.6
84.0
126.30000000000001
178.20000000000002
108.2
148.9
75.9
173.60000000000002
123.9
124.0
122.80000000000001
175.8
118.10000000000001
182.4
115.30000000000001
76.7
157.20000000000002
156.10000000000002
137.70000000000002
162.0
142.20000000000002
124.5
105.4
159.20000000000002
227.4
224.4
176.4
127.4
133.70000000000002
95.9
143.9
106.9
117.2
194.8
89.10000000000001
89.0
90.2
131.8
178.4
144.5
119.4
115.60000000000001
109.9
94.30000000000001
165.5
110.10000000000001
185.8
173.3
116.60000000000001
149.5
211.0
151.1
161.8
207.10000000000002
131.0
176.9
143.6
148.0
114.5
117.80000000000001
140.1
106.2
135.3
156.10000000000002
302.40000000000003
148.9
94.5
204.0
120.10000000000001
109.5
112.30000000000001
149.4
105.0
129.70000000000002
106.9
98.4
199.70000000000002
156.8
167.9
148.1
154.3
150.1
219.0
238.5
131.9
124.5
111.10000000000001
59.1
199.0
126.30000000000001
161.20000000000002
158.9
202.3
113.7
115.9
137.4
174.10000000000002
169.4
123.80000000000001
109.2
136.5
133.9
181.10000000000002
179.70000000000002
155.20000000000002
160.20000000000002
170.10000000000002
168.20000000000002
143.9
157.60000000000002
116.60000000000001
100.80000000000001
154.60000000000002
118.5
126.9
85.0
176.60000000000002
122.30000000000001
177.3
126.7
116.2
112.7
130.0
119.30000000000001
116.30000000000001
111.5
87.7
123.7
177.4
114.7
166.9
154.4
134.20000000000002
129.9
115.2
99.0
99.30000000000001
85.30000000000001
162.10000000000002
102.2
96.80000000000001
89.7
180.70000000000002
98.5
136.4
249.70000000000002
187.60000000000002
116.80000000000001
159.20000000000002
121.80000000000001
219.60000000000002
123.5
125.7
102.80000000000001
113.30000000000001
135.3
112.0
111.60000000000001
159.10000000000002
124.30000000000001
100.10000000000001
164.8
167.9
104.9
136.5
221.5
153.60000000000002
108.30000000000001
101.7
141.6
159.4
155.0
99.10000000000001
205.9
86.5
130.20000000000002
153.8
145.4
126.5
224.10000000000002
85.30000000000001
123.4
175.3
123.4
125.9
122.10000000000001
139.5
173.20000000000002
169.60000000000002
133.20000000000002
84.10000000000001
106.30000000000001
124.60000000000001
153.0
200.8
225.8
96.5
175.3
182.70000000000002
122.2
162.4
138.8
122.7
115.80000000000001
187.4
295.40000000000003
125.0
203.8
100.10000000000001
104.4
110.7
81.80000000000001
165.3
135.4
152.70000000000002
121.2
208.70000000000002
152.8
119.80000000000001
151.0
112.7
191.20000000000002
107.80000000000001
158.10000000000002
156.60000000000002
101.7
152.20000000000002
156.10000000000002
126.0
93.80000000000001
153.20000000000002
142.0
218.8
120.60000000000001
108.60000000000001
152.3
139.8
106.30000000000001
210.5
97.10000000000001
161.0
98.2
167.60000000000002
132.4
153.8
111.4
137.6
110.4
193.4
112.0
152.6
131.9
202.70000000000002
161.60000000000002
125.0
152.20000000000002
300.1
139.0
136.8
142.9
150.4
119.10000000000001
129.8
151.4
142.0
98.60000000000001
223.0
153.5
146.70000000000002
247.4
114.5
126.2
193.0
120.0
107.10000000000001
175.8
160.8
134.5
102.7
172.4
121.9
140.1
109.4
138.70000000000002
174.0
103.2
112.4
137.8
155.0
77.30000000000001
176.4
100.0
137.20000000000002
118.60000000000001
180.4
136.70000000000002
126.0
135.1
126.0
202.5
148.20000000000002
156.9
239.5
115.10000000000001
123.2
121.9
68.3
103.5
165.5
75.9
119.5
91.7
193.10000000000002
151.4
102.4
206.0
95.4
118.30000000000001
167.8
130.9
105.2
192.0
141.4
109.10000000000001
130.20000000000002
73.3
167.0
124.30000000000001
165.8
127.4
168.20000000000002
177.3
113.30000000000001
159.3
171.4
134.3
119.5
141.70000000000002
141.5
137.8
168.20000000000002
142.9
163.0
89.80000000000001
105.4
182.8
226.0
100.60000000000001
103.10000000000001
130.1
106.80000000000001
156.0
148.4
122.0
177.70000000000002
110.4
133.9
150.6
92.0
137.3
150.9
138.70000000000002
130.3
158.8
147.4
123.30000000000001
167.4
100.4
149.5
142.9
152.6
116.60000000000001
110.7
179.10000000000002
165.0
186.5
125.2
192.5
127.10000000000001
169.4
119.9
233.3
173.20000000000002
116.0
108.5
108.5
143.5
137.70000000000002
167.5
181.60000000000002
125.4
109.0
173.3
171.0
151.4
163.9
233.20000000000002
216.20000000000002
156.70000000000002
125.2
88.60000000000001
228.5
95.60000000000001
130.9
147.9
114.9
133.70000000000002
74.8
198.20000000000002
114.2
135.6
87.60000000000001
114.60000000000001
154.4
146.3
187.70000000000002
186.8
71.5
119.4
180.60000000000002
147.5
160.8
176.20000000000002
160.20000000000002
102.5
130.20000000000002
154.9
79.80000000000001
148.5
180.10000000000002
147.4
144.9
91.60000000000001
285.3
111.10000000000001
109.2
124.4
296.7
130.3
194.4
116.0
152.20000000000002
157.70000000000002
131.0
184.60000000000002
148.6
131.5
127.30000000000001
124.80000000000001
139.1
126.2
138.1
126.30000000000001
79.0
109.4
145.0
147.4
115.9
113.80000000000001
147.20000000000002
135.20000000000002
111.30000000000001
171.60000000000002
124.10000000000001
125.80000000000001
179.9
93.30000000000001
160.10000000000002
145.0
113.80000000000001
156.4
145.6
167.4
168.8
145.70000000000002
200.8
119.60000000000001
163.4
166.5
126.60000000000001
75.5
170.0
93.30000000000001
159.10000000000002
235.3
116.0
251.3
102.4
149.1
123.30000000000001
167.10000000000002
133.4
191.3
106.0
202.4
121.9
111.4
150.20000000000002
146.9
209.60000000000002
130.8
160.20000000000002
125.10000000000001
167.60000000000002
113.0
157.8
207.10000000000002
199.0
149.5
116.7
142.0
134.0
100.7
220.70000000000002
127.80000000000001
142.1
95.0
78.0
151.4
211.8
116.30000000000001
126.4
154.9
151.4
89.9
109.30000000000001
214.60000000000002
91.5
121.30000000000001
111.2
156.10000000000002
164.0
107.2
143.4
184.9
159.0
267.5
183.9
146.3
130.6
148.9
164.5
151.3
108.60000000000001
148.4
131.3
96.7
150.1
140.9
232.10000000000002
128.70000000000002
73.4
225.70000000000002
117.30000000000001
121.60000000000001
144.0
192.9
151.9
116.4
148.9
143.6
137.6
86.4
249.60000000000002
123.5
128.20000000000002
120.10000000000001
130.8
149.3
137.1
185.3
129.3
158.9
134.20000000000002
131.3
113.60000000000001
174.70000000000002
100.2
129.8
136.5
155.3
218.20000000000002
239.60000000000002
108.7
109.0
78.2
108.7
226.10000000000002
136.20000000000002
140.8
146.0
136.1
190.8
179.3
153.8
222.20000000000002
204.5
143.3
193.60000000000002
147.1
141.6
97.9
271.7
121.30000000000001
149.8
205.70000000000002
187.3
94.2
114.5
154.10000000000002
98.7
172.3
151.9
129.1
109.0
164.8
249.5
142.70000000000002
191.0
160.60000000000002
198.4
114.7
69.4
104.0
99.60000000000001
110.30000000000001
125.5
111.80000000000001
142.6
189.9
154.5
161.10000000000002
147.6
128.8
146.4
100.2
144.70000000000002
182.20000000000002
101.2
96.4
150.4
136.5
147.20000000000002
151.6
203.9
270.40000000000003
154.9
138.6
113.10000000000001
101.10000000000001
120.0
175.8
213.3
108.60000000000001
144.20000000000002
198.4
143.6
109.80000000000001
210.9
216.9
97.10000000000001
85.30000000000001
134.9
95.4
138.4
206.4
261.1
103.60000000000001
129.20000000000002
152.3
180.3
130.6
131.5
148.6
129.4
200.4
153.9
140.3
122.7
143.3
153.3
165.4
162.20000000000002
152.20000000000002
166.10000000000002
134.8
131.1
199.60000000000002
129.6
136.70000000000002
128.20000000000002
128.3
122.0
157.8
142.6
128.1
134.20000000000002
164.5
134.5
134.70000000000002
208.0
131.9
74.0
115.2
88.9
138.4
154.9
103.9
134.5
85.30000000000001
139.6
146.70000000000002
111.80000000000001
93.9
93.80000000000001
126.7
111.0
140.8
131.8
136.5
173.3
118.60000000000001
116.80000000000001
117.80000000000001
144.4
103.9
110.7
161.0
102.80000000000001
111.7
140.0
207.9
109.9
173.8
125.5
173.20000000000002
120.2
179.8
117.2
104.5
120.4
144.5
129.70000000000002
149.4
102.30000000000001
83.4
183.10000000000002
178.5
156.70000000000002
146.0
144.1
96.80000000000001
383.6
164.70000000000002
106.10000000000001
158.60000000000002
118.4
163.10000000000002
144.9
161.4
94.80000000000001
79.4
132.8
224.10000000000002
126.30000000000001
113.4
119.4
117.10000000000001
100.5
142.1
107.80000000000001
99.5
136.5
138.9
107.9
183.4
234.20000000000002
124.2
153.5
166.5
119.7
183.8
103.7
131.8
160.4
143.70000000000002
164.5
105.80000000000001
135.5
133.4
184.9
110.10000000000001
160.4
265.40000000000003
172.20000000000002
137.70000000000002
93.2
136.70000000000002
123.7
115.9
131.6
211.8
182.60000000000002
100.2
138.5
172.20000000000002
171.10000000000002
126.4
107.5
118.9
153.60000000000002
118.30000000000001
142.9
106.4
229.9
144.4
144.70000000000002
128.70000000000002
90.5
110.2
122.30000000000001
174.0
127.9
183.20000000000002
124.7
104.7
129.4
239.9
92.5
153.3
136.6
127.5
179.70000000000002
151.1
180.10000000000002
182.8
226.60000000000002
96.9
129.9
149.0
120.60000000000001
135.70000000000002
152.20000000000002
175.4
162.8
136.4
184.5
120.60000000000001
123.60000000000001
107.10000000000001
201.20000000000002
106.80000000000001
208.8
129.6
83.60000000000001
208.70000000000002
122.5
105.30000000000001
169.10000000000002
121.7
106.5
142.20000000000002
103.0
124.80000000000001
113.80000000000001
161.60000000000002
257.40000000000003
108.5
123.30000000000001
132.0
130.6
154.9
155.20000000000002
129.4
92.7
159.0
175.3
91.9
114.7
104.4
162.3
132.20000000000002
170.8
135.1
160.20000000000002
117.80000000000001
100.0
127.30000000000001
131.1
142.0
132.9
119.9
144.70000000000002
263.5
163.20000000000002
178.4
175.4
175.20000000000002
120.9
135.5
130.1
159.0
196.3
102.10000000000001
107.2
331.5
211.10000000000002
136.8
106.60000000000001
243.3
309.6
197.60000000000002
129.0
153.1
148.4
149.0
130.8
126.2
138.6
222.20000000000002
97.4
158.8
113.30000000000001
108.5
151.20000000000002
152.1
174.5
133.3
171.70000000000002
98.2
164.8
143.20000000000002
126.9
139.3
137.0
118.5
147.3
249.10000000000002
89.2
192.20000000000002
177.4
171.10000000000002
90.10000000000001
113.60000000000001
181.70000000000002
265.90000000000003
144.20000000000002
153.9
143.9
156.4
185.4
162.20000000000002
156.60000000000002
85.30000000000001
108.0
111.5
161.5
186.4
239.4
132.1
93.5
140.9
124.5
154.5
97.60000000000001
98.7
115.4
138.6
130.70000000000002
102.4
154.9
143.20000000000002
97.2
150.1
121.9
94.9
211.9
95.7
158.20000000000002
115.4
121.0
136.8
142.1
169.0
92.9
110.10000000000001
165.9
173.9
144.70000000000002
120.30000000000001
153.60000000000002
124.30000000000001
202.60000000000002
120.4
123.9
160.60000000000002
136.6
188.8
225.60000000000002
102.30000000000001
146.0
122.7
233.3
172.60000000000002
248.9
172.60000000000002
127.4
113.2
150.9
117.60000000000001
197.3
170.70000000000002
131.6
114.60000000000001
158.60000000000002
120.0
222.4
113.80000000000001
99.30000000000001
160.8
205.4
138.0
133.3
97.10000000000001
87.30000000000001
165.70000000000002
136.20000000000002
176.0
105.30000000000001
142.20000000000002
231.8
134.70000000000002
212.10000000000002
133.3
164.8
154.3
130.8
154.5
184.3
322.1
91.9
130.9
145.20000000000002
244.0
113.4
93.80000000000001
173.60000000000002
99.2
149.1
91.0
119.60000000000001
171.10000000000002
153.5
108.10000000000001
141.5
221.60000000000002
156.10000000000002
218.20000000000002
103.10000000000001
122.5
121.2
121.7
145.20000000000002
93.10000000000001
177.5
152.0
99.4
123.80000000000001
133.1
108.9
113.30000000000001
78.80000000000001
152.70000000000002
156.4
160.10000000000002
142.6
125.80000000000001
159.60000000000002
144.20000000000002
159.0
81.10000000000001
170.10000000000002
159.10000000000002
106.2
146.5
208.70000000000002
122.9
94.80000000000001
172.9
104.30000000000001
69.8
223.70000000000002
163.0
117.5
151.8
150.9
114.4
107.60000000000001
144.8
131.70000000000002
175.9
88.30000000000001
138.4
125.2
138.5
103.7
154.10000000000002
180.3
151.8
104.4
183.3
178.10000000000002
187.8
106.2
100.5
192.8
153.8
165.4
132.3
142.0
196.20000000000002
136.8
246.60000000000002
127.9
168.9
147.8
179.9
118.9
110.60000000000001
124.30000000000001
102.30000000000001
141.4
133.3
92.5
105.80000000000001
161.8
144.3
124.10000000000001
187.60000000000002
133.4
181.0
135.5
155.8
118.7
151.1
134.0
119.2
101.9
125.10000000000001
120.0
126.2
161.70000000000002
98.9
125.0
100.80000000000001
99.2
138.1
86.5
124.2
146.8
109.60000000000001
141.4
148.20000000000002
119.4
134.6
105.9
135.6
263.6
119.10000000000001
105.10000000000001
200.60000000000002
130.20000000000002
117.60000000000001
139.70000000000002
121.10000000000001
121.30000000000001
122.0
62.5
103.4
173.9
130.5
148.20000000000002
150.5
185.60000000000002
235.70000000000002
147.1
133.4
129.8
132.8
92.30000000000001
80.2
107.4
149.20000000000002
162.60000000000002
122.10000000000001
140.9
154.70000000000002
103.5
126.10000000000001
133.4
225.5
177.4
144.8
130.8
98.60000000000001
108.30000000000001
126.9
96.9
109.80000000000001
136.20000000000002
193.10000000000002
200.9
129.4
115.7
147.8
144.9
102.0
87.60000000000001
97.60000000000001
77.9
106.80000000000001
100.7
78.5
107.5
102.4
150.3
157.5
111.2
169.70000000000002
147.0
129.70000000000002
125.2
169.4
101.60000000000001
139.70000000000002
110.7
154.9
133.0
126.2
144.1
116.7
116.80000000000001
241.0
149.20000000000002
135.3
218.20000000000002
152.0
185.70000000000002
141.6
114.0
178.10000000000002
88.7
109.10000000000001
155.20000000000002
93.5
133.1
107.5
164.8
139.9
245.60000000000002
152.0
131.70000000000002
104.80000000000001
188.9
119.5
75.2
123.2
149.20000000000002
110.9
139.4
110.9
127.5
171.8
151.3
108.7
176.70000000000002
192.4
200.60000000000002
96.9
148.3
183.10000000000002
107.5
175.3
105.7
104.80000000000001
141.1
108.4
116.10000000000001
114.60000000000001
101.9
171.4
166.9
116.0
160.8
195.60000000000002
195.20000000000002
105.5
119.5
176.3
199.5
119.4
182.60000000000002
155.8
125.60000000000001
242.70000000000002
160.60000000000002
139.1
113.4
94.7
137.20000000000002
227.3
114.0
157.10000000000002
155.70000000000002
198.10000000000002
142.6
115.5
97.7
145.70000000000002
280.8
131.1
105.7
156.3
103.30000000000001
94.60000000000001
111.5
147.4
127.30000000000001
149.3
92.4
128.4
126.30000000000001
188.60000000000002
143.1
266.0
108.4
249.9
148.3
151.8
75.0
200.5
131.0
176.9
85.4
123.80000000000001
142.5
137.4
123.60000000000001
158.3
114.80000000000001
115.5
143.3
137.9
151.20000000000002
89.4
144.1
109.10000000000001
104.5
99.5
124.4
163.20000000000002
173.9
132.6
118.30000000000001
78.7
92.4
157.10000000000002
116.4
158.8
146.8
121.30000000000001
198.60000000000002
120.5
154.9
175.5
158.0
154.3
149.1
87.4
96.4
150.5
141.20000000000002
154.5
136.8
189.20000000000002
169.60000000000002
118.7
124.10000000000001
125.0
140.3
100.9
85.4
112.10000000000001
151.20000000000002
74.8
81.80000000000001
168.60000000000002
155.5
113.80000000000001
114.7
183.60000000000002
144.1
140.3
111.5
153.4
197.70000000000002
136.20000000000002
135.6
99.5
154.10000000000002
130.8
149.70000000000002
142.70000000000002
104.7
156.60000000000002
111.9
187.3
246.5
130.6
138.5
141.3
103.60000000000001
156.3
247.3
104.4
297.0
171.0
126.5
135.70000000000002
121.0
208.5
137.0
90.10000000000001
110.9
159.5
131.20000000000002
118.30000000000001
116.10000000000001
176.9
136.1
97.9
139.0
94.0
145.8
136.9
114.7
127.10000000000001
136.5
115.30000000000001
133.20000000000002
84.10000000000001
181.9
142.9
94.2
124.10000000000001
213.4
119.10000000000001
135.4
181.70000000000002
196.8
124.0
127.80000000000001
114.5
136.3
183.9
172.5
100.7
126.2
123.2
183.20000000000002
88.30000000000001
124.5
212.9
198.8
159.8
122.10000000000001
146.70000000000002
97.60000000000001
87.60000000000001
187.9
90.0
132.4
119.7
98.4
97.80000000000001
85.4
221.20000000000002
155.70000000000002
100.4
125.7
158.10000000000002
161.4
115.7
160.5
91.80000000000001
126.4
146.5
88.2
109.10000000000001
201.8
130.4
168.70000000000002
117.0
83.9
117.2
136.70000000000002
98.4
131.70000000000002
214.60000000000002
237.4
93.2
132.6
147.70000000000002
148.8
159.4
188.10000000000002
135.6
132.5
97.60000000000001
144.9
158.60000000000002
83.7
118.2
127.7
105.4
81.4
118.7
137.20000000000002
218.4
169.8
209.10000000000002
137.9
94.7
255.8
135.1
148.1
162.9
167.0
140.8
115.30000000000001
111.80000000000001
182.8
231.4
99.2
146.1
127.4
112.7
150.0
130.1
110.9
152.5
131.9
145.4
227.3
156.4
134.3
135.9
159.5
137.8
198.3
120.5
165.60000000000002
101.2
144.6
144.20000000000002
97.60000000000001
105.10000000000001
67.2
146.5
127.9
141.4
134.1
133.70000000000002
206.10000000000002
117.0
111.2
242.60000000000002
103.5
100.30000000000001
101.4
100.9
146.0
127.5
96.0
114.80000000000001
170.9
149.6
69.10000000000001
128.70000000000002
148.5
176.20000000000002
145.1
163.9
158.20000000000002
177.70000000000002
185.60000000000002
134.8
108.60000000000001
134.8
150.70000000000002
191.5
100.10000000000001
150.6
144.5
102.80000000000001
188.8
115.9
174.4
88.5
115.9
132.6
113.60000000000001
131.4
107.9
81.7
186.3
88.7
98.10000000000001
160.0
174.60000000000002
134.9
132.70000000000002
119.2
115.80000000000001
171.20000000000002
123.9
140.70000000000002
96.30000000000001
113.4
111.7
124.5
175.70000000000002
165.20000000000002
119.4
132.70000000000002
142.6
142.0
107.4
87.0
107.5
157.60000000000002
119.5
168.0
140.3
102.60000000000001
125.60000000000001
106.7
127.80000000000001
139.9
89.7
129.1
128.6
108.9
119.60000000000001
124.9
213.10000000000002
154.70000000000002
141.4
161.4
150.9
163.70000000000002
130.0
126.4
92.5
150.1
120.2
155.20000000000002
178.0
171.70000000000002
128.4
118.2
183.9
152.3
183.9
181.10000000000002
172.10000000000002
161.5
119.0
128.5
114.10000000000001
149.9
142.70000000000002
112.9
220.3
165.4
159.3
161.9
168.60000000000002
118.7
147.3
74.3
128.3
129.6
232.9
143.6
74.5
146.4
103.0
137.3
151.8
137.6
132.20000000000002
164.10000000000002
80.2
155.60000000000002
98.5
114.0
219.4
150.70000000000002
139.70000000000002
226.10000000000002
166.5
164.10000000000002
108.0
134.4
109.0
135.3
145.9
109.80000000000001
112.9
140.8
132.6
199.0
136.5
188.60000000000002
144.8
143.8
192.3
75.3
100.80000000000001
101.30000000000001
167.3
93.30000000000001
135.4
108.10000000000001
207.10000000000002
162.3
192.0
118.5
133.9
122.60000000000001
174.8
248.4
92.5
190.3
153.8
248.10000000000002
73.5
129.1
164.4
130.4
181.8
84.80000000000001
359.70000000000005
111.5
118.9
102.0
161.60000000000002
138.4
123.9
100.9
192.8
105.7
134.0
251.5
93.2
150.70000000000002
123.30000000000001
120.60000000000001
159.9
154.60000000000002
117.10000000000001
146.6
148.20000000000002
246.60000000000002
126.4
131.5
187.0
109.60000000000001
140.0
135.8
165.70000000000002
131.9
138.9
118.30000000000001
135.5
95.9
147.5
126.5
153.20000000000002
123.60000000000001
85.0
140.4
240.3
197.20000000000002
77.2
118.60000000000001
148.3
154.10000000000002
92.30000000000001
223.20000000000002
86.2
135.5
121.60000000000001
120.60000000000001
123.9
233.8
143.1
115.10000000000001
58.7
127.30000000000001
127.80000000000001
126.2
116.80000000000001
113.4
70.5
101.0
305.7
96.9
112.2
97.60000000000001
115.5
168.4
177.0
120.60000000000001
180.4
192.4
131.8
135.6
158.3
70.3
89.10000000000001
159.9
162.4
120.10000000000001
138.0
160.60000000000002
148.1
92.7
184.5
141.5
127.4
131.5
92.0
137.8
134.6
124.10000000000001
160.0
123.4
133.5
161.8
134.3
109.10000000000001
120.2
184.5
113.60000000000001
77.80000000000001
128.6
80.10000000000001
144.5
113.10000000000001
141.20000000000002
165.70000000000002
119.0
223.60000000000002
115.10000000000001
106.0
114.30000000000001
118.9
170.4
212.5
94.2
174.8
100.2
91.4
169.3
119.9
147.5
147.70000000000002
156.4
194.60000000000002
136.4
80.0
227.20000000000002
171.0
216.8
150.0
263.40000000000003
180.5
172.5
118.30000000000001
137.9
166.0
120.4
150.20000000000002
118.5
143.6
104.7
103.30000000000001
117.80000000000001
73.0
170.0
128.4
109.60000000000001
107.80000000000001
122.2
89.7
189.0
158.70000000000002
116.10000000000001
132.8
132.70000000000002
142.8
105.10000000000001
135.70000000000002
140.9
138.3
184.20000000000002
129.3
132.5
112.80000000000001
108.10000000000001
120.4
123.80000000000001
168.4
123.2
107.4
129.4
157.0
126.80000000000001
96.60000000000001
154.9
129.20000000000002
104.7
135.1
172.4
107.0
92.4
187.3
179.60000000000002
89.7
135.20000000000002
133.4
157.8
162.3
120.60000000000001
134.5
92.0
91.80000000000001
163.20000000000002
164.10000000000002
211.60000000000002
146.3
144.70000000000002
127.2
116.60000000000001
96.10000000000001
98.10000000000001
96.5
122.30000000000001
131.70000000000002
112.60000000000001
106.4
157.70000000000002
178.3
185.20000000000002
122.5
164.4
105.2
123.4
126.9
257.8
130.8
93.60000000000001
90.80000000000001
129.8
166.9
106.80000000000001
163.8
185.8
122.0
158.70000000000002
117.60000000000001
88.4
170.20000000000002
177.10000000000002
119.7
83.2
275.8
180.9
97.30000000000001
102.2
121.5
127.30000000000001
108.2
145.4
194.4
178.10000000000002
87.9
106.4
145.5
124.60000000000001
256.90000000000003
154.10000000000002
123.9
127.80000000000001
89.2
95.2
191.60000000000002
171.5
183.20000000000002
134.9
138.0
123.7
118.0
132.6
96.10000000000001
121.30000000000001
121.30000000000001
101.0
172.20000000000002
150.5
124.80000000000001
199.9
98.5
98.30000000000001
121.7
135.0
75.2
161.10000000000002
79.60000000000001
200.0
127.80000000000001
144.5
101.60000000000001
180.70000000000002
106.80000000000001
192.70000000000002
85.9
103.0
109.7
180.5
290.90000000000003
120.4
87.4
137.6
104.5
101.7
106.2
117.30000000000001
146.6
131.0
132.5
121.30000000000001
155.20000000000002
124.9
164.20000000000002
107.30000000000001
143.5
109.60000000000001
178.4
111.10000000000001
95.9
185.8
144.9
112.0
103.2
163.20000000000002
161.10000000000002
125.60000000000001
122.10000000000001
113.10000000000001
137.9
159.4
154.8
110.5
120.80000000000001
121.2
193.0
151.3
164.4
133.3
133.4
99.5
133.0
165.3
117.7
122.9
168.4
117.30000000000001
179.3
219.5
206.3
100.9
167.5
276.6
152.3
106.0
206.20000000000002
112.80000000000001
113.80000000000001
114.80000000000001
154.10000000000002
115.0
109.2
189.8
154.8
132.70000000000002
105.30000000000001
116.4
150.20000000000002
153.20000000000002
111.0
117.30000000000001
170.70000000000002
97.60000000000001
139.8
156.5
132.20000000000002
114.30000000000001
115.5
127.30000000000001
114.9
162.0
116.60000000000001
224.0
128.3
169.10000000000002
130.6
138.6
84.2
128.3
116.60000000000001
179.5
156.20000000000002
109.60000000000001
121.5
93.0
195.0
114.60000000000001
127.80000000000001
111.9
109.9
113.30000000000001
154.10000000000002
148.70000000000002
183.0
145.20000000000002
100.9
100.5
130.0
140.4
126.30000000000001
190.70000000000002
172.4
124.10000000000001
122.0
88.0
219.70000000000002
119.30000000000001
123.7
151.9
145.70000000000002
165.3
165.8
171.20000000000002
105.9
125.0
140.0
151.9
163.9
121.80000000000001
107.2
103.0
125.7
128.4
118.4
154.20000000000002
110.9
132.1
163.9
211.60000000000002
60.7
105.7
174.5
161.8
131.0
160.0
120.9
112.10000000000001
193.4
96.2
135.9
167.20000000000002
146.4
150.70000000000002
94.80000000000001
178.5
129.5
104.80000000000001
152.9
140.70000000000002
125.2
112.9
105.4
125.80000000000001
176.8
183.3
156.8
162.4
200.9
128.4
118.7
116.80000000000001
132.4
114.80000000000001
272.0
173.10000000000002
144.70000000000002
147.70000000000002
116.9
174.9
205.3
239.4
148.3
98.10000000000001
146.20000000000002
178.0
217.5
116.7
115.0
130.5
140.4
84.7
105.7
112.2
220.10000000000002
132.70000000000002
118.4
112.2
134.20000000000002
136.6
166.5
125.30000000000001
124.2
109.60000000000001
223.20000000000002
147.8
193.0
108.5
125.60000000000001
190.70000000000002
85.7
113.30000000000001
159.8
141.5
159.20000000000002
117.10000000000001
136.9
132.1
115.0
94.7
202.8
111.0
135.1
139.1
148.8
223.4
187.9
140.5
111.9
108.60000000000001
155.9
100.2
135.3
234.0
165.60000000000002
177.20000000000002
107.80000000000001
128.20000000000002
92.30000000000001
87.80000000000001
91.0
120.60000000000001
120.5
136.6
116.80000000000001
103.7
87.30000000000001
170.70000000000002
131.6
153.4
121.9
140.5
126.30000000000001
167.9
200.4
97.9
142.4
195.60000000000002
99.60000000000001
184.3
75.5
88.2
132.70000000000002
139.6
185.5
133.4
316.8
273.5
143.5
171.8
128.4
125.7
279.8
152.4
131.1
124.5
115.80000000000001
145.4
118.10000000000001
223.9
102.60000000000001
137.9
137.0
95.2
81.7
105.80000000000001
124.7
73.4
121.4
187.4
158.10000000000002
117.5
112.60000000000001
108.4
104.4
163.9
112.30000000000001
143.3
107.60000000000001
127.9
154.9
105.30000000000001
174.8
93.5
123.60000000000001
