Hitting Time
187.10000000000002
212.3
195.70000000000002
187.8
133.3
""
116.2
155.9
175.5
183.9
256.5
229.4
179.0
214.8
365.5
258.6
245.10000000000002
184.0
190.60000000000002
213.5
179.5
92.0
161.20000000000002
204.9
116.10000000000001
237.9
250.4
168.60000000000002
407.5
233.60000000000002
135.8
369.90000000000003
213.60000000000002
276.40000000000003
""
174.60000000000002
124.10000000000001
247.4
156.4
230.0
298.5
158.10000000000002
127.5
125.7
202.8
258.7
142.1
178.20000000000002
258.6
233.60000000000002
265.0
237.4
207.4
295.1
136.8
204.60000000000002
183.3
157.60000000000002
213.5
160.4
201.5
471.5
147.9
240.3
188.9
305.7
191.20000000000002
246.5
348.6
205.3
190.3
222.60000000000002
163.5
269.8
218.0
272.90000000000003
224.20000000000002
219.0
169.20000000000002
327.0
242.8
""
241.70000000000002
458.90000000000003
263.90000000000003
281.8
217.3
319.20000000000005
231.0
184.3
160.5
366.6
293.0
317.1
239.0
195.8
325.8
265.40000000000003
224.8
340.90000000000003
209.3
162.4
237.8
237.5
113.10000000000001
153.5
195.8
196.9
251.20000000000002
257.90000000000003
111.60000000000001
339.1
181.20000000000002
190.4
186.70000000000002
131.9
283.40000000000003
166.10000000000002
183.4
149.6
238.10000000000002
230.5
192.3
416.40000000000003
140.70000000000002
281.7
218.70000000000002
198.60000000000002
117.5
218.10000000000002
305.5
249.60000000000002
86.30000000000001
193.8
337.90000000000003
254.70000000000002
270.8
179.10000000000002
253.10000000000002
251.0
170.0
140.3
180.9
329.6
192.60000000000002
197.8
165.4
311.40000000000003
137.6
213.0
201.0
181.9
268.8
329.70000000000005
330.8
167.3
365.90000000000003
190.5
255.4
345.5
173.8
446.3
234.10000000000002
170.0
224.60000000000002
273.8
163.20000000000002
130.1
267.6
180.9
191.0
196.10000000000002
196.0
179.70000000000002
226.4
132.0
185.8
190.9
154.0
217.70000000000002
275.0
268.5
146.8
451.6
453.5
304.0
176.20000000000002
129.4
177.10000000000002
294.6
216.10000000000002
288.0
333.90000000000003
255.60000000000002
288.40000000000003
328.8
163.0
198.70000000000002
171.20000000000002
250.20000000000002
338.3
231.4
231.3
243.4
183.10000000000002
184.10000000000002
144.8
232.9
259.5
226.5
251.3
243.0
267.5
203.9
137.0
213.20000000000002
173.70000000000002
121.30000000000001
193.5
178.10000000000002
240.20000000000002
301.0
372.6
248.10000000000002
208.60000000000002
190.10000000000002
311.5
359.0
172.5
212.3
427.70000000000005
154.3
294.2
293.7
456.8
226.5
427.0
436.5
199.8
160.5
197.60000000000002
224.5
209.8
148.9
240.20000000000002
216.10000000000002
163.0
153.60000000000002
290.1
343.20000000000005
247.3
220.70000000000002
195.4
213.5
150.3
248.3
275.6
304.2
216.9
209.70000000000002
179.60000000000002
176.4
206.9
346.20000000000005
314.90000000000003
216.3
162.20000000000002
279.2
119.9
223.20000000000002
266.90000000000003
256.40000000000003
187.70000000000002
495.5
185.4
329.20000000000005
160.9
270.1
123.60000000000001
194.5
325.40000000000003
257.0
219.8
481.70000000000005
161.4
287.7
147.9
179.4
203.9
305.40000000000003
215.10000000000002
189.10000000000002
185.0
122.0
219.0
221.20000000000002
172.3
206.5
275.90000000000003
194.9
217.0
336.0
238.20000000000002
218.0
226.20000000000002
286.6
110.2
221.60000000000002
164.20000000000002
187.20000000000002
162.60000000000002
312.3
259.40000000000003
109.7
480.90000000000003
264.0
147.5
340.6
147.9
123.0
252.60000000000002
218.70000000000002
227.9
136.20000000000002
230.8
234.4
199.4
278.90000000000003
160.10000000000002
216.4
268.40000000000003
135.20000000000002
317.40000000000003
207.9
224.8
208.70000000000002
193.70000000000002
387.40000000000003
224.70000000000002
207.3
323.0
215.60000000000002
271.2
285.40000000000003
203.60000000000002
142.70000000000002
149.9
466.70000000000005
206.60000000000002
251.20000000000002
142.4
208.20000000000002
308.3
186.3
311.40000000000003
216.3
182.4
157.5
240.20000000000002
150.9
229.3
141.9
262.1
311.1
217.70000000000002
361.20000000000005
140.8
190.8
139.4
209.20000000000002
338.6
154.20000000000002
129.8
226.9
324.3
311.3
175.70000000000002
176.9
171.20000000000002
200.10000000000002
279.3
207.60000000000002
315.1
235.0
166.3
158.0
426.6
306.5
213.20000000000002
309.3
381.40000000000003
413.70000000000005
220.60000000000002
336.20000000000005
201.9
234.70000000000002
192.9
111.2
186.60000000000002
219.70000000000002
175.20000000000002
238.4
246.4
364.6
125.4
171.3
201.4
120.10000000000001
296.7
171.0
239.60000000000002
208.20000000000002
324.40000000000003
194.9
249.9
331.6
236.0
139.70000000000002
217.60000000000002
323.0
213.70000000000002
247.5
291.90000000000003
420.6
181.20000000000002
197.20000000000002
441.40000000000003
192.70000000000002
165.60000000000002
325.90000000000003
241.20000000000002
495.20000000000005
182.60000000000002
214.8
327.20000000000005
244.9
258.5
167.4
271.5
206.60000000000002
240.0
244.8
341.40000000000003
400.70000000000005
287.8
177.70000000000002
191.3
251.8
241.5
155.4
210.8
401.90000000000003
175.70000000000002
207.10000000000002
315.40000000000003
150.20000000000002
361.3
214.8
223.4
169.70000000000002
223.4
140.70000000000002
357.40000000000003
445.20000000000005
202.8
224.70000000000002
242.70000000000002
200.60000000000002
223.0
245.8
127.7
261.6
168.8
188.3
241.8
345.20000000000005
223.9
285.2
206.70000000000002
202.10000000000002
232.5
243.9
180.70000000000002
235.4
236.10000000000002
116.2
290.3
233.9
441.20000000000005
122.80000000000001
210.20000000000002
238.8
242.9
246.70000000000002
280.90000000000003
350.90000000000003
181.70000000000002
346.1
241.10000000000002
198.4
173.3
259.1
209.60000000000002
182.60000000000002
483.0
214.70000000000002
296.8
217.8
275.0
366.6
284.3
218.60000000000002
196.20000000000002
320.0
211.0
227.5
321.6
235.8
261.0
241.5
300.8
190.10000000000002
180.70000000000002
202.10000000000002
319.1
321.40000000000003
214.20000000000002
245.5
423.20000000000005
390.3
176.3
190.20000000000002
342.70000000000005
303.3
268.90000000000003
201.70000000000002
229.60000000000002
194.0
151.3
204.20000000000002
192.10000000000002
348.70000000000005
288.3
197.9
167.0
207.3
182.20000000000002
273.7
232.20000000000002
215.70000000000002
195.8
310.5
169.0
217.20000000000002
237.9
353.1
226.10000000000002
263.8
157.0
232.20000000000002
210.5
131.3
169.0
239.3
248.60000000000002
148.8
119.9
187.0
187.70000000000002
238.0
207.70000000000002
201.10000000000002
242.10000000000002
462.70000000000005
195.60000000000002
283.8
162.9
196.5
139.9
318.3
247.9
200.4
254.4
171.60000000000002
183.70000000000002
274.6
167.3
271.40000000000003
199.70000000000002
277.8
211.8
444.1
149.9
271.90000000000003
204.8
297.40000000000003
348.1
260.0
338.0
187.8
259.5
223.5
220.8
190.10000000000002
114.4
255.3
233.0
203.10000000000002
199.10000000000002
163.8
196.4
139.70000000000002
274.90000000000003
236.0
331.1
265.8
258.8
185.0
176.4
163.60000000000002
376.5
292.7
276.1
154.4
313.0
244.10000000000002
217.10000000000002
199.9
199.5
270.1
150.70000000000002
209.3
231.5
152.1
348.8
198.5
183.20000000000002
101.10000000000001
291.90000000000003
""
346.70000000000005
251.60000000000002
444.1
363.40000000000003
156.8
251.9
295.1
139.6
300.2
221.60000000000002
197.4
190.3
345.0
186.9
176.0
195.20000000000002
291.8
237.20000000000002
262.0
137.8
213.10000000000002
270.1
122.7
153.3
118.60000000000001
310.6
245.10000000000002
160.20000000000002
243.0
139.9
395.3
110.5
256.8
138.0
263.1
212.10000000000002
228.60000000000002
138.6
329.6
179.10000000000002
242.5
152.6
215.70000000000002
168.5
143.3
187.20000000000002
207.5
202.5
176.3
192.0
117.5
189.5
214.0
329.70000000000005
248.3
258.40000000000003
244.60000000000002
218.5
277.1
138.3
148.70000000000002
282.8
175.70000000000002
125.7
146.20000000000002
262.1
245.70000000000002
313.3
204.70000000000002
169.70000000000002
174.10000000000002
231.60000000000002
135.9
252.8
237.20000000000002
332.3
211.9
186.8
150.6
286.90000000000003
309.90000000000003
206.20000000000002
332.70000000000005
194.3
309.8
388.6
237.60000000000002
193.70000000000002
240.8
213.10000000000002
322.20000000000005
247.3
332.1
192.4
143.8
406.0
290.7
261.6
204.10000000000002
""
226.20000000000002
249.0
219.70000000000002
186.60000000000002
250.20000000000002
167.4
243.70000000000002
190.0
230.10000000000002
199.9
128.6
194.5
319.90000000000003
256.5
181.20000000000002
207.3
249.3
165.3
176.70000000000002
261.5
96.30000000000001
244.9
305.6
239.10000000000002
249.5
287.90000000000003
96.2
149.5
215.70000000000002
160.8
148.0
203.70000000000002
151.8
238.5
212.3
273.7
212.4
264.8
213.5
173.5
243.8
262.40000000000003
271.5
141.20000000000002
342.0
213.5
255.5
245.0
185.70000000000002
181.9
215.5
256.2
226.20000000000002
233.8
224.3
290.3
374.40000000000003
209.4
174.20000000000002
232.3
356.1
211.60000000000002
150.5
311.1
215.20000000000002
115.80000000000001
247.10000000000002
325.6
332.1
233.4
243.20000000000002
168.4
200.20000000000002
181.10000000000002
181.0
448.1
304.90000000000003
198.10000000000002
307.20000000000005
248.4
171.4
167.8
179.60000000000002
219.0
117.0
""
177.0
184.60000000000002
431.90000000000003
187.20000000000002
340.6
243.5
285.5
292.7
250.0
129.20000000000002
165.10000000000002
274.1
230.0
394.40000000000003
214.8
160.8
292.40000000000003
184.4
245.5
185.60000000000002
387.20000000000005
217.0
245.20000000000002
254.0
208.70000000000002
196.5
346.6
346.70000000000005
167.60000000000002
203.3
344.20000000000005
201.5
291.1
278.7
348.70000000000005
109.0
234.0
162.0
269.1
173.5
387.5
157.20000000000002
151.3
194.9
217.60000000000002
143.6
267.8
160.70000000000002
279.0
154.20000000000002
232.0
230.60000000000002
225.4
190.0
212.70000000000002
151.3
171.9
233.60000000000002
255.60000000000002
276.7
200.0
177.3
134.6
171.0
201.0
168.3
197.0
125.5
159.5
185.3
236.4
137.4
289.3
247.5
139.5
106.0
340.6
198.5
231.8
139.20000000000002
433.70000000000005
197.10000000000002
229.9
172.5
172.5
190.3
241.10000000000002
284.1
240.3
146.3
242.8
226.70000000000002
287.6
234.8
252.10000000000002
320.6
362.0
168.0
269.2
163.4
199.9
450.8
183.70000000000002
194.5
234.5
220.9
250.0
169.3
167.70000000000002
185.3
216.9
175.60000000000002
249.0
164.8
218.60000000000002
150.9
178.4
163.8
185.8
201.10000000000002
173.0
268.40000000000003
212.3
362.0
165.10000000000002
152.70000000000002
""
308.20000000000005
325.40000000000003
384.40000000000003
231.3
116.80000000000001
111.0
298.40000000000003
261.8
153.20000000000002
312.70000000000005
152.8
193.0
262.3
171.20000000000002
161.8
211.4
170.20000000000002
167.20000000000002
211.9
179.9
120.7
137.9
213.5
207.70000000000002
220.70000000000002
141.0
308.6
211.9
224.60000000000002
250.0
118.60000000000001
168.0
171.5
419.70000000000005
156.20000000000002
159.8
397.5
163.5
139.5
185.4
311.70000000000005
349.70000000000005
288.40000000000003
145.70000000000002
224.60000000000002
279.7
201.5
151.3
""
188.70000000000002
189.0
330.3
221.20000000000002
187.8
251.8
191.5
169.5
411.6
218.0
253.4
158.0
204.4
308.20000000000005
154.4
365.3
328.5
149.6
197.60000000000002
303.90000000000003
172.8
228.0
193.10000000000002
178.70000000000002
323.90000000000003
182.10000000000002
114.60000000000001
202.8
271.3
205.9
312.3
155.70000000000002
164.10000000000002
163.5
338.70000000000005
334.0
199.4
304.0
221.3
219.3
180.9
443.70000000000005
201.3
194.4
139.3
227.10000000000002
245.0
236.70000000000002
193.70000000000002
217.5
209.10000000000002
316.40000000000003
267.1
298.6
232.4
288.90000000000003
232.9
143.5
151.20000000000002
332.40000000000003
167.4
118.30000000000001
278.8
280.40000000000003
218.70000000000002
212.70000000000002
209.20000000000002
185.20000000000002
339.70000000000005
259.6
209.70000000000002
251.8
253.4
368.6
167.5
202.70000000000002
159.3
256.5
170.5
192.0
250.20000000000002
295.8
451.40000000000003
203.5
155.10000000000002
208.0
123.80000000000001
119.7
191.3
110.9
295.2
240.60000000000002
195.20000000000002
261.7
252.70000000000002
339.0
213.20000000000002
155.9
195.20000000000002
232.4
232.20000000000002
224.20000000000002
273.90000000000003
333.70000000000005
242.9
193.20000000000002
268.40000000000003
285.2
192.60000000000002
206.9
171.10000000000002
337.0
211.9
184.3
249.70000000000002
248.70000000000002
325.1
159.10000000000002
209.20000000000002
180.70000000000002
341.8
122.5
235.70000000000002
347.3
123.4
337.1
263.40000000000003
170.5
250.4
222.3
174.4
196.60000000000002
110.30000000000001
276.6
257.3
307.40000000000003
216.5
183.4
235.60000000000002
254.4
161.20000000000002
426.90000000000003
167.10000000000002
265.1
184.0
213.60000000000002
241.20000000000002
277.1
225.0
232.5
169.3
232.9
282.6
217.20000000000002
217.70000000000002
233.10000000000002
181.20000000000002
155.3
268.8
271.5
482.6
183.8
248.70000000000002
427.20000000000005
227.5
455.20000000000005
268.6
159.60000000000002
181.10000000000002
338.6
193.9
295.7
329.40000000000003
140.1
190.8
308.90000000000003
400.3
142.1
314.70000000000005
199.8
158.60000000000002
169.4
311.8
345.6
146.1
266.1
179.5
229.0
286.90000000000003
425.3
202.20000000000002
192.3
202.3
299.6
211.8
111.7
360.8
202.20000000000002
164.60000000000002
131.6
171.20000000000002
130.4
374.5
143.1
185.70000000000002
207.9
168.0
161.4
236.5
255.9
197.5
279.40000000000003
240.4
263.5
199.60000000000002
187.70000000000002
347.1
331.1
208.4
188.9
150.5
170.0
210.5
251.3
270.40000000000003
169.5
314.20000000000005
231.5
221.3
254.10000000000002
222.70000000000002
223.5
207.70000000000002
277.3
178.4
431.0
323.8
189.20000000000002
230.3
221.70000000000002
252.4
131.20000000000002
413.0
238.3
226.0
293.5
158.60000000000002
315.6
189.8
133.70000000000002
203.0
261.5
213.8
417.5
262.3
221.0
327.0
231.5
270.0
312.3
246.4
193.9
242.70000000000002
212.0
219.20000000000002
171.20000000000002
327.20000000000005
244.3
204.0
246.3
256.6
255.0
279.3
273.6
240.3
242.10000000000002
167.60000000000002
220.60000000000002
119.60000000000001
143.6
188.4
228.5
262.5
201.3
392.3
289.5
320.8
236.3
418.3
163.0
197.20000000000002
201.0
220.9
259.40000000000003
163.8
290.7
167.5
207.9
165.10000000000002
246.9
251.70000000000002
203.0
168.8
205.8
187.70000000000002
244.70000000000002
220.3
275.3
224.3
218.3
450.5
118.4
163.8
159.8
239.3
252.3
200.20000000000002
152.1
167.20000000000002
363.40000000000003
238.4
193.9
221.60000000000002
252.3
212.8
325.20000000000005
211.70000000000002
267.2
180.4
311.20000000000005
401.90000000000003
291.7
307.70000000000005
138.5
141.0
121.30000000000001
197.10000000000002
235.9
409.0
257.1
259.7
303.7
278.40000000000003
187.10000000000002
187.70000000000002
244.10000000000002
445.0
224.10000000000002
236.10000000000002
377.40000000000003
313.70000000000005
140.1
260.3
185.9
241.4
186.0
187.60000000000002
196.60000000000002
384.5
277.90000000000003
199.70000000000002
281.5
217.70000000000002
109.9
146.70000000000002
227.4
174.4
174.10000000000002
396.3
407.3
281.8
175.8
174.60000000000002
207.5
267.90000000000003
183.10000000000002
183.9
143.3
419.40000000000003
160.3
127.30000000000001
164.9
216.60000000000002
185.70000000000002
235.8
182.0
303.6
170.5
207.5
181.60000000000002
166.70000000000002
174.60000000000002
273.3
189.70000000000002
169.0
198.5
175.0
190.8
231.8
""
212.3
152.70000000000002
202.10000000000002
266.0
359.20000000000005
190.8
359.8
214.70000000000002
453.3
432.40000000000003
194.0
179.70000000000002
235.20000000000002
250.60000000000002
264.5
149.5
166.20000000000002
440.40000000000003
311.1
292.5
211.70000000000002
195.20000000000002
136.9
158.8
208.70000000000002
225.20000000000002
238.5
275.7
172.5
363.5
184.5
176.0
137.6
376.20000000000005
331.6
370.1
108.10000000000001
205.60000000000002
295.3
210.9
375.20000000000005
174.8
203.0
172.4
288.2
223.0
237.20000000000002
159.5
194.20000000000002
211.70000000000002
293.1
222.60000000000002
298.0
362.20000000000005
189.10000000000002
151.9
200.3
161.10000000000002
171.60000000000002
211.3
384.20000000000005
120.30000000000001
178.60000000000002
245.70000000000002
343.0
267.8
285.1
310.90000000000003
161.70000000000002
190.10000000000002
241.8
131.3
191.0
217.3
247.20000000000002
""
339.0
196.60000000000002
243.0
329.90000000000003
216.10000000000002
196.5
173.9
385.8
221.70000000000002
202.10000000000002
206.0
217.3
377.20000000000005
151.6
""
188.8
297.5
272.7
134.0
276.1
167.20000000000002
227.70000000000002
304.0
248.5
300.8
341.0
167.60000000000002
307.1
268.2
271.5
176.70000000000002
235.10000000000002
181.3
148.5
207.8
125.0
179.0
250.60000000000002
204.3
211.20000000000002
216.70000000000002
286.8
214.10000000000002
186.3
250.3
203.60000000000002
146.20000000000002
170.8
221.4
220.20000000000002
235.3
338.0
212.4
282.8
288.3
194.4
131.9
176.0
141.9
278.0
169.4
190.20000000000002
342.6
191.60000000000002
205.0
156.3
232.5
397.8
215.8
171.8
368.90000000000003
280.1
144.8
196.0
164.20000000000002
226.0
234.10000000000002
153.60000000000002
122.30000000000001
292.1
338.0
221.9
304.1
381.1
304.3
151.3
316.3
271.5
84.7
269.5
147.70000000000002
209.8
273.3
318.20000000000005
140.70000000000002
149.0
190.20000000000002
159.5
280.0
157.10000000000002
386.6
268.40000000000003
159.5
162.5
357.8
258.0
161.70000000000002
165.4
154.0
241.20000000000002
195.3
189.70000000000002
177.20000000000002
190.60000000000002
198.4
220.3
182.8
212.60000000000002
251.3
221.20000000000002
234.20000000000002
231.20000000000002
239.60000000000002
213.0
""
163.9
237.9
286.90000000000003
187.70000000000002
230.8
146.1
183.4
209.4
253.5
331.40000000000003
167.70000000000002
""
201.8
149.1
268.3
329.8
361.5
210.9
266.40000000000003
287.8
277.6
153.3
233.10000000000002
240.9
251.8
155.5
190.9
339.6
238.20000000000002
254.20000000000002
188.5
257.90000000000003
236.4
222.10000000000002
228.9
246.60000000000002
222.0
191.60000000000002
183.3
357.70000000000005
363.70000000000005
196.9
180.70000000000002
219.0
176.9
199.3
434.90000000000003
406.6
157.4
151.3
207.0
181.60000000000002
173.70000000000002
203.3
126.0
233.0
141.8
270.5
119.2
246.0
167.8
""
201.0
225.70000000000002
330.6
218.4
320.3
293.2
246.60000000000002
253.4
211.9
265.0
176.20000000000002
168.9
281.0
176.8
171.0
144.70000000000002
179.4
150.5
210.60000000000002
327.0
188.20000000000002
435.0
342.20000000000005
137.5
296.90000000000003
218.0
233.70000000000002
311.70000000000005
198.70000000000002
194.70000000000002
107.80000000000001
170.20000000000002
229.70000000000002
321.8
214.4
187.5
205.3
235.3
248.0
441.90000000000003
152.8
223.3
324.8
154.3
317.20000000000005
416.6
316.5
144.70000000000002
191.70000000000002
187.8
292.3
411.3
229.70000000000002
232.0
174.9
194.3
141.3
339.3
244.10000000000002
277.7
179.4
242.5
228.20000000000002
252.4
279.90000000000003
259.8
174.20000000000002
193.9
228.5
247.10000000000002
285.8
265.6
210.10000000000002
176.20000000000002
207.9
250.8
275.6
296.5
292.40000000000003
193.5
174.9
147.9
240.9
174.3
273.0
250.20000000000002
255.70000000000002
217.5
247.5
429.5
184.20000000000002
350.3
155.5
169.60000000000002
220.20000000000002
163.4
137.3
116.0
233.8
159.8
292.0
238.20000000000002
169.0
259.5
314.0
221.60000000000002
319.40000000000003
186.20000000000002
179.60000000000002
191.4
211.8
243.9
308.90000000000003
202.0
202.8
414.5
389.8
321.3
173.10000000000002
206.70000000000002
181.60000000000002
270.1
130.70000000000002
183.20000000000002
205.10000000000002
198.3
272.90000000000003
206.5
280.90000000000003
235.70000000000002
146.20000000000002
111.9
258.3
141.5
151.4
274.7
166.3
266.40000000000003
191.8
173.20000000000002
224.70000000000002
263.40000000000003
193.5
243.8
237.70000000000002
182.60000000000002
176.8
147.8
240.0
135.6
215.4
191.8
204.9
227.0
263.2
163.5
224.9
241.20000000000002
242.9
130.20000000000002
320.5
252.9
175.4
201.3
316.1
265.5
358.1
147.4
196.0
185.5
276.90000000000003
227.60000000000002
166.5
181.70000000000002
299.0
332.40000000000003
183.20000000000002
120.80000000000001
183.9
216.4
184.8
370.3
232.8
187.3
200.9
315.6
170.3
214.20000000000002
275.2
210.3
173.5
148.9
275.8
199.60000000000002
169.60000000000002
230.3
443.90000000000003
363.90000000000003
286.5
206.20000000000002
390.1
267.40000000000003
206.4
160.9
163.4
246.60000000000002
189.5
167.9
201.4
235.4
190.3
224.70000000000002
278.3
196.20000000000002
217.3
140.9
274.5
213.3
153.9
122.60000000000001
161.8
175.70000000000002
307.90000000000003
345.90000000000003
173.60000000000002
179.10000000000002
150.5
243.9
164.0
190.10000000000002
183.70000000000002
245.10000000000002
258.40000000000003
287.7
119.60000000000001
333.40000000000003
163.3
255.3
272.3
121.80000000000001
268.3
150.4
270.8
209.5
149.70000000000002
226.10000000000002
379.70000000000005
150.70000000000002
212.60000000000002
192.10000000000002
260.7
157.0
186.3
285.90000000000003
233.4
418.90000000000003
386.40000000000003
147.70000000000002
186.20000000000002
179.5
189.70000000000002
231.9
151.4
283.7
243.5
229.70000000000002
306.7
151.70000000000002
206.3
260.8
315.1
339.1
236.10000000000002
168.4
187.8
218.3
150.5
219.8
253.8
209.0
235.20000000000002
203.9
177.8
190.9
256.8
172.20000000000002
242.4
290.40000000000003
264.0
351.8
318.70000000000005
169.8
243.3
169.8
136.4
335.90000000000003
200.3
168.8
320.0
190.5
241.8
233.3
97.4
222.60000000000002
439.5
255.0
165.0
186.9
249.0
298.6
199.70000000000002
131.3
133.1
239.70000000000002
174.8
126.9
242.8
179.10000000000002
214.10000000000002
377.1
188.0
203.20000000000002
216.8
256.40000000000003
286.6
273.6
235.4
160.20000000000002
201.8
152.8
95.4
214.8
197.9
263.3
169.9
185.3
317.0
330.6
199.3
231.9
316.5
168.60000000000002
207.3
278.40000000000003
228.60000000000002
187.60000000000002
222.5
260.90000000000003
245.60000000000002
102.2
276.3
174.10000000000002
197.5
257.8
266.5
114.30000000000001
473.6
248.9
270.0
267.3
281.3
209.70000000000002
154.70000000000002
247.20000000000002
274.40000000000003
270.7
300.90000000000003
258.7
155.20000000000002
196.5
182.20000000000002
138.8
242.9
293.3
286.3
257.3
237.60000000000002
238.20000000000002
106.10000000000001
421.3
221.3
465.1
442.90000000000003
286.90000000000003
318.0
158.0
234.60000000000002
98.60000000000001
358.70000000000005
321.20000000000005
178.8
303.1
140.8
215.8
186.4
465.0
208.5
232.8
170.5
282.0
201.20000000000002
279.1
214.4
172.60000000000002
126.4
243.8
192.10000000000002
142.0
239.0
211.8
156.4
237.8
191.3
142.70000000000002
252.60000000000002
254.60000000000002
386.8
381.5
149.1
287.3
170.10000000000002
191.20000000000002
198.20000000000002
145.5
280.6
354.8
275.90000000000003
178.3
260.40000000000003
166.0
127.10000000000001
338.70000000000005
329.40000000000003
291.40000000000003
178.10000000000002
206.10000000000002
214.3
183.20000000000002
209.8
94.30000000000001
257.0
251.0
137.5
223.60000000000002
155.9
340.5
359.90000000000003
212.3
193.70000000000002
224.0
250.20000000000002
151.6
178.10000000000002
281.3
102.80000000000001
154.4
217.5
195.20000000000002
143.1
212.9
181.60000000000002
276.1
146.1
254.3
197.0
149.4
164.0
147.5
251.60000000000002
333.5
184.0
306.90000000000003
233.3
207.5
206.8
339.5
162.0
177.8
266.2
205.0
364.70000000000005
274.40000000000003
173.4
393.6
310.70000000000005
200.5
206.60000000000002
251.9
236.60000000000002
107.4
223.8
244.8
207.20000000000002
204.8
233.0
293.2
184.5
302.0
189.60000000000002
183.10000000000002
231.3
179.20000000000002
218.10000000000002
269.0
189.70000000000002
423.70000000000005
187.4
311.70000000000005
""
203.10000000000002
159.3
142.1
354.6
191.3
227.8
164.10000000000002
415.70000000000005
224.3
218.70000000000002
252.9
145.0
186.5
211.4
191.8
204.20000000000002
212.9
250.10000000000002
269.40000000000003
366.20000000000005
135.0
187.0
196.4
269.2
196.10000000000002
236.3
213.4
177.70000000000002
233.3
262.7
216.0
148.6
352.5
371.5
290.7
199.0
194.4
424.3
225.4
293.3
146.5
235.4
249.5
194.0
287.2
351.20000000000005
272.8
""
200.20000000000002
225.20000000000002
184.70000000000002
204.8
157.70000000000002
187.0
164.9
170.3
279.0
192.5
157.3
296.3
293.90000000000003
294.2
201.70000000000002
247.60000000000002
191.3
393.90000000000003
175.8
337.3
154.4
236.70000000000002
168.3
204.9
232.8
225.70000000000002
256.5
216.0
247.0
449.3
255.0
221.60000000000002
108.2
220.4
238.3
337.70000000000005
124.80000000000001
247.10000000000002
181.10000000000002
267.5
170.10000000000002
178.9
304.40000000000003
344.6
267.8
154.70000000000002
182.0
287.40000000000003
204.3
173.8
273.90000000000003
144.8
362.70000000000005
309.70000000000005
245.8
249.4
190.8
196.8
244.70000000000002
276.3
307.8
324.70000000000005
260.40000000000003
84.10000000000001
156.70000000000002
159.70000000000002
201.8
197.8
146.9
237.10000000000002
114.9
197.9
277.1
221.8
134.1
170.4
193.20000000000002
144.5
401.40000000000003
177.9
257.2
206.5
278.8
193.9
141.70000000000002
277.0
181.0
189.0
125.4
""
322.90000000000003
209.20000000000002
232.0
311.6
234.60000000000002
465.8
138.70000000000002
""
217.4
202.60000000000002
271.3
162.3
193.60000000000002
318.0
172.9
292.90000000000003
186.5
249.5
290.90000000000003
222.10000000000002
186.9
175.8
253.5
200.70000000000002
102.2
202.8
191.8
168.4
141.8
376.8
319.90000000000003
235.5
243.60000000000002
155.60000000000002
242.3
243.5
211.0
213.20000000000002
174.4
219.10000000000002
207.0
262.0
303.6
230.60000000000002
145.8
179.8
324.5
162.8
242.20000000000002
272.2
241.60000000000002
269.2
300.2
324.5
280.40000000000003
122.60000000000001
209.60000000000002
304.5
304.3
237.60000000000002
168.4
112.60000000000001
229.70000000000002
174.3
142.9
264.6
321.0
214.5
244.70000000000002
400.1
342.70000000000005
236.0
150.8
149.9
127.7
220.70000000000002
478.1
194.3
209.5
168.60000000000002
440.20000000000005
286.8
208.0
228.0
243.60000000000002
202.4
268.6
177.0
242.60000000000002
442.5
134.6
198.10000000000002
237.8
179.10000000000002
250.60000000000002
175.70000000000002
259.3
203.10000000000002
221.60000000000002
125.0
269.40000000000003
168.4
254.8
123.5
193.8
130.1
384.90000000000003
272.90000000000003
235.4
222.9
169.0
250.60000000000002
220.60000000000002
174.9
120.7
167.3
341.90000000000003
204.0
195.20000000000002
219.3
238.4
208.5
154.8
197.5
199.5
236.5
300.40000000000003
164.20000000000002
233.3
261.7
176.60000000000002
241.9
326.8
289.2
205.3
254.9
340.70000000000005
232.9
158.70000000000002
244.5
212.4
165.8
193.0
169.70000000000002
175.0
157.0
165.10000000000002
130.0
127.9
179.3
172.20000000000002
273.6
196.10000000000002
238.4
178.5
173.4
163.20000000000002
165.0
157.3
289.8
304.5
240.70000000000002
292.7
201.0
185.60000000000002
277.40000000000003
228.9
214.3
246.20000000000002
307.20000000000005
241.8
218.60000000000002
185.60000000000002
242.9
190.5
201.9
334.90000000000003
140.1
396.3
220.9
176.20000000000002
271.90000000000003
""
235.4
251.0
343.20000000000005
150.4
198.8
146.4
166.5
151.20000000000002
212.5
207.8
363.40000000000003
276.5
182.8
203.10000000000002
176.3
142.5
244.8
145.6
277.40000000000003
170.5
260.0
125.4
219.60000000000002
255.5
297.0
302.90000000000003
163.70000000000002
239.60000000000002
176.0
268.6
242.0
177.9
193.70000000000002
158.8
218.10000000000002
280.5
325.70000000000005
241.20000000000002
230.0
""
291.8
255.20000000000002
438.90000000000003
223.10000000000002
273.5
195.0
292.6
442.3
165.9
253.9
198.4
263.90000000000003
129.1
186.0
241.9
179.0
169.4
265.3
98.5
194.0
252.10000000000002
206.8
217.3
138.8
211.9
352.40000000000003
117.80000000000001
148.5
158.20000000000002
185.5
139.70000000000002
315.8
""
183.10000000000002
264.40000000000003
367.70000000000005
255.4
228.3
209.10000000000002
134.6
189.10000000000002
481.90000000000003
297.3
175.8
241.20000000000002
322.0
184.60000000000002
214.3
192.4
141.70000000000002
151.4
191.10000000000002
186.10000000000002
440.8
145.1
236.5
265.0
160.4
117.7
342.1
147.6
148.20000000000002
186.10000000000002
153.0
258.90000000000003
371.0
167.8
163.10000000000002
302.5
195.3
102.10000000000001
159.10000000000002
451.0
227.70000000000002
209.8
161.60000000000002
175.3
183.70000000000002
190.70000000000002
158.9
488.5
298.8
192.8
405.70000000000005
235.9
175.60000000000002
144.8
137.70000000000002
172.5
328.0
199.5
173.5
254.4
239.3
237.5
176.3
121.5
219.3
233.4
374.6
203.20000000000002
202.9
150.0
216.8
282.2
183.5
167.10000000000002
295.6
147.9
226.4
246.70000000000002
239.9
173.70000000000002
271.1
250.10000000000002
221.8
238.0
206.9
207.20000000000002
229.3
351.90000000000003
132.20000000000002
165.4
258.2
164.20000000000002
204.5
285.90000000000003
158.10000000000002
139.1
193.5
169.60000000000002
173.10000000000002
186.5
324.5
281.7
254.0
190.0
482.40000000000003
258.7
318.6
174.10000000000002
235.60000000000002
220.8
218.0
357.3
265.3
198.9
154.3
299.40000000000003
177.10000000000002
182.9
160.60000000000002
233.70000000000002
240.3
146.3
""
151.8
379.70000000000005
109.7
155.4
193.20000000000002
273.0
366.90000000000003
217.20000000000002
172.8
389.8
129.0
182.3
310.6
297.40000000000003
234.70000000000002
182.20000000000002
137.20000000000002
188.0
383.6
350.6
178.4
237.20000000000002
321.0
312.40000000000003
162.60000000000002
184.60000000000002
147.6
184.10000000000002
202.9
208.3
192.4
225.60000000000002
152.6
173.4
138.70000000000002
244.20000000000002
209.3
159.20000000000002
178.10000000000002
225.60000000000002
235.70000000000002
305.5
175.60000000000002
212.5
269.0
263.90000000000003
100.2
140.6
219.20000000000002
244.3
204.3
249.8
200.60000000000002
274.3
136.20000000000002
114.2
311.8
205.9
127.60000000000001
198.9
181.10000000000002
223.3
269.8
125.10000000000001
244.9
179.9
266.0
230.8
212.70000000000002
222.10000000000002
188.70000000000002
284.3
""
158.9
204.8
196.10000000000002
228.70000000000002
232.20000000000002
294.90000000000003
249.20000000000002
281.5
152.9
223.5
263.40000000000003
271.6
348.20000000000005
259.0
455.5
194.60000000000002
194.9
181.0
253.5
224.5
393.3
266.8
289.5
496.0
169.3
225.9
202.9
163.9
170.9
260.5
267.1
219.10000000000002
110.7
187.4
248.70000000000002
275.7
159.9
113.10000000000001
297.40000000000003
215.9
164.60000000000002
265.0
300.40000000000003
172.3
353.5
328.90000000000003
276.2
328.20000000000005
183.4
229.20000000000002
154.5
128.4
256.40000000000003
219.9
207.60000000000002
246.0
228.20000000000002
268.6
305.1
245.20000000000002
239.8
299.7
159.0
129.5
177.0
124.2
155.20000000000002
210.70000000000002
313.20000000000005
202.3
231.4
237.60000000000002
242.8
154.0
231.9
271.40000000000003
198.70000000000002
334.1
208.60000000000002
139.8
218.3
192.8
245.10000000000002
316.6
154.3
195.4
381.40000000000003
219.4
320.3
226.9
270.2
159.3
162.9
191.20000000000002
267.7
300.7
153.9
226.60000000000002
137.4
193.5
228.5
249.70000000000002
156.3
378.70000000000005
239.8
355.6
218.3
257.2
199.4
163.70000000000002
204.4
""
261.1
302.40000000000003
122.5
317.3
193.4
256.3
172.5
153.9
163.4
405.0
240.5
190.5
282.90000000000003
313.1
228.5
245.10000000000002
187.10000000000002
255.8
""
233.70000000000002
326.40000000000003
251.8
213.20000000000002
222.10000000000002
251.4
181.20000000000002
149.20000000000002
241.5
187.9
278.3
130.70000000000002
205.20000000000002
97.0
""
235.10000000000002
164.4
252.3
155.4
342.70000000000005
245.3
133.9
171.60000000000002
251.70000000000002
189.70000000000002
215.0
155.4
172.10000000000002
241.60000000000002
178.0
305.8
175.70000000000002
281.3
149.0
193.3
194.9
176.0
246.10000000000002
236.10000000000002
462.40000000000003
280.7
221.3
183.8
203.70000000000002
195.5
183.10000000000002
313.8
323.20000000000005
241.20000000000002
267.90000000000003
338.5
249.20000000000002
142.8
340.3
189.3
""
184.3
137.4
231.60000000000002
132.3
222.0
145.20000000000002
199.0
353.8
232.3
235.70000000000002
94.10000000000001
160.9
191.0
217.70000000000002
348.40000000000003
185.70000000000002
221.10000000000002
168.0
363.8
207.60000000000002
216.8
179.10000000000002
213.8
371.5
215.8
138.1
196.4
322.1
304.7
165.3
146.20000000000002
241.10000000000002
136.1
194.0
190.9
128.8
424.20000000000005
113.80000000000001
219.70000000000002
139.1
163.0
313.0
159.4
206.4
175.4
132.3
191.9
282.0
178.3
162.60000000000002
199.20000000000002
256.7
223.10000000000002
270.5
382.0
147.9
162.10000000000002
460.6
118.60000000000001
166.10000000000002
176.9
319.90000000000003
138.3
179.70000000000002
348.6
160.60000000000002
267.6
185.8
146.3
177.3
210.20000000000002
""
208.9
218.0
142.20000000000002
312.3
347.90000000000003
235.10000000000002
172.10000000000002
205.9
188.9
334.0
130.6
299.2
313.1
155.10000000000002
264.90000000000003
211.5
126.2
124.10000000000001
162.70000000000002
167.70000000000002
171.0
241.0
""
189.10000000000002
275.7
387.70000000000005
151.6
246.8
130.5
211.70000000000002
358.8
248.0
339.0
347.6
206.3
147.9
179.5
256.8
370.6
205.20000000000002
135.6
174.9
321.6
177.5
217.10000000000002
215.20000000000002
207.3
196.70000000000002
177.20000000000002
281.7
245.8
425.20000000000005
133.1
228.9
190.8
249.70000000000002
229.9
300.40000000000003
467.8
187.60000000000002
170.70000000000002
126.2
242.9
354.20000000000005
211.10000000000002
229.0
306.7
183.5
248.4
103.0
162.20000000000002
320.8
238.20000000000002
121.5
230.10000000000002
207.60000000000002
169.8
187.20000000000002
281.3
164.3
274.3
146.5
135.9
148.8
168.3
276.6
159.60000000000002
167.60000000000002
205.20000000000002
303.1
483.20000000000005
177.0
224.60000000000002
311.6
158.20000000000002
286.6
180.9
316.0
140.1
208.70000000000002
200.60000000000002
281.8
328.6
267.40000000000003
175.8
199.5
259.90000000000003
224.9
179.60000000000002
154.4
113.7
341.90000000000003
187.20000000000002
277.0
426.70000000000005
253.9
118.80000000000001
197.3
294.3
266.6
174.4
118.80000000000001
173.5
182.10000000000002
175.10000000000002
215.9
212.9
303.40000000000003
148.1
215.8
271.3
332.1
121.2
308.5
199.60000000000002
283.0
279.3
174.8
294.8
209.10000000000002
158.10000000000002
173.4
269.1
200.9
274.6
170.4
436.40000000000003
199.20000000000002
160.9
280.5
232.3
148.9
289.8
262.1
298.8
229.20000000000002
142.8
411.5
140.70000000000002
355.0
303.3
123.7
155.0
295.1
216.60000000000002
193.70000000000002
491.6
133.5
284.8
235.5
261.0
169.9
150.3
279.40000000000003
226.4
344.20000000000005
189.5
298.7
239.0
206.0
320.1
208.60000000000002
198.5
123.2
185.9
246.4
262.7
195.0
269.40000000000003
215.4
243.0
172.4
189.0
110.0
164.8
290.0
401.3
183.0
235.9
155.10000000000002
268.6
369.8
243.4
194.10000000000002
364.0
278.3
168.70000000000002
201.0
152.9
175.60000000000002
144.3
478.3
352.5
161.9
282.3
227.70000000000002
425.20000000000005
""
204.4
397.20000000000005
132.4
164.10000000000002
131.0
288.1
249.9
296.0
159.3
172.0
248.20000000000002
253.3
141.0
279.2
154.0
230.9
170.60000000000002
205.60000000000002
157.9
229.20000000000002
191.4
397.8
238.60000000000002
242.20000000000002
131.9
248.4
201.5
223.3
239.9
147.0
238.60000000000002
326.90000000000003
164.10000000000002
205.60000000000002
273.0
260.3
210.3
234.60000000000002
180.5
245.5
353.6
262.6
161.4
178.4
224.10000000000002
437.6
136.9
209.9
163.8
203.5
197.60000000000002
408.90000000000003
149.6
252.8
215.5
183.70000000000002
164.8
295.5
214.60000000000002
165.10000000000002
204.70000000000002
216.9
291.2
390.40000000000003
170.10000000000002
248.10000000000002
244.0
233.9
303.8
243.8
255.9
189.70000000000002
295.0
452.90000000000003
224.10000000000002
146.0
168.10000000000002
207.20000000000002
182.4
115.7
138.3
222.0
146.4
206.60000000000002
128.20000000000002
131.70000000000002
229.10000000000002
228.10000000000002
109.9
160.60000000000002
194.8
229.60000000000002
158.0
291.8
203.20000000000002
198.5
220.0
219.0
478.90000000000003
167.5
105.0
164.10000000000002
171.20000000000002
238.10000000000002
273.3
94.9
187.8
163.60000000000002
138.9
180.5
227.3
243.70000000000002
200.3
157.5
143.4
291.40000000000003
204.5
383.8
182.5
205.10000000000002
189.60000000000002
214.5
123.80000000000001
176.60000000000002
292.5
159.9
179.3
187.0
297.2
304.2
181.4
140.0
208.5
259.2
187.60000000000002
175.4
212.10000000000002
336.5
""
186.10000000000002
209.0
372.8
187.20000000000002
263.90000000000003
205.9
239.60000000000002
165.9
190.8
257.6
256.1
116.5
262.3
287.6
245.60000000000002
215.70000000000002
161.60000000000002
371.3
325.1
188.60000000000002
237.8
185.20000000000002
273.90000000000003
162.70000000000002
122.80000000000001
473.6
147.0
220.8
138.5
174.3
213.70000000000002
267.1
248.4
229.4
171.4
257.5
300.7
154.3
199.9
252.5
186.9
343.5
152.0
124.5
227.20000000000002
203.3
196.20000000000002
196.9
153.5
220.4
255.3
259.40000000000003
177.3
142.3
206.5
193.3
207.4
391.6
243.70000000000002
174.8
148.6
218.10000000000002
424.5
247.8
244.8
304.7
206.9
194.0
188.20000000000002
475.20000000000005
324.8
239.10000000000002
252.0
251.9
136.9
329.3
300.5
311.90000000000003
161.4
183.70000000000002
171.60000000000002
264.8
142.4
219.4
249.70000000000002
226.9
208.5
297.5
286.6
181.70000000000002
160.10000000000002
259.5
308.70000000000005
248.4
234.9
262.1
180.5
180.10000000000002
235.0
299.5
206.60000000000002
154.70000000000002
253.60000000000002
241.0
223.9
204.5
425.8
266.8
211.4
171.70000000000002
462.20000000000005
205.60000000000002
196.5
185.3
122.7
163.8
257.40000000000003
132.70000000000002
141.8
345.5
183.20000000000002
229.5
233.3
155.20000000000002
274.40000000000003
211.20000000000002
304.1
418.90000000000003
141.70000000000002
226.0
217.3
297.2
240.10000000000002
162.8
241.20000000000002
325.6
199.9
264.40000000000003
218.70000000000002
211.20000000000002
251.4
197.20000000000002
122.4
216.9
197.3
440.6
293.1
336.20000000000005
209.60000000000002
128.20000000000002
191.9
213.70000000000002
150.5
231.70000000000002
278.5
259.7
154.5
352.90000000000003
237.4
204.3
301.7
242.3
110.4
150.6
194.5
155.60000000000002
217.5
238.5
221.4
280.90000000000003
194.9
151.5
290.0
327.20000000000005
260.5
240.3
192.8
191.3
132.5
195.20000000000002
282.5
194.70000000000002
214.4
204.4
408.5
267.6
273.7
327.40000000000003
142.3
176.20000000000002
258.7
290.6
232.10000000000002
150.20000000000002
164.60000000000002
332.0
363.6
281.7
366.5
182.20000000000002
194.10000000000002
173.60000000000002
140.6
212.20000000000002
221.5
291.7
""
319.70000000000005
172.10000000000002
206.5
140.8
143.4
331.0
213.3
169.4
100.60000000000001
297.40000000000003
164.60000000000002
276.6
293.2
224.9
209.10000000000002
215.5
293.1
422.8
160.8
241.60000000000002
224.5
319.20000000000005
217.8
313.3
293.40000000000003
212.4
327.6
270.1
197.20000000000002
186.10000000000002
214.60000000000002
239.70000000000002
298.90000000000003
""
121.10000000000001
124.30000000000001
169.9
139.4
307.5
149.4
468.20000000000005
207.10000000000002
373.5
294.90000000000003
136.70000000000002
212.9
210.9
175.4
200.5
248.8
318.3
281.40000000000003
219.60000000000002
398.6
""
""
216.10000000000002
281.5
366.1
226.5
170.0
105.5
149.0
348.8
163.0
199.8
207.9
133.9
90.9
180.70000000000002
190.10000000000002
201.8
210.10000000000002
309.3
292.90000000000003
137.5
299.1
279.7
151.70000000000002
224.10000000000002
298.40000000000003
174.3
166.4
336.40000000000003
290.0
311.40000000000003
331.3
238.3
188.5
165.0
237.10000000000002
241.60000000000002
326.20000000000005
160.4
157.4
312.8
143.20000000000002
424.40000000000003
230.20000000000002
126.4
127.5
179.60000000000002
116.10000000000001
233.0
245.20000000000002
194.60000000000002
454.3
301.90000000000003
257.6
207.20000000000002
254.3
321.70000000000005
251.9
166.0
332.20000000000005
162.70000000000002
129.6
167.9
180.0
308.8
250.70000000000002
196.70000000000002
267.0
225.70000000000002
224.9
148.0
264.3
236.0
193.5
283.6
220.3
174.5
332.20000000000005
257.6
201.4
187.8
143.20000000000002
164.8
231.60000000000002
203.8
168.70000000000002
156.4
151.4
142.0
393.6
174.5
193.10000000000002
240.10000000000002
153.1
229.20000000000002
112.60000000000001
195.8
288.90000000000003
173.0
194.3
259.3
193.10000000000002
238.3
152.1
245.0
169.20000000000002
355.40000000000003
236.3
253.9
128.6
411.90000000000003
303.7
179.4
92.2
408.6
197.8
190.8
368.1
237.9
304.0
192.5
237.9
310.20000000000005
239.10000000000002
205.9
218.60000000000002
234.3
150.20000000000002
174.60000000000002
158.0
175.3
200.0
176.8
113.0
259.90000000000003
191.5
187.5
161.9
298.8
272.3
158.60000000000002
215.5
158.0
188.60000000000002
198.4
244.8
182.0
163.10000000000002
210.3
170.5
227.5
237.3
197.0
228.20000000000002
133.3
241.5
145.1
136.20000000000002
301.8
408.5
293.8
218.8
417.5
316.8
284.90000000000003
296.1
237.4
263.90000000000003
175.5
154.9
163.5
263.6
179.8
180.0
154.9
146.8
213.9
104.0
168.20000000000002
125.10000000000001
212.9
277.2
305.6
370.1
160.9
321.40000000000003
198.10000000000002
165.70000000000002
162.0
188.70000000000002
182.9
218.60000000000002
321.90000000000003
138.8
173.9
247.9
197.20000000000002
184.20000000000002
129.70000000000002
152.0
145.0
171.60000000000002
137.8
236.8
328.3
166.4
338.70000000000005
298.3
322.0
307.20000000000005
314.40000000000003
239.3
184.3
331.5
251.10000000000002
172.20000000000002
195.4
254.5
353.90000000000003
179.8
305.90000000000003
233.10000000000002
345.70000000000005
128.20000000000002
272.3
267.8
142.20000000000002
264.5
466.40000000000003
206.20000000000002
159.20000000000002
167.70000000000002
147.4
353.40000000000003
210.3
222.8
161.4
128.20000000000002
145.6
152.3
141.5
147.5
155.9
334.90000000000003
228.3
262.6
151.4
200.5
152.70000000000002
145.6
212.20000000000002
350.6
138.9
143.6
382.40000000000003
240.4
295.2
247.8
155.3
231.20000000000002
146.3
284.2
294.40000000000003
191.0
320.5
218.70000000000002
265.40000000000003
174.10000000000002
225.8
364.40000000000003
197.60000000000002
121.0
254.8
193.9
294.1
267.8
314.8
155.60000000000002
259.7
289.2
174.9
117.60000000000001
231.5
222.5
190.10000000000002
235.5
257.1
166.8
214.9
265.7
300.5
143.8
243.4
146.1
327.1
181.9
138.70000000000002
149.6
242.20000000000002
251.70000000000002
214.20000000000002
181.9
174.70000000000002
286.7
188.70000000000002
161.70000000000002
208.0
181.60000000000002
208.70000000000002
199.9
167.4
326.5
227.10000000000002
205.4
330.40000000000003
291.40000000000003
207.70000000000002
228.8
182.0
177.60000000000002
239.8
325.1
152.0
299.0
303.2
136.70000000000002
327.70000000000005
329.90000000000003
142.3
228.9
324.1
225.70000000000002
233.4
239.3
136.3
129.70000000000002
324.20000000000005
188.70000000000002
188.10000000000002
413.20000000000005
298.8
160.3
155.3
186.9
222.0
182.70000000000002
355.8
384.70000000000005
190.8
229.20000000000002
128.8
153.60000000000002
216.20000000000002
178.4
224.9
171.20000000000002
195.70000000000002
454.8
217.9
324.6
167.70000000000002
173.10000000000002
226.8
154.8
451.20000000000005
153.1
193.9
237.5
321.1
209.0
180.9
308.3
256.1
162.4
202.60000000000002
165.3
434.8
218.3
""
165.20000000000002
201.0
218.5
157.20000000000002
191.5
274.90000000000003
202.70000000000002
174.10000000000002
87.60000000000001
267.8
289.5
136.9
177.5
253.20000000000002
172.0
143.9
327.70000000000005
163.60000000000002
318.3
182.5
222.9
153.1
135.3
151.20000000000002
207.3
173.20000000000002
234.9
263.5
148.20000000000002
286.6
213.0
343.90000000000003
257.5
274.3
255.8
271.2
194.9
203.10000000000002
349.70000000000005
144.0
247.9
282.2
270.40000000000003
175.20000000000002
428.1
350.8
240.10000000000002
135.1
130.1
222.9
269.1
183.20000000000002
301.90000000000003
242.20000000000002
201.3
236.20000000000002
121.0
117.9
414.6
174.70000000000002
137.0
303.8
181.0
255.5
173.9
166.3
286.8
226.3
271.5
315.8
338.3
243.10000000000002
225.8
167.8
307.0
324.6
179.9
240.60000000000002
288.1
357.6
240.0
311.40000000000003
294.2
264.8
155.0
227.10000000000002
388.1
127.10000000000001
247.9
180.5
244.0
276.8
279.40000000000003
118.60000000000001
217.20000000000002
139.5
199.3
407.8
306.40000000000003
235.5
214.20000000000002
165.3
157.8
193.8
240.60000000000002
130.4
226.8
281.3
326.0
390.5
198.9
247.8
234.10000000000002
200.5
199.20000000000002
366.20000000000005
264.1
286.40000000000003
244.60000000000002
202.5
150.6
199.4
162.4
386.5
197.0
210.60000000000002
188.10000000000002
""
301.5
252.10000000000002
174.0
376.5
180.4
161.9
176.60000000000002
142.5
153.3
251.3
141.9
198.60000000000002
340.8
346.70000000000005
276.40000000000003
159.9
171.9
273.0
227.3
274.40000000000003
144.20000000000002
162.3
221.8
243.9
282.7
227.60000000000002
206.10000000000002
208.5
343.70000000000005
358.20000000000005
241.20000000000002
266.40000000000003
249.8
174.4
168.8
161.0
184.4
248.8
148.1
224.5
255.0
226.70000000000002
215.10000000000002
221.20000000000002
395.0
147.0
214.60000000000002
207.10000000000002
239.10000000000002
438.20000000000005
210.3
161.60000000000002
399.90000000000003
169.70000000000002
189.4
153.5
224.20000000000002
395.1
424.6
392.40000000000003
219.5
205.10000000000002
108.7
146.9
378.3
193.3
270.2
249.20000000000002
147.70000000000002
201.70000000000002
289.90000000000003
228.0
284.1
238.60000000000002
256.2
205.8
259.7
247.9
389.1
360.8
243.10000000000002
380.20000000000005
339.6
265.7
335.8
353.3
365.8
131.1
253.70000000000002
270.40000000000003
201.0
149.3
257.40000000000003
134.8
398.40000000000003
228.10000000000002
179.3
283.6
149.4
188.70000000000002
317.3
383.1
224.60000000000002
221.60000000000002
240.60000000000002
160.60000000000002
417.5
135.0
397.8
301.3
215.8
186.3
172.60000000000002
261.0
148.4
146.0
358.70000000000005
213.0
107.60000000000001
167.10000000000002
168.60000000000002
171.3
132.6
264.3
142.70000000000002
183.5
255.0
182.5
185.10000000000002
149.70000000000002
272.2
196.3
224.4
171.8
121.60000000000001
295.7
171.0
130.70000000000002
240.20000000000002
274.8
168.5
248.70000000000002
176.20000000000002
123.5
212.10000000000002
295.8
180.60000000000002
275.3
367.20000000000005
250.20000000000002
244.9
313.90000000000003
319.0
360.8
128.4
149.20000000000002
455.20000000000005
228.5
180.9
148.20000000000002
250.3
259.3
191.60000000000002
317.1
380.8
286.1
180.9
206.4
342.40000000000003
225.9
185.9
166.10000000000002
183.60000000000002
439.5
117.7
122.4
189.3
167.0
401.3
217.3
398.1
158.0
124.30000000000001
324.8
235.20000000000002
188.3
180.3
185.8
284.7
324.1
156.9
138.1
220.60000000000002
183.4
208.70000000000002
333.3
175.60000000000002
268.3
186.4
118.7
126.60000000000001
267.2
403.3
265.1
246.5
195.70000000000002
269.6
209.5
201.4
163.60000000000002
240.9
199.8
168.8
195.60000000000002
142.1
291.3
229.5
244.10000000000002
162.8
295.90000000000003
302.5
242.4
178.0
336.90000000000003
277.1
283.8
258.8
330.90000000000003
149.0
188.8
257.8
207.5
292.90000000000003
194.8
303.3
141.70000000000002
200.60000000000002
340.0
251.5
162.4
94.9
171.9
216.5
170.8
230.60000000000002
145.20000000000002
153.9
203.8
151.3
279.0
362.3
210.9
147.9
328.20000000000005
181.9
178.8
487.20000000000005
236.4
165.60000000000002
341.3
326.3
298.0
146.1
190.70000000000002
366.8
218.10000000000002
103.60000000000001
224.4
334.1
276.40000000000003
192.20000000000002
272.1
162.3
205.0
88.80000000000001
221.8
91.4
160.0
286.5
230.9
177.20000000000002
209.10000000000002
224.9
210.60000000000002
262.1
243.3
318.5
147.70000000000002
250.20000000000002
345.5
239.4
128.9
305.6
169.3
131.5
250.3
172.70000000000002
249.9
157.0
316.90000000000003
362.5
285.8
254.10000000000002
206.10000000000002
288.3
178.3
197.70000000000002
150.70000000000002
229.70000000000002
324.5
304.6
336.6
243.5
255.4
255.3
222.60000000000002
211.60000000000002
269.7
259.40000000000003
180.70000000000002
226.70000000000002
207.9
188.4
142.8
290.5
256.90000000000003
243.10000000000002
118.4
179.9
186.0
126.0
387.20000000000005
369.6
156.20000000000002
158.0
348.1
283.7
238.8
259.7
207.4
213.4
211.70000000000002
137.70000000000002
364.0
157.5
144.8
251.8
320.5
394.90000000000003
162.20000000000002
139.5
163.20000000000002
176.10000000000002
189.9
284.5
224.70000000000002
126.10000000000001
212.60000000000002
125.80000000000001
229.20000000000002
219.60000000000002
192.4
256.6
449.1
132.70000000000002
248.70000000000002
133.0
188.0
198.60000000000002
219.8
277.1
251.8
300.90000000000003
154.10000000000002
189.3
158.3
270.5
210.4
179.5
162.3
127.4
149.0
220.5
131.3
224.9
225.8
146.5
231.9
179.60000000000002
275.7
362.0
183.3
405.0
408.70000000000005
155.10000000000002
151.70000000000002
148.0
249.8
206.20000000000002
340.70000000000005
193.20000000000002
432.6
272.7
279.40000000000003
185.0
221.70000000000002
148.70000000000002
185.10000000000002
188.10000000000002
158.3
166.0
155.10000000000002
163.5
223.5
227.60000000000002
217.70000000000002
302.5
351.0
134.5
160.0
423.5
220.9
293.90000000000003
156.5
192.9
259.5
219.10000000000002
254.5
166.10000000000002
207.60000000000002
227.70000000000002
152.1
167.10000000000002
194.8
128.5
284.5
217.4
286.2
307.0
140.3
192.60000000000002
162.5
256.8
342.40000000000003
237.10000000000002
213.9
469.0
165.70000000000002
228.8
185.20000000000002
250.20000000000002
258.40000000000003
218.70000000000002
284.5
162.60000000000002
199.20000000000002
249.60000000000002
183.3
237.0
169.9
284.90000000000003
129.3
254.10000000000002
387.20000000000005
372.3
319.3
168.8
221.5
325.6
241.5
204.8
232.70000000000002
233.5
140.6
213.3
406.6
224.4
113.0
88.30000000000001
381.40000000000003
273.2
190.60000000000002
158.9
201.70000000000002
209.3
207.70000000000002
298.2
367.5
141.20000000000002
278.0
152.3
202.9
259.8
249.3
259.5
199.3
241.5
151.4
297.7
170.8
190.3
163.0
275.6
151.70000000000002
269.7
222.70000000000002
209.9
176.60000000000002
144.20000000000002
237.3
135.3
228.60000000000002
206.20000000000002
185.8
212.10000000000002
158.9
297.5
241.70000000000002
178.70000000000002
241.4
195.9
125.5
306.1
327.6
257.90000000000003
130.9
209.8
171.3
146.3
254.8
165.60000000000002
207.20000000000002
238.4
199.4
325.1
158.9
280.1
254.10000000000002
164.9
359.90000000000003
182.5
208.60000000000002
224.70000000000002
129.9
168.3
196.4
188.70000000000002
221.0
201.0
348.5
315.70000000000005
458.5
182.70000000000002
325.70000000000005
238.3
182.20000000000002
171.0
219.70000000000002
250.5
168.20000000000002
123.7
255.4
97.9
123.5
160.5
196.0
167.9
210.5
241.60000000000002
175.4
208.20000000000002
125.80000000000001
241.4
171.3
189.10000000000002
166.10000000000002
170.10000000000002
306.7
177.0
198.70000000000002
193.20000000000002
226.9
182.5
214.60000000000002
287.6
362.8
151.3
""
151.20000000000002
125.2
347.3
301.0
249.0
195.20000000000002
306.2
295.2
168.60000000000002
196.3
221.3
204.3
214.70000000000002
271.0
218.0
199.9
247.5
280.5
278.2
198.10000000000002
258.6
284.7
204.10000000000002
275.2
291.3
294.1
215.8
126.4
217.60000000000002
427.90000000000003
417.8
235.10000000000002
191.0
330.6
150.8
296.2
182.8
192.20000000000002
183.20000000000002
233.60000000000002
192.5
203.9
167.0
180.3
164.5
187.3
155.20000000000002
209.20000000000002
255.20000000000002
233.10000000000002
155.20000000000002
158.3
201.9
212.20000000000002
""
143.0
303.40000000000003
244.60000000000002
185.70000000000002
204.4
355.70000000000005
169.0
299.7
267.5
162.5
192.9
332.90000000000003
272.1
207.70000000000002
281.40000000000003
163.60000000000002
218.10000000000002
142.6
170.20000000000002
210.5
195.20000000000002
224.10000000000002
283.0
284.3
202.0
173.70000000000002
292.2
137.8
153.1
345.8
271.2
244.10000000000002
262.6
214.9
141.0
238.5
182.3
310.0
136.8
371.6
321.8
145.70000000000002
191.3
292.3
231.20000000000002
491.5
310.8
196.9
158.70000000000002
438.8
130.70000000000002
350.1
299.7
166.70000000000002
176.4
325.90000000000003
226.60000000000002
181.8
277.7
249.0
198.9
220.4
141.4
193.8
204.9
460.0
162.9
154.70000000000002
436.5
299.40000000000003
220.5
488.1
305.90000000000003
166.60000000000002
239.4
202.8
""
171.5
217.4
243.5
200.3
233.20000000000002
209.60000000000002
346.1
339.3
144.0
234.8
281.1
371.70000000000005
363.90000000000003
143.0
253.10000000000002
153.70000000000002
192.5
162.20000000000002
452.3
406.0
419.70000000000005
169.3
359.90000000000003
144.70000000000002
144.4
308.90000000000003
139.70000000000002
222.8
246.60000000000002
227.8
371.70000000000005
267.0
204.3
156.4
260.2
291.90000000000003
271.0
198.8
236.10000000000002
354.6
128.5
311.70000000000005
258.6
382.90000000000003
200.5
264.0
173.3
272.7
193.0
215.10000000000002
223.8
202.60000000000002
173.20000000000002
172.20000000000002
229.3
207.8
138.4
159.4
118.5
278.2
208.8
173.5
186.3
187.5
237.20000000000002
202.8
113.10000000000001
245.60000000000002
267.3
177.9
254.5
156.10000000000002
212.20000000000002
105.60000000000001
182.3
203.5
424.40000000000003
175.10000000000002
271.6
155.3
292.6
227.70000000000002
227.70000000000002
180.9
233.70000000000002
200.5
255.60000000000002
235.10000000000002
201.5
180.0
227.60000000000002
221.60000000000002
281.40000000000003
208.9
262.5
189.0
312.0
195.3
250.5
193.60000000000002
255.9
227.8
210.10000000000002
221.8
216.0
244.60000000000002
165.10000000000002
262.1
187.5
195.4
102.30000000000001
258.2
150.4
243.0
155.8
158.9
314.5
218.70000000000002
218.8
265.1
192.70000000000002
153.1
163.5
80.7
343.3
99.5
223.70000000000002
160.9
181.5
200.4
214.0
200.10000000000002
209.3
347.20000000000005
291.90000000000003
332.1
216.0
365.40000000000003
342.20000000000005
209.60000000000002
167.8
169.9
117.5
328.8
138.3
126.4
332.3
276.3
204.5
162.70000000000002
182.10000000000002
252.20000000000002
223.70000000000002
172.9
205.4
225.20000000000002
203.60000000000002
170.5
267.2
200.60000000000002
219.70000000000002
244.0
196.10000000000002
312.5
137.4
264.0
472.70000000000005
224.20000000000002
397.3
193.4
207.5
213.10000000000002
285.2
209.60000000000002
283.8
160.9
179.5
292.5
130.5
179.0
221.20000000000002
205.0
243.8
134.3
131.9
261.3
352.20000000000005
227.4
166.20000000000002
145.1
195.20000000000002
203.20000000000002
185.0
174.70000000000002
194.20000000000002
285.8
143.8
185.10000000000002
174.60000000000002
178.60000000000002
139.4
498.6
318.3
235.0
271.8
183.3
408.1
333.3
317.40000000000003
319.70000000000005
242.20000000000002
218.9
200.70000000000002
252.3
242.10000000000002
239.60000000000002
160.5
134.70000000000002
209.0
230.60000000000002
320.5
387.1
261.5
209.5
366.1
233.8
242.0
220.8
104.4
143.8
286.2
242.0
155.70000000000002
140.9
180.9
283.5
315.3
478.20000000000005
270.90000000000003
140.20000000000002
179.10000000000002
281.40000000000003
223.9
298.5
250.8
181.9
330.70000000000005
394.3
223.20000000000002
243.8
340.90000000000003
309.70000000000005
190.8
344.70000000000005
309.3
273.6
312.3
244.60000000000002
300.6
307.40000000000003
135.5
194.10000000000002
213.4
162.70000000000002
241.70000000000002
222.0
194.3
242.9
294.8
335.3
249.4
191.4
191.60000000000002
242.70000000000002
164.10000000000002
171.3
173.70000000000002
150.9
205.3
189.20000000000002
188.5
163.3
229.0
138.8
360.20000000000005
144.70000000000002
386.20000000000005
213.0
233.70000000000002
250.20000000000002
220.9
213.3
130.0
219.9
254.20000000000002
301.2
237.70000000000002
238.0
256.1
293.8
""
241.0
204.0
165.10000000000002
164.4
320.6
189.20000000000002
329.3
125.7
321.8
236.4
263.6
214.9
181.9
306.2
191.10000000000002
197.10000000000002
248.4
241.10000000000002
208.3
319.40000000000003
222.5
252.60000000000002
153.20000000000002
142.3
189.5
197.3
168.20000000000002
210.8
217.3
137.9
203.5
227.9
175.10000000000002
325.20000000000005
274.3
355.1
309.5
164.4
296.40000000000003
176.60000000000002
219.10000000000002
163.10000000000002
268.40000000000003
183.9
115.60000000000001
237.5
210.4
208.5
139.9
211.10000000000002
263.5
284.40000000000003
168.9
161.60000000000002
92.60000000000001
193.8
203.10000000000002
155.5
191.5
221.8
195.0
184.4
365.8
252.10000000000002
233.9
209.8
169.10000000000002
200.5
249.8
344.3
212.3
184.5
226.20000000000002
179.10000000000002
150.6
196.3
183.10000000000002
210.60000000000002
143.9
282.1
321.8
282.1
189.9
433.40000000000003
261.7
272.8
333.6
229.5
109.0
117.30000000000001
250.70000000000002
274.3
253.70000000000002
111.7
233.60000000000002
84.10000000000001
243.9
221.70000000000002
197.0
231.8
203.3
293.5
242.20000000000002
272.1
243.8
399.6
284.90000000000003
270.1
400.0
239.8
299.3
314.90000000000003
181.60000000000002
289.40000000000003
233.3
218.60000000000002
268.7
143.5
238.60000000000002
236.20000000000002
317.1
240.9
224.10000000000002
220.70000000000002
227.20000000000002
194.0
197.20000000000002
213.70000000000002
160.9
227.20000000000002
235.60000000000002
127.10000000000001
244.10000000000002
453.6
314.1
172.4
208.10000000000002
175.20000000000002
258.90000000000003
180.0
283.5
199.5
253.0
248.70000000000002
461.40000000000003
263.0
259.8
205.8
262.90000000000003
235.4
296.5
264.1
236.20000000000002
205.4
150.70000000000002
170.3
195.70000000000002
154.9
214.10000000000002
124.5
135.20000000000002
406.40000000000003
259.6
181.4
219.0
285.0
248.8
191.10000000000002
281.40000000000003
228.60000000000002
226.60000000000002
""
211.60000000000002
177.3
212.60000000000002
162.5
296.0
233.60000000000002
213.4
299.3
184.0
214.4
106.5
395.70000000000005
166.9
259.6
330.20000000000005
129.70000000000002
192.0
131.1
148.0
250.8
150.20000000000002
314.3
177.10000000000002
157.8
173.5
169.8
237.4
259.7
203.20000000000002
443.70000000000005
309.5
249.0
147.6
217.3
278.6
203.10000000000002
236.9
306.90000000000003
357.70000000000005
245.70000000000002
196.20000000000002
239.3
181.4
298.2
362.0
185.0
259.6
132.9
114.7
189.0
348.40000000000003
258.6
295.7
209.70000000000002
151.4
220.20000000000002
225.9
203.60000000000002
178.60000000000002
310.20000000000005
165.8
277.40000000000003
180.8
296.3
124.4
444.3
139.8
273.5
247.4
215.20000000000002
166.60000000000002
405.8
256.2
256.40000000000003
268.3
150.6
166.10000000000002
212.3
190.10000000000002
248.3
292.90000000000003
230.70000000000002
254.20000000000002
126.80000000000001
167.5
250.60000000000002
193.4
217.8
189.5
293.5
170.4
417.6
438.20000000000005
130.20000000000002
169.70000000000002
227.8
290.40000000000003
192.8
116.5
163.4
249.20000000000002
194.8
196.60000000000002
405.70000000000005
305.7
258.90000000000003
193.5
257.0
281.40000000000003
318.3
257.5
183.10000000000002
232.9
179.0
261.7
301.3
286.1
202.9
171.60000000000002
172.20000000000002
218.4
151.8
165.20000000000002
312.20000000000005
371.0
237.5
156.70000000000002
342.90000000000003
260.7
129.0
186.3
333.40000000000003
225.60000000000002
229.4
249.8
141.20000000000002
172.10000000000002
248.5
256.8
217.3
137.6
275.40000000000003
207.4
195.4
358.3
240.5
168.0
286.8
289.0
240.60000000000002
198.9
177.8
196.4
204.5
162.0
150.5
176.3
200.5
208.20000000000002
346.6
159.4
227.10000000000002
100.10000000000001
363.1
154.60000000000002
289.8
146.20000000000002
303.7
166.4
237.9
419.0
202.4
213.9
170.4
180.3
156.20000000000002
238.5
268.1
281.1
191.60000000000002
151.8
169.70000000000002
189.60000000000002
170.0
174.70000000000002
163.3
237.70000000000002
142.8
268.3
328.0
217.4
237.9
180.0
307.40000000000003
226.8
174.60000000000002
361.20000000000005
232.8
249.70000000000002
238.8
187.70000000000002
167.70000000000002
196.8
259.2
274.8
256.40000000000003
150.70000000000002
190.9
237.20000000000002
166.10000000000002
476.90000000000003
253.8
197.5
132.70000000000002
169.4
249.20000000000002
192.10000000000002
189.4
329.1
208.8
330.1
109.60000000000001
217.8
261.6
193.60000000000002
269.7
168.3
178.9
267.3
186.0
215.10000000000002
181.20000000000002
297.40000000000003
198.70000000000002
316.5
214.60000000000002
288.2
228.20000000000002
201.70000000000002
213.10000000000002
158.0
191.60000000000002
219.9
131.1
136.70000000000002
270.3
259.1
135.70000000000002
176.60000000000002
162.10000000000002
231.20000000000002
208.70000000000002
199.3
256.1
126.80000000000001
139.1
244.3
179.0
218.60000000000002
225.3
126.4
213.3
""
249.0
205.60000000000002
152.4
166.9
356.5
157.4
178.3
131.6
185.60000000000002
178.20000000000002
156.0
327.40000000000003
237.4
256.0
127.4
226.8
186.10000000000002
251.60000000000002
228.8
197.70000000000002
264.90000000000003
175.3
157.4
234.0
163.20000000000002
178.10000000000002
132.6
393.90000000000003
235.4
197.8
415.70000000000005
223.10000000000002
217.3
174.70000000000002
175.4
392.5
224.60000000000002
367.90000000000003
153.70000000000002
273.5
244.8
188.60000000000002
214.0
277.2
239.10000000000002
128.8
346.8
122.9
178.70000000000002
233.5
180.60000000000002
199.10000000000002
236.0
290.3
305.7
349.40000000000003
129.8
141.4
213.60000000000002
221.60000000000002
151.9
150.4
130.0
210.20000000000002
199.0
251.20000000000002
182.60000000000002
207.8
153.4
484.8
162.20000000000002
235.10000000000002
183.20000000000002
154.10000000000002
231.0
182.0
303.90000000000003
158.0
363.3
155.0
201.4
225.5
182.10000000000002
205.10000000000002
176.5
133.4
199.5
138.5
203.10000000000002
232.60000000000002
220.8
211.70000000000002
146.9
180.4
205.20000000000002
147.6
279.2
165.8
394.1
184.0
214.4
239.5
295.2
299.7
161.70000000000002
276.1
203.9
221.5
456.8
179.5
149.4
168.5
270.40000000000003
364.90000000000003
319.40000000000003
189.5
259.1
162.4
303.6
380.3
316.40000000000003
209.70000000000002
167.0
242.0
157.3
194.60000000000002
193.0
216.9
272.40000000000003
141.8
328.8
298.2
154.20000000000002
373.1
184.9
182.10000000000002
193.60000000000002
214.20000000000002
206.9
326.0
232.60000000000002
451.40000000000003
148.5
166.60000000000002
231.0
164.4
99.60000000000001
335.90000000000003
316.90000000000003
186.20000000000002
188.5
200.4
155.20000000000002
429.5
189.0
135.0
158.3
231.10000000000002
214.5
106.7
148.8
158.60000000000002
358.40000000000003
202.8
159.20000000000002
419.20000000000005
235.0
258.6
226.8
245.8
214.10000000000002
169.20000000000002
233.9
150.70000000000002
383.0
153.1
235.20000000000002
213.4
278.8
399.5
272.1
254.5
212.5
148.5
202.9
250.70000000000002
192.9
259.0
161.8
229.3
203.70000000000002
251.60000000000002
318.70000000000005
214.8
331.3
308.20000000000005
377.40000000000003
189.20000000000002
119.2
242.60000000000002
319.3
203.0
156.10000000000002
154.4
113.60000000000001
440.3
236.0
195.0
242.8
233.4
230.70000000000002
294.6
197.5
274.5
146.6
148.6
209.8
241.9
289.8
161.60000000000002
269.0
198.9
181.3
173.5
251.9
181.20000000000002
180.20000000000002
375.20000000000005
156.60000000000002
241.0
308.20000000000005
124.7
459.90000000000003
323.6
190.70000000000002
390.3
201.4
252.0
136.0
459.8
233.20000000000002
216.9
166.3
279.5
287.6
197.10000000000002
327.3
201.70000000000002
217.9
312.40000000000003
174.0
184.3
169.10000000000002
149.9
210.9
135.0
165.8
124.9
179.70000000000002
235.5
171.70000000000002
261.6
240.10000000000002
372.40000000000003
352.40000000000003
155.70000000000002
217.70000000000002
144.20000000000002
292.0
197.5
127.4
148.4
154.5
125.2
196.0
172.3
234.60000000000002
188.9
425.20000000000005
153.4
183.20000000000002
133.8
""
301.0
348.5
219.0
128.3
186.4
313.90000000000003
227.8
184.20000000000002
136.20000000000002
208.8
224.5
219.10000000000002
241.4
135.20000000000002
234.70000000000002
266.1
195.70000000000002
263.0
297.90000000000003
243.5
303.0
243.4
244.3
242.0
135.6
264.5
307.90000000000003
185.10000000000002
198.20000000000002
240.20000000000002
203.4
282.6
175.4
194.4
175.10000000000002
165.8
194.10000000000002
""
215.9
171.60000000000002
138.4
150.70000000000002
205.4
172.4
172.60000000000002
359.20000000000005
183.10000000000002
178.8
226.5
180.70000000000002
152.70000000000002
175.3
196.3
262.0
193.4
148.6
189.3
206.5
187.8
217.0
165.10000000000002
214.10000000000002
224.9
347.1
169.8
258.2
134.8
252.70000000000002
227.3
281.2
295.1
201.0
151.1
115.60000000000001
214.70000000000002
188.9
288.6
244.3
249.9
206.9
132.5
213.5
168.4
192.60000000000002
112.0
152.70000000000002
261.5
131.20000000000002
190.8
205.70000000000002
281.90000000000003
194.8
155.70000000000002
194.60000000000002
181.4
219.0
158.20000000000002
347.3
399.6
126.5
183.5
110.4
289.8
392.6
402.20000000000005
211.70000000000002
170.8
240.20000000000002
276.3
173.60000000000002
224.4
257.2
279.5
194.3
218.5
189.60000000000002
120.4
119.2
156.20000000000002
98.4
255.5
340.90000000000003
203.3
282.7
115.4
223.9
144.70000000000002
187.5
113.4
368.0
198.0
272.2
131.3
302.40000000000003
462.90000000000003
224.10000000000002
256.7
147.70000000000002
239.10000000000002
211.4
155.5
237.10000000000002
182.8
289.8
339.20000000000005
183.0
336.5
126.4
158.9
133.8
244.20000000000002
220.60000000000002
211.70000000000002
309.6
259.1
222.70000000000002
296.3
194.3
332.3
267.90000000000003
325.3
280.3
153.20000000000002
382.3
156.0
192.10000000000002
257.3
216.4
169.70000000000002
188.20000000000002
150.1
201.5
252.70000000000002
388.70000000000005
215.10000000000002
224.70000000000002
230.3
298.1
173.9
194.60000000000002
149.9
260.7
166.3
189.3
490.90000000000003
176.9
237.10000000000002
261.1
464.90000000000003
133.20000000000002
172.4
262.3
158.20000000000002
332.5
305.6
177.4
220.3
221.9
227.60000000000002
117.60000000000001
255.0
273.40000000000003
177.3
196.10000000000002
345.3
264.5
227.4
349.6
136.8
170.3
133.8
230.4
227.20000000000002
321.3
189.10000000000002
195.9
334.20000000000005
311.1
204.20000000000002
168.60000000000002
411.6
193.20000000000002
191.3
200.9
136.4
361.5
158.0
147.3
235.20000000000002
151.3
167.9
322.3
178.8
199.60000000000002
194.60000000000002
120.9
142.4
316.8
234.3
320.0
277.6
265.6
102.5
149.9
173.5
283.5
141.5
186.60000000000002
227.10000000000002
292.3
446.70000000000005
129.6
199.70000000000002
240.3
321.70000000000005
174.8
305.1
134.5
212.60000000000002
141.0
204.60000000000002
281.3
250.9
214.0
188.8
188.5
373.6
242.0
332.70000000000005
128.9
388.40000000000003
291.6
179.70000000000002
185.10000000000002
233.0
242.70000000000002
216.10000000000002
210.8
157.70000000000002
293.5
210.5
146.5
211.0
163.10000000000002
289.90000000000003
162.60000000000002
165.20000000000002
369.6
192.70000000000002
486.3
101.2
227.70000000000002
201.4
174.10000000000002
109.2
161.10000000000002
291.8
394.40000000000003
334.70000000000005
132.1
291.2
217.20000000000002
148.1
297.8
310.0
202.0
176.3
263.5
297.7
220.9
212.9
241.5
324.90000000000003
174.5
317.40000000000003
208.10000000000002
269.3
171.20000000000002
116.4
228.9
264.40000000000003
210.3
163.9
145.1
164.5
288.1
321.5
236.10000000000002
274.90000000000003
244.0
230.20000000000002
335.6
""
118.30000000000001
198.8
295.2
245.60000000000002
309.8
219.60000000000002
242.0
210.0
279.40000000000003
185.8
110.9
292.2
363.3
223.9
334.3
161.9
152.5
171.4
148.0
231.8
214.5
251.8
188.20000000000002
209.5
110.10000000000001
295.40000000000003
231.9
349.3
159.3
303.90000000000003
242.10000000000002
215.70000000000002
342.20000000000005
372.3
200.8
223.60000000000002
207.9
220.10000000000002
130.6
139.8
189.60000000000002
116.2
208.4
234.10000000000002
148.70000000000002
258.0
164.70000000000002
282.2
141.8
246.0
208.60000000000002
212.3
187.60000000000002
212.70000000000002
193.8
134.1
227.9
229.70000000000002
143.0
163.0
233.0
174.0
263.3
160.60000000000002
154.3
103.10000000000001
354.40000000000003
100.7
166.10000000000002
214.4
167.60000000000002
146.20000000000002
256.2
182.20000000000002
142.70000000000002
168.0
354.8
172.5
216.3
141.4
304.7
343.90000000000003
173.4
273.6
252.4
353.1
137.3
188.9
222.20000000000002
174.8
236.70000000000002
215.60000000000002
240.20000000000002
197.20000000000002
273.2
140.1
256.1
283.1
180.0
375.70000000000005
182.4
186.60000000000002
445.90000000000003
124.80000000000001
131.4
198.4
491.5
304.6
326.8
302.5
220.70000000000002
306.5
156.10000000000002
166.10000000000002
277.6
174.5
207.10000000000002
232.60000000000002
460.40000000000003
249.10000000000002
236.20000000000002
321.20000000000005
165.9
220.8
224.20000000000002
221.3
231.9
235.9
203.0
323.3
355.20000000000005
178.60000000000002
157.20000000000002
358.3
230.9
199.20000000000002
187.60000000000002
124.10000000000001
229.8
388.0
158.10000000000002
330.5
235.60000000000002
460.0
157.10000000000002
273.2
205.3
202.60000000000002
145.6
180.70000000000002
233.20000000000002
141.9
221.0
244.3
211.60000000000002
167.8
154.5
102.0
145.9
214.70000000000002
209.60000000000002
163.3
193.5
168.3
227.9
375.20000000000005
143.4
321.90000000000003
294.2
280.0
318.40000000000003
247.8
237.4
359.40000000000003
206.20000000000002
216.5
269.2
357.8
248.60000000000002
440.20000000000005
111.0
211.60000000000002
319.20000000000005
152.3
166.8
143.9
159.10000000000002
171.20000000000002
187.3
299.40000000000003
193.70000000000002
235.70000000000002
291.8
152.9
279.5
160.70000000000002
201.3
150.20000000000002
180.10000000000002
175.4
447.40000000000003
135.6
181.5
149.9
198.4
426.0
254.3
188.9
172.60000000000002
199.20000000000002
264.3
325.6
237.10000000000002
212.10000000000002
240.20000000000002
236.5
195.20000000000002
185.0
259.6
156.10000000000002
183.5
208.60000000000002
303.5
420.3
132.1
203.4
326.8
186.70000000000002
231.4
177.4
218.60000000000002
177.70000000000002
356.70000000000005
215.10000000000002
357.70000000000005
297.2
154.10000000000002
153.5
314.3
243.8
163.5
219.70000000000002
316.6
205.5
244.70000000000002
194.4
313.90000000000003
202.20000000000002
300.1
144.1
263.2
222.4
199.0
191.9
334.8
208.70000000000002
212.8
144.9
333.5
235.8
221.5
167.70000000000002
173.4
251.8
199.60000000000002
340.5
185.5
219.4
236.8
209.9
245.8
365.6
209.8
279.2
202.10000000000002
197.60000000000002
135.3
295.7
239.5
255.3
105.9
184.8
278.0
190.4
280.0
173.0
160.0
184.10000000000002
198.5
221.8
264.7
394.20000000000005
144.9
229.0
178.9
191.9
254.3
298.5
245.20000000000002
262.6
196.20000000000002
401.40000000000003
262.90000000000003
273.8
172.10000000000002
177.3
144.5
293.3
291.8
241.9
131.0
223.3
164.20000000000002
251.0
304.8
228.10000000000002
229.70000000000002
212.8
186.5
246.70000000000002
172.9
246.0
234.10000000000002
173.8
172.70000000000002
106.0
204.20000000000002
222.60000000000002
151.70000000000002
175.4
159.9
212.70000000000002
204.9
436.40000000000003
196.5
313.8
299.0
302.8
158.4
204.8
342.70000000000005
261.5
329.90000000000003
383.90000000000003
130.9
180.10000000000002
375.20000000000005
191.10000000000002
161.3
148.3
187.3
287.40000000000003
177.0
265.2
210.4
235.8
227.9
309.1
171.4
197.70000000000002
213.9
228.9
163.5
195.10000000000002
149.9
152.8
143.0
178.60000000000002
222.60000000000002
375.20000000000005
183.5
146.1
176.9
253.0
192.20000000000002
239.70000000000002
192.5
379.0
246.4
352.1
199.8
243.20000000000002
178.4
285.7
131.4
307.5
213.4
129.9
114.4
144.0
198.20000000000002
89.2
236.60000000000002
205.9
174.8
196.10000000000002
360.40000000000003
182.9
235.0
291.2
228.0
152.8
400.5
145.8
172.5
394.90000000000003
217.8
174.9
425.70000000000005
214.9
216.0
120.30000000000001
239.20000000000002
156.3
238.0
320.0
157.9
230.3
196.20000000000002
317.6
112.0
239.20000000000002
117.0
185.5
156.3
258.7
205.0
278.7
235.60000000000002
281.90000000000003
217.5
178.70000000000002
295.40000000000003
278.8
186.5
284.5
153.70000000000002
168.5
154.10000000000002
390.3
155.20000000000002
235.9
297.6
176.10000000000002
292.2
193.8
273.90000000000003
294.40000000000003
210.0
159.70000000000002
268.90000000000003
197.0
363.6
198.8
336.40000000000003
278.8
261.0
263.90000000000003
382.70000000000005
268.6
289.7
201.70000000000002
217.0
185.8
244.20000000000002
260.5
177.8
168.4
265.8
233.60000000000002
329.6
205.4
391.5
141.4
287.5
223.8
428.5
251.0
209.60000000000002
322.3
198.70000000000002
222.5
378.90000000000003
174.10000000000002
168.60000000000002
203.5
223.5
88.9
241.9
126.10000000000001
233.3
363.40000000000003
257.40000000000003
407.70000000000005
260.8
171.4
238.8
233.3
193.5
277.1
231.0
208.60000000000002
182.3
322.70000000000005
241.20000000000002
192.70000000000002
167.4
247.5
384.20000000000005
205.20000000000002
250.4
206.9
172.0
224.10000000000002
183.70000000000002
173.60000000000002
315.20000000000005
202.10000000000002
179.70000000000002
268.6
242.60000000000002
220.3
207.0
398.3
229.20000000000002
193.10000000000002
198.5
221.70000000000002
195.8
229.70000000000002
109.2
309.3
182.0
269.3
106.0
163.60000000000002
381.20000000000005
296.8
157.0
172.5
198.5
233.4
170.9
154.60000000000002
179.3
265.40000000000003
343.70000000000005
276.8
165.5
190.8
376.40000000000003
168.10000000000002
336.3
228.3
282.2
""
226.5
262.6
176.10000000000002
318.3
184.60000000000002
109.2
138.4
191.0
226.4
187.3
133.70000000000002
236.3
189.20000000000002
265.5
187.0
189.0
224.10000000000002
276.2
258.90000000000003
252.20000000000002
209.8
165.20000000000002
210.3
149.1
167.3
378.6
326.20000000000005
264.1
407.0
219.0
304.6
154.4
305.6
191.9
272.0
216.70000000000002
229.10000000000002
149.4
184.4
199.3
258.8
228.70000000000002
337.70000000000005
163.8
296.3
233.4
341.70000000000005
228.5
165.60000000000002
154.8
259.40000000000003
196.70000000000002
151.8
190.10000000000002
286.40000000000003
194.5
154.0
316.40000000000003
216.10000000000002
127.7
229.0
225.0
251.0
405.90000000000003
153.1
220.20000000000002
335.0
151.20000000000002
190.9
144.6
216.70000000000002
221.20000000000002
231.70000000000002
248.4
229.5
307.90000000000003
211.3
220.10000000000002
303.40000000000003
192.10000000000002
308.1
192.10000000000002
156.8
166.60000000000002
342.0
263.3
225.8
298.6
206.8
223.20000000000002
129.1
177.9
123.60000000000001
335.40000000000003
236.70000000000002
155.0
167.0
224.70000000000002
181.0
141.5
162.60000000000002
306.1
174.60000000000002
237.10000000000002
303.8
220.60000000000002
180.60000000000002
122.60000000000001
418.5
220.9
251.60000000000002
156.8
272.8
289.6
463.0
485.3
201.5
109.5
154.20000000000002
415.70000000000005
181.0
344.5
271.2
338.90000000000003
387.40000000000003
249.20000000000002
260.90000000000003
219.60000000000002
192.10000000000002
210.0
108.30000000000001
354.70000000000005
321.6
219.10000000000002
192.20000000000002
177.5
167.9
305.3
102.30000000000001
199.8
454.1
218.5
248.5
208.60000000000002
324.6
210.8
259.90000000000003
183.60000000000002
207.0
190.20000000000002
315.8
251.4
195.60000000000002
111.10000000000001
113.4
208.10000000000002
189.70000000000002
147.20000000000002
292.6
310.1
202.5
173.60000000000002
199.4
197.10000000000002
399.1
167.20000000000002
365.90000000000003
134.70000000000002
179.9
171.60000000000002
261.40000000000003
290.3
278.40000000000003
159.0
188.0
116.7
250.9
201.60000000000002
169.4
96.80000000000001
213.10000000000002
250.20000000000002
148.5
229.60000000000002
281.40000000000003
255.5
180.60000000000002
220.70000000000002
378.8
199.60000000000002
174.9
164.8
201.8
155.70000000000002
273.40000000000003
175.0
306.5
215.3
190.70000000000002
180.0
110.60000000000001
173.4
323.8
332.0
283.2
353.0
338.5
205.20000000000002
345.3
140.1
385.8
301.5
231.8
199.4
305.8
265.7
220.8
123.0
327.70000000000005
165.3
163.4
179.3
246.70000000000002
159.8
224.0
244.4
311.6
190.5
131.0
368.1
246.4
145.3
170.4
191.5
173.3
229.9
227.3
231.3
194.20000000000002
204.3
280.7
96.4
372.40000000000003
226.20000000000002
233.70000000000002
300.3
126.4
204.0
155.0
265.3
207.8
225.9
410.20000000000005
201.4
201.70000000000002
141.3
278.3
160.9
232.60000000000002
194.10000000000002
271.3
204.3
181.70000000000002
238.4
203.0
174.70000000000002
144.4
195.60000000000002
245.70000000000002
276.2
464.40000000000003
289.1
335.20000000000005
184.0
112.30000000000001
248.20000000000002
249.0
304.5
271.1
379.1
128.1
249.3
119.60000000000001
187.70000000000002
179.5
194.0
190.8
266.5
239.5
231.4
147.70000000000002
246.60000000000002
107.4
154.8
184.5
186.10000000000002
152.1
183.8
195.60000000000002
216.9
170.4
268.1
274.8
231.4
166.3
235.70000000000002
158.10000000000002
183.9
188.0
178.9
132.70000000000002
192.10000000000002
302.7
382.0
181.4
348.70000000000005
136.5
337.90000000000003
266.3
203.0
356.5
215.70000000000002
190.3
173.5
228.8
287.0
371.5
314.8
140.0
168.60000000000002
348.90000000000003
385.0
184.8
176.70000000000002
183.60000000000002
187.60000000000002
230.0
241.5
241.3
208.5
342.40000000000003
215.20000000000002
130.9
203.20000000000002
155.0
324.40000000000003
127.0
196.0
190.0
234.10000000000002
315.20000000000005
247.5
245.9
253.3
241.70000000000002
247.20000000000002
206.60000000000002
219.9
311.6
144.70000000000002
184.5
161.10000000000002
139.1
271.7
208.8
224.70000000000002
273.8
398.20000000000005
249.8
363.8
209.5
353.1
301.6
257.2
244.0
273.3
165.9
140.0
182.9
130.8
248.70000000000002
264.0
174.4
333.5
198.10000000000002
145.6
253.60000000000002
215.9
127.30000000000001
138.3
159.9
199.4
300.6
248.9
203.10000000000002
239.60000000000002
152.0
189.4
272.5
147.70000000000002
186.5
288.2
322.0
129.4
248.9
330.40000000000003
204.70000000000002
170.60000000000002
175.3
389.8
163.70000000000002
227.70000000000002
185.0
276.0
389.1
226.5
198.9
264.5
205.8
322.6
163.8
408.3
144.8
300.90000000000003
413.90000000000003
179.70000000000002
275.3
146.5
297.40000000000003
181.70000000000002
254.10000000000002
189.20000000000002
391.1
188.4
199.4
174.5
398.5
193.5
352.1
184.10000000000002
146.20000000000002
289.7
278.8
168.3
182.4
241.3
192.10000000000002
204.8
184.10000000000002
127.2
350.1
208.0
160.0
200.5
206.60000000000002
396.20000000000005
203.60000000000002
166.9
218.60000000000002
399.90000000000003
219.5
178.10000000000002
213.20000000000002
229.60000000000002
191.3
275.3
206.20000000000002
169.70000000000002
311.20000000000005
201.5
208.20000000000002
145.8
135.5
122.2
233.4
447.5
178.3
172.5
228.3
123.7
212.20000000000002
157.70000000000002
170.60000000000002
324.40000000000003
183.4
170.0
278.2
204.70000000000002
163.0
206.0
323.3
236.70000000000002
208.5
334.5
211.8
166.3
151.3
229.5
133.5
221.10000000000002
180.5
145.8
113.10000000000001
374.0
178.10000000000002
283.1
165.70000000000002
259.0
133.1
158.8
142.1
209.60000000000002
179.3
241.8
348.70000000000005
209.5
251.70000000000002
161.4
422.70000000000005
202.10000000000002
142.6
194.8
207.4
250.8
249.8
206.0
294.40000000000003
166.5
151.6
205.4
268.2
205.20000000000002
230.0
172.3
175.4
190.8
251.20000000000002
170.10000000000002
242.0
234.0
160.8
347.6
176.5
228.60000000000002
199.8
194.70000000000002
211.8
308.20000000000005
221.0
202.4
293.1
458.3
136.70000000000002
328.90000000000003
339.90000000000003
200.3
166.0
181.10000000000002
154.5
363.70000000000005
367.3
386.3
410.20000000000005
207.4
211.8
359.1
251.70000000000002
164.60000000000002
248.10000000000002
152.1
267.2
231.60000000000002
178.8
233.3
242.4
293.1
144.8
183.5
315.0
132.5
176.3
170.0
166.20000000000002
264.1
200.60000000000002
262.90000000000003
199.60000000000002
210.0
201.70000000000002
129.70000000000002
167.5
235.5
280.90000000000003
185.4
242.60000000000002
206.10000000000002
97.4
141.9
245.3
158.60000000000002
191.60000000000002
228.5
182.10000000000002
235.8
418.5
200.8
212.8
355.3
160.10000000000002
223.60000000000002
253.0
280.2
154.4
296.90000000000003
224.9
224.3
265.6
255.10000000000002
183.70000000000002
238.70000000000002
296.8
241.10000000000002
323.8
140.1
194.5
167.60000000000002
260.1
220.4
273.40000000000003
234.8
135.20000000000002
263.1
143.70000000000002
175.0
167.70000000000002
173.20000000000002
130.9
236.10000000000002
177.3
209.3
192.9
189.8
320.20000000000005
257.8
375.8
158.60000000000002
148.0
226.0
395.0
184.5
198.5
137.4
279.0
113.4
183.10000000000002
229.10000000000002
192.70000000000002
127.2
279.1
190.20000000000002
184.4
213.8
173.4
146.0
385.0
168.4
233.70000000000002
162.70000000000002
141.8
142.70000000000002
237.10000000000002
212.9
275.1
224.3
262.7
339.6
377.0
167.10000000000002
239.5
169.5
180.70000000000002
249.70000000000002
147.9
173.70000000000002
191.60000000000002
176.60000000000002
198.10000000000002
160.60000000000002
220.4
212.10000000000002
244.70000000000002
312.70000000000005
106.60000000000001
""
225.5
412.20000000000005
148.5
197.3
230.0
134.70000000000002
289.8
195.5
261.7
173.60000000000002
273.40000000000003
121.4
261.2
207.70000000000002
425.90000000000003
176.9
224.9
168.4
177.8
179.8
364.6
270.2
325.20000000000005
256.7
190.70000000000002
241.10000000000002
220.5
256.3
218.3
286.2
213.10000000000002
331.3
190.8
178.8
315.70000000000005
160.20000000000002
258.0
217.3
140.3
206.5
163.20000000000002
235.70000000000002
234.60000000000002
162.10000000000002
187.10000000000002
246.9
172.70000000000002
243.8
356.6
351.6
277.6
184.20000000000002
213.10000000000002
279.5
302.7
282.90000000000003
321.40000000000003
139.9
155.70000000000002
281.0
144.4
194.5
297.1
144.4
193.3
301.90000000000003
370.8
271.3
220.5
127.7
269.0
292.6
220.20000000000002
183.3
211.70000000000002
209.8
212.9
253.0
207.4
231.20000000000002
284.1
171.70000000000002
209.0
249.20000000000002
143.70000000000002
237.0
366.20000000000005
170.70000000000002
293.90000000000003
327.20000000000005
135.4
312.0
364.5
359.6
133.9
218.3
373.8
263.1
187.8
252.5
328.8
235.5
137.1
272.3
143.5
214.0
166.0
187.60000000000002
221.9
221.0
183.0
224.3
228.10000000000002
213.4
169.3
168.10000000000002
174.20000000000002
299.5
165.0
137.8
269.1
218.10000000000002
204.70000000000002
198.10000000000002
189.60000000000002
273.0
159.0
214.5
274.6
339.5
191.60000000000002
274.7
169.10000000000002
282.5
229.60000000000002
250.60000000000002
281.90000000000003
286.2
198.5
274.6
140.9
267.5
256.0
184.0
186.5
178.70000000000002
233.8
249.8
257.8
227.3
253.10000000000002
219.0
414.20000000000005
238.9
217.8
160.4
183.60000000000002
221.70000000000002
168.60000000000002
448.8
226.70000000000002
153.1
285.8
189.70000000000002
122.0
197.3
279.1
291.90000000000003
249.20000000000002
161.4
181.20000000000002
201.60000000000002
327.90000000000003
231.70000000000002
234.5
277.8
296.90000000000003
180.60000000000002
245.10000000000002
198.60000000000002
184.8
248.8
442.6
261.7
174.10000000000002
""
289.5
298.40000000000003
212.60000000000002
308.8
170.0
281.3
237.4
271.6
165.3
332.3
405.40000000000003
210.10000000000002
210.0
191.8
131.9
263.7
288.7
339.90000000000003
189.9
""
303.8
123.5
142.5
292.90000000000003
419.0
245.4
406.40000000000003
178.5
259.3
181.9
170.4
205.60000000000002
181.9
334.8
225.20000000000002
319.70000000000005
221.8
218.5
353.0
198.5
191.60000000000002
249.8
154.60000000000002
180.0
165.8
238.20000000000002
489.90000000000003
182.0
323.0
208.4
423.5
215.3
267.90000000000003
193.60000000000002
301.90000000000003
233.5
236.20000000000002
303.7
185.20000000000002
197.0
172.0
310.3
258.3
351.90000000000003
339.40000000000003
363.6
123.80000000000001
198.0
170.4
302.7
298.2
222.20000000000002
96.10000000000001
153.4
113.60000000000001
282.3
245.5
153.0
276.0
308.5
278.6
83.4
241.0
144.70000000000002
341.0
210.70000000000002
181.8
246.20000000000002
190.20000000000002
214.0
210.3
200.3
207.0
199.60000000000002
176.0
118.4
174.9
307.3
93.9
261.1
169.8
218.5
118.4
281.2
168.9
229.4
264.7
259.1
460.70000000000005
199.70000000000002
151.70000000000002
181.20000000000002
300.5
140.0
161.70000000000002
256.6
183.60000000000002
158.4
231.8
236.9
144.9
241.70000000000002
293.6
162.70000000000002
175.60000000000002
250.0
172.4
288.90000000000003
219.0
213.70000000000002
235.5
201.20000000000002
290.7
164.9
209.10000000000002
301.3
260.2
439.0
208.70000000000002
146.9
386.1
345.3
152.9
266.90000000000003
242.5
152.4
171.20000000000002
131.6
254.5
198.4
217.8
113.80000000000001
310.20000000000005
249.5
121.7
113.10000000000001
206.60000000000002
183.9
184.60000000000002
354.3
159.10000000000002
231.8
182.4
459.20000000000005
214.3
170.3
162.5
304.3
238.5
306.7
159.20000000000002
128.5
192.70000000000002
220.10000000000002
243.4
340.8
165.70000000000002
224.8
402.0
254.0
227.70000000000002
248.70000000000002
364.1
132.4
175.5
271.90000000000003
459.0
127.30000000000001
273.8
188.70000000000002
237.8
225.5
208.8
159.4
223.9
153.3
181.20000000000002
292.40000000000003
134.1
438.3
147.9
156.3
465.40000000000003
348.5
250.0
338.20000000000005
152.6
189.8
169.4
337.6
172.70000000000002
184.3
177.60000000000002
277.5
188.4
265.8
265.3
290.6
209.60000000000002
289.6
268.40000000000003
213.60000000000002
242.60000000000002
155.4
186.20000000000002
137.70000000000002
204.3
333.40000000000003
428.70000000000005
169.0
198.3
186.5
331.6
226.10000000000002
142.1
243.9
186.0
177.70000000000002
326.20000000000005
247.20000000000002
263.2
182.5
247.70000000000002
219.3
214.20000000000002
181.70000000000002
130.5
231.20000000000002
336.90000000000003
191.8
156.70000000000002
185.70000000000002
125.30000000000001
214.3
238.5
235.0
223.5
211.70000000000002
370.20000000000005
226.20000000000002
191.3
231.70000000000002
207.5
157.60000000000002
308.3
160.4
179.0
202.0
357.3
134.8
165.4
176.9
280.1
251.9
210.0
223.20000000000002
252.10000000000002
125.4
476.6
429.70000000000005
294.0
243.8
167.10000000000002
178.0
267.3
144.70000000000002
274.1
190.20000000000002
263.6
154.9
116.7
225.10000000000002
254.4
202.0
155.70000000000002
154.20000000000002
204.70000000000002
143.0
330.20000000000005
123.10000000000001
181.20000000000002
205.20000000000002
183.70000000000002
269.90000000000003
168.5
186.5
296.7
162.9
169.5
200.10000000000002
251.3
246.0
275.8
189.10000000000002
195.0
332.70000000000005
422.3
146.70000000000002
276.5
236.3
250.4
188.60000000000002
304.6
239.60000000000002
183.4
236.4
254.60000000000002
140.4
105.7
135.5
343.3
223.20000000000002
161.4
241.60000000000002
182.5
193.20000000000002
211.10000000000002
310.8
292.40000000000003
135.6
181.5
138.70000000000002
226.5
231.0
260.40000000000003
117.7
197.5
191.3
302.8
173.60000000000002
192.60000000000002
425.40000000000003
139.4
""
145.1
263.40000000000003
456.70000000000005
235.8
159.3
256.7
180.3
123.30000000000001
280.40000000000003
134.8
197.4
274.7
250.8
207.20000000000002
145.6
189.4
383.1
183.60000000000002
129.5
201.0
234.4
207.0
346.0
337.0
235.8
121.60000000000001
341.0
224.10000000000002
240.60000000000002
297.6
143.4
147.20000000000002
124.7
177.60000000000002
305.3
303.7
131.70000000000002
203.4
167.70000000000002
307.1
224.4
202.8
171.0
285.2
147.5
220.4
289.8
378.6
278.3
197.4
239.0
289.90000000000003
220.10000000000002
288.8
251.9
135.20000000000002
330.70000000000005
195.0
341.20000000000005
251.10000000000002
215.3
472.6
221.8
155.70000000000002
192.5
248.8
206.8
170.8
200.4
257.7
175.10000000000002
139.70000000000002
224.5
200.0
240.60000000000002
290.0
478.5
278.0
171.60000000000002
130.5
256.40000000000003
409.40000000000003
211.60000000000002
142.0
232.10000000000002
269.0
247.0
276.2
179.10000000000002
304.8
477.40000000000003
256.3
220.5
159.4
244.4
248.4
259.6
186.60000000000002
232.9
409.70000000000005
155.0
400.20000000000005
185.5
206.4
166.5
177.4
297.6
291.3
209.60000000000002
145.0
174.5
181.9
180.20000000000002
363.6
143.0
262.40000000000003
176.20000000000002
168.70000000000002
198.60000000000002
246.3
296.3
225.3
183.8
198.3
316.90000000000003
207.3
191.70000000000002
487.20000000000005
155.20000000000002
214.3
156.70000000000002
240.4
218.0
208.8
202.8
253.0
200.8
447.1
205.20000000000002
209.0
190.70000000000002
443.0
196.10000000000002
159.5
107.4
193.8
218.3
296.5
256.7
350.3
332.0
285.90000000000003
351.8
98.9
351.90000000000003
122.9
201.3
225.70000000000002
228.0
136.5
198.60000000000002
252.3
229.60000000000002
254.5
322.1
325.90000000000003
166.5
303.5
154.70000000000002
153.8
127.4
160.9
307.6
215.20000000000002
225.3
266.3
463.40000000000003
236.60000000000002
155.4
230.20000000000002
271.6
142.9
176.20000000000002
259.1
254.10000000000002
228.20000000000002
220.20000000000002
299.2
230.70000000000002
476.1
142.3
166.5
96.80000000000001
232.3
179.10000000000002
323.5
184.0
405.5
265.6
145.20000000000002
230.0
138.20000000000002
224.10000000000002
116.9
211.70000000000002
205.10000000000002
228.5
267.2
262.40000000000003
198.5
132.8
187.8
188.60000000000002
160.10000000000002
152.1
148.1
261.7
178.20000000000002
178.20000000000002
280.0
""
111.10000000000001
123.7
201.3
311.6
211.5
195.20000000000002
313.1
274.0
116.10000000000001
174.70000000000002
172.3
239.10000000000002
229.8
143.9
374.40000000000003
148.9
143.9
137.70000000000002
294.5
179.70000000000002
337.90000000000003
223.10000000000002
327.6
275.6
128.5
231.10000000000002
121.30000000000001
241.70000000000002
273.90000000000003
214.20000000000002
267.3
198.60000000000002
164.3
117.30000000000001
340.40000000000003
367.70000000000005
204.70000000000002
222.4
126.7
181.70000000000002
242.20000000000002
246.9
139.1
229.4
266.0
176.20000000000002
249.0
190.4
170.4
212.8
186.20000000000002
197.0
327.5
175.4
259.90000000000003
277.40000000000003
247.4
382.1
147.5
124.60000000000001
165.60000000000002
209.10000000000002
255.5
175.60000000000002
479.90000000000003
190.9
178.60000000000002
353.5
120.5
404.1
133.8
175.8
186.8
175.60000000000002
401.90000000000003
348.6
116.80000000000001
357.1
214.4
153.60000000000002
209.20000000000002
161.10000000000002
205.3
199.3
177.5
128.0
300.1
139.8
153.20000000000002
239.20000000000002
196.8
291.6
173.8
371.1
267.5
161.8
235.0
145.3
141.5
174.20000000000002
139.8
205.60000000000002
276.90000000000003
130.1
127.30000000000001
195.10000000000002
264.0
125.30000000000001
171.9
232.60000000000002
202.3
147.6
253.9
198.70000000000002
226.0
202.9
337.8
285.90000000000003
341.0
191.20000000000002
259.5
230.5
127.10000000000001
269.1
175.5
297.90000000000003
135.9
234.10000000000002
230.0
125.4
171.9
237.8
235.20000000000002
198.9
217.70000000000002
306.3
234.20000000000002
123.0
228.20000000000002
227.4
253.4
250.70000000000002
400.70000000000005
113.0
248.0
166.5
210.70000000000002
190.5
275.1
165.4
110.2
260.8
172.9
157.8
233.8
157.5
149.70000000000002
190.3
313.3
82.60000000000001
178.8
149.5
188.5
249.20000000000002
184.60000000000002
161.0
138.9
365.3
232.4
200.60000000000002
""
265.90000000000003
329.6
232.9
209.10000000000002
221.10000000000002
183.20000000000002
295.1
174.10000000000002
267.6
166.3
153.20000000000002
247.0
394.8
168.0
179.60000000000002
238.3
256.5
128.6
154.9
136.5
199.5
171.5
238.4
170.8
361.90000000000003
234.3
199.70000000000002
265.3
287.2
220.20000000000002
213.4
155.8
130.20000000000002
326.6
324.1
203.9
279.1
302.0
176.60000000000002
176.20000000000002
220.3
106.4
122.60000000000001
194.10000000000002
119.60000000000001
164.5
149.70000000000002
362.6
219.70000000000002
234.3
252.4
185.10000000000002
214.5
298.5
107.4
203.4
135.8
299.5
309.90000000000003
148.6
360.90000000000003
125.10000000000001
353.3
154.60000000000002
178.3
248.20000000000002
200.8
357.5
231.60000000000002
159.0
192.8
223.3
277.8
205.8
314.6
203.8
148.3
218.70000000000002
197.3
320.3
198.70000000000002
247.20000000000002
190.60000000000002
193.60000000000002
370.6
229.70000000000002
277.7
268.2
206.9
242.20000000000002
180.8
211.9
166.20000000000002
304.2
218.0
183.5
244.5
141.9
248.60000000000002
306.8
180.10000000000002
257.2
204.10000000000002
138.8
303.5
268.5
261.3
259.0
170.0
118.9
289.0
162.60000000000002
299.90000000000003
203.9
244.0
214.70000000000002
204.3
134.20000000000002
189.0
204.3
200.60000000000002
121.2
256.90000000000003
238.10000000000002
286.40000000000003
209.70000000000002
100.60000000000001
184.20000000000002
167.4
275.5
214.9
275.1
211.5
206.10000000000002
303.90000000000003
171.9
242.0
227.20000000000002
274.0
232.70000000000002
124.60000000000001
226.60000000000002
261.6
175.5
183.5
263.8
168.10000000000002
176.20000000000002
172.9
421.5
127.9
203.0
297.0
317.20000000000005
247.3
241.5
167.60000000000002
247.60000000000002
202.60000000000002
145.5
284.5
115.10000000000001
135.20000000000002
454.20000000000005
142.1
148.20000000000002
155.9
350.0
""
192.70000000000002
144.5
172.70000000000002
273.7
308.6
272.3
153.1
220.4
129.1
419.6
421.40000000000003
200.4
215.10000000000002
183.60000000000002
190.4
190.3
278.90000000000003
271.40000000000003
169.0
262.3
194.3
251.9
283.6
110.2
183.10000000000002
197.60000000000002
328.40000000000003
372.40000000000003
143.8
286.40000000000003
160.60000000000002
293.40000000000003
411.5
256.1
200.5
199.9
165.9
161.5
208.60000000000002
240.60000000000002
204.10000000000002
131.20000000000002
267.40000000000003
142.5
319.3
166.0
292.40000000000003
173.10000000000002
161.0
251.20000000000002
221.3
257.40000000000003
209.70000000000002
218.60000000000002
278.1
257.6
453.40000000000003
109.30000000000001
288.5
278.0
250.4
127.9
220.4
312.5
203.8
205.20000000000002
186.0
291.40000000000003
338.1
161.4
302.0
269.0
375.40000000000003
174.0
322.5
143.5
340.20000000000005
273.5
191.20000000000002
221.0
349.70000000000005
279.2
199.9
288.40000000000003
143.0
148.9
182.70000000000002
170.0
187.20000000000002
139.4
279.0
179.3
149.3
402.1
192.4
196.5
282.1
280.0
134.4
287.7
212.60000000000002
215.3
146.3
195.0
300.7
153.70000000000002
176.5
189.4
171.0
152.3
302.8
217.20000000000002
96.10000000000001
""
201.70000000000002
115.9
245.4
150.0
143.4
367.20000000000005
216.70000000000002
241.20000000000002
178.0
253.70000000000002
174.70000000000002
179.8
139.6
172.4
186.10000000000002
134.8
237.5
116.9
330.0
155.5
174.60000000000002
279.5
177.3
292.8
216.20000000000002
283.90000000000003
263.2
160.0
216.60000000000002
324.3
231.4
126.7
330.20000000000005
225.9
142.3
240.0
344.40000000000003
140.20000000000002
114.10000000000001
196.60000000000002
204.20000000000002
209.9
203.5
163.4
129.70000000000002
255.4
178.9
127.4
133.6
177.8
321.90000000000003
210.4
395.70000000000005
232.20000000000002
142.1
258.2
238.60000000000002
289.7
191.70000000000002
96.30000000000001
192.4
177.60000000000002
207.10000000000002
189.0
220.20000000000002
204.0
236.70000000000002
328.6
382.5
152.9
250.4
209.9
321.3
324.8
211.8
178.20000000000002
115.2
185.3
162.9
331.8
214.70000000000002
246.9
186.60000000000002
202.70000000000002
220.4
184.60000000000002
311.40000000000003
138.1
137.8
120.60000000000001
167.5
185.20000000000002
230.8
142.3
185.5
437.8
""
192.4
123.60000000000001
255.5
161.9
262.1
184.5
221.70000000000002
249.70000000000002
136.8
333.3
215.20000000000002
201.20000000000002
162.70000000000002
179.8
175.4
192.4
259.3
243.9
179.70000000000002
281.7
159.0
157.9
154.0
204.8
448.5
134.70000000000002
118.9
290.1
135.70000000000002
157.9
226.10000000000002
188.10000000000002
248.3
254.5
229.9
353.1
310.6
198.10000000000002
116.7
183.70000000000002
214.3
155.20000000000002
360.3
238.10000000000002
264.40000000000003
256.40000000000003
148.0
197.8
291.7
171.3
337.5
178.3
212.0
263.7
281.5
213.70000000000002
273.5
134.20000000000002
282.90000000000003
261.5
228.3
180.0
170.5
267.7
216.70000000000002
145.1
324.0
245.0
467.20000000000005
155.8
260.8
304.6
178.3
239.3
227.5
456.40000000000003
388.20000000000005
236.70000000000002
264.2
312.20000000000005
237.20000000000002
156.8
201.0
119.2
265.7
157.9
321.1
396.70000000000005
179.20000000000002
229.4
351.8
156.4
186.4
148.8
162.60000000000002
147.8
179.20000000000002
186.4
199.0
273.8
185.10000000000002
185.8
179.9
321.5
477.70000000000005
247.20000000000002
210.70000000000002
207.10000000000002
405.1
216.10000000000002
239.8
253.70000000000002
391.20000000000005
238.3
297.1
226.3
183.5
146.3
177.8
201.20000000000002
385.0
370.5
176.8
271.8
273.7
339.6
303.7
192.9
115.5
232.9
437.90000000000003
190.70000000000002
244.0
184.10000000000002
135.6
191.3
207.3
463.0
166.70000000000002
196.9
170.5
219.70000000000002
384.0
217.5
167.4
170.70000000000002
195.5
231.10000000000002
172.4
372.5
185.4
247.20000000000002
151.3
237.4
140.1
198.8
158.60000000000002
253.8
360.6
261.7
184.5
143.6
198.60000000000002
246.0
319.20000000000005
251.5
221.10000000000002
148.6
235.9
258.7
320.0
250.20000000000002
196.20000000000002
264.3
265.6
201.4
152.5
142.6
244.3
227.70000000000002
232.9
313.1
148.5
232.3
295.2
196.70000000000002
151.8
235.4
213.4
217.3
223.3
159.60000000000002
413.3
194.0
298.2
215.9
288.40000000000003
234.5
192.20000000000002
165.0
239.5
173.70000000000002
177.8
402.90000000000003
136.8
286.7
188.8
144.1
247.5
204.4
175.5
151.3
169.9
259.90000000000003
320.6
260.2
320.1
177.4
206.9
176.60000000000002
85.2
275.3
196.60000000000002
232.8
244.20000000000002
218.10000000000002
275.90000000000003
182.4
208.10000000000002
322.70000000000005
208.9
246.8
243.60000000000002
271.40000000000003
283.5
""
244.4
151.20000000000002
181.0
398.8
201.0
141.0
243.9
251.3
204.9
166.8
169.60000000000002
206.10000000000002
234.10000000000002
228.70000000000002
235.3
289.2
292.3
118.10000000000001
409.40000000000003
329.1
228.8
165.5
374.40000000000003
274.6
328.20000000000005
201.10000000000002
212.0
132.4
238.20000000000002
212.9
246.0
193.3
234.10000000000002
201.10000000000002
173.0
252.70000000000002
215.10000000000002
141.9
136.0
181.8
221.10000000000002
183.0
383.3
129.4
317.3
187.4
161.60000000000002
143.20000000000002
158.60000000000002
290.0
267.8
163.3
194.8
259.40000000000003
274.0
190.10000000000002
134.5
118.7
232.20000000000002
165.8
314.8
179.10000000000002
239.5
251.9
209.3
232.60000000000002
220.70000000000002
295.1
158.3
219.70000000000002
207.10000000000002
263.7
154.10000000000002
181.4
293.90000000000003
183.4
364.70000000000005
195.20000000000002
220.3
219.4
138.8
195.5
204.5
283.3
193.4
254.0
159.3
348.3
249.0
382.8
215.10000000000002
279.5
206.4
138.5
395.3
168.8
271.1
238.8
248.20000000000002
253.5
272.40000000000003
176.3
145.70000000000002
243.0
210.0
217.3
169.70000000000002
127.7
305.2
189.5
291.3
215.70000000000002
222.3
144.0
246.5
182.3
268.0
256.40000000000003
293.5
205.8
165.3
254.20000000000002
204.70000000000002
143.1
149.3
202.5
213.9
266.40000000000003
199.60000000000002
228.9
226.70000000000002
200.9
230.9
174.3
240.20000000000002
183.20000000000002
224.10000000000002
197.70000000000002
177.0
341.5
198.20000000000002
260.5
230.20000000000002
186.20000000000002
398.6
252.10000000000002
154.5
167.9
276.5
131.9
174.9
186.60000000000002
187.70000000000002
299.5
107.9
164.5
173.9
151.5
222.20000000000002
172.70000000000002
194.20000000000002
137.0
163.3
166.0
251.10000000000002
163.20000000000002
250.0
244.9
127.2
240.3
220.4
208.20000000000002
165.9
155.8
257.0
223.4
188.5
265.90000000000003
241.5
237.3
178.5
161.20000000000002
266.90000000000003
223.5
354.40000000000003
212.70000000000002
216.9
205.5
222.4
149.9
273.1
208.10000000000002
176.20000000000002
275.0
191.20000000000002
238.0
159.70000000000002
257.90000000000003
171.70000000000002
203.10000000000002
179.4
198.9
193.5
238.9
228.10000000000002
235.70000000000002
141.5
338.90000000000003
290.8
164.0
128.3
235.3
382.20000000000005
155.60000000000002
228.8
142.1
153.9
182.5
213.8
306.5
230.0
235.60000000000002
235.20000000000002
151.70000000000002
147.5
195.8
203.4
229.60000000000002
186.4
207.9
236.70000000000002
241.8
270.1
174.10000000000002
189.20000000000002
251.5
355.6
278.90000000000003
455.20000000000005
300.1
242.8
270.7
194.20000000000002
177.5
141.3
199.70000000000002
131.4
430.6
243.9
296.7
342.5
139.9
270.1
252.3
203.70000000000002
305.8
220.9
227.0
247.8
214.5
359.5
240.5
203.4
145.3
418.6
216.70000000000002
357.3
351.5
180.10000000000002
194.10000000000002
146.20000000000002
282.7
215.8
243.3
222.0
172.20000000000002
252.5
158.70000000000002
150.1
181.20000000000002
452.3
257.8
255.8
289.1
274.5
218.10000000000002
169.10000000000002
187.5
112.60000000000001
244.10000000000002
271.5
165.4
144.4
216.9
300.0
254.70000000000002
272.8
254.9
197.8
251.5
288.3
194.20000000000002
314.40000000000003
266.6
170.10000000000002
150.9
190.0
231.10000000000002
203.70000000000002
344.6
226.0
341.40000000000003
234.4
240.70000000000002
349.3
220.4
218.4
217.20000000000002
174.9
251.9
204.10000000000002
214.70000000000002
271.5
166.8
223.5
269.2
182.4
201.10000000000002
293.3
231.4
233.0
131.3
239.0
387.5
182.20000000000002
213.5
151.9
296.8
289.2
254.20000000000002
302.3
154.3
385.40000000000003
277.90000000000003
228.5
189.10000000000002
320.1
347.3
204.20000000000002
280.1
465.70000000000005
209.70000000000002
148.8
159.9
183.9
298.3
235.5
367.20000000000005
154.5
131.70000000000002
305.5
346.90000000000003
215.4
272.7
433.90000000000003
177.70000000000002
442.3
254.3
279.40000000000003
134.20000000000002
297.2
266.5
261.2
253.5
167.20000000000002
193.3
236.20000000000002
162.10000000000002
147.70000000000002
277.40000000000003
239.4
251.70000000000002
190.3
223.3
237.60000000000002
164.3
180.3
327.3
220.8
172.20000000000002
167.70000000000002
189.70000000000002
197.5
225.9
195.0
190.60000000000002
251.10000000000002
177.9
124.4
213.10000000000002
325.40000000000003
205.0
129.1
337.3
239.9
148.8
185.60000000000002
319.1
358.0
444.90000000000003
235.9
313.6
136.8
245.4
228.60000000000002
194.20000000000002
194.0
204.5
196.8
242.3
171.20000000000002
268.2
120.4
292.1
171.60000000000002
181.4
186.60000000000002
320.0
251.9
457.8
176.60000000000002
261.8
194.3
188.5
140.5
197.9
260.3
204.3
268.8
148.9
267.2
281.40000000000003
394.6
267.7
270.7
220.0
204.60000000000002
242.5
195.3
254.3
135.9
214.70000000000002
224.4
340.0
277.3
158.70000000000002
154.20000000000002
279.40000000000003
172.5
215.4
180.10000000000002
153.70000000000002
260.3
161.70000000000002
256.3
225.4
395.40000000000003
210.60000000000002
327.90000000000003
254.20000000000002
267.8
224.3
197.4
196.0
299.2
230.3
201.60000000000002
127.80000000000001
196.70000000000002
213.70000000000002
220.70000000000002
110.5
192.10000000000002
131.8
246.5
393.90000000000003
386.70000000000005
228.4
200.70000000000002
204.4
244.4
216.3
235.9
""
195.20000000000002
323.6
283.90000000000003
152.9
177.20000000000002
190.60000000000002
200.4
264.7
179.4
164.5
228.60000000000002
202.0
176.9
146.5
239.4
207.70000000000002
102.9
331.3
269.90000000000003
152.4
213.5
252.3
171.20000000000002
305.6
341.1
236.0
177.3
227.10000000000002
212.10000000000002
119.0
175.3
211.70000000000002
184.0
224.5
234.8
403.70000000000005
202.5
230.20000000000002
206.9
165.20000000000002
343.8
232.10000000000002
197.8
267.0
134.8
229.60000000000002
245.20000000000002
176.20000000000002
154.8
240.3
254.0
125.80000000000001
244.3
162.70000000000002
342.8
326.1
235.9
143.20000000000002
165.70000000000002
196.10000000000002
279.90000000000003
326.3
243.0
476.5
194.8
195.10000000000002
290.0
316.6
275.6
251.70000000000002
302.0
220.0
374.0
340.6
260.6
233.20000000000002
192.10000000000002
286.6
203.10000000000002
230.9
157.10000000000002
107.80000000000001
""
202.8
180.60000000000002
247.5
195.0
242.20000000000002
172.9
454.90000000000003
265.90000000000003
247.0
251.9
273.6
300.40000000000003
313.1
313.20000000000005
173.0
294.8
454.5
319.40000000000003
247.20000000000002
180.3
280.2
369.5
""
268.5
315.6
176.8
196.20000000000002
134.5
292.2
332.3
199.10000000000002
140.0
311.8
119.5
297.1
170.0
147.0
164.9
196.70000000000002
114.7
148.6
187.9
150.70000000000002
248.0
197.60000000000002
111.10000000000001
285.40000000000003
171.8
195.70000000000002
267.40000000000003
237.9
185.0
386.5
162.60000000000002
261.8
247.5
160.60000000000002
216.70000000000002
146.4
336.70000000000005
336.8
109.9
191.5
119.80000000000001
229.60000000000002
227.10000000000002
108.30000000000001
91.4
110.80000000000001
190.20000000000002
260.7
250.70000000000002
180.70000000000002
162.8
114.7
138.9
148.8
215.3
413.40000000000003
395.0
131.1
348.90000000000003
249.4
287.0
239.20000000000002
226.8
135.0
215.5
197.70000000000002
185.60000000000002
249.4
226.70000000000002
249.9
190.9
161.5
251.3
174.70000000000002
211.60000000000002
263.3
359.6
193.10000000000002
199.70000000000002
162.5
279.8
192.5
154.10000000000002
255.60000000000002
188.4
176.70000000000002
219.9
189.70000000000002
136.6
216.0
249.9
269.2
178.60000000000002
188.0
340.1
261.0
224.3
192.70000000000002
184.10000000000002
202.60000000000002
263.90000000000003
161.3
319.0
278.6
227.70000000000002
154.60000000000002
150.6
316.3
278.5
193.4
264.40000000000003
207.0
285.1
412.90000000000003
436.1
256.5
372.40000000000003
119.30000000000001
205.70000000000002
177.8
324.8
165.5
374.40000000000003
275.7
207.3
216.3
176.60000000000002
423.5
227.3
177.10000000000002
228.20000000000002
123.60000000000001
246.20000000000002
171.10000000000002
158.0
190.10000000000002
211.0
255.70000000000002
126.5
165.60000000000002
272.8
194.10000000000002
204.60000000000002
196.9
178.9
183.8
239.9
135.3
107.30000000000001
317.0
272.1
184.4
129.70000000000002
262.7
104.5
273.90000000000003
204.0
310.90000000000003
157.10000000000002
177.8
224.70000000000002
220.8
267.2
244.3
202.60000000000002
283.8
374.70000000000005
211.70000000000002
126.80000000000001
166.8
149.9
189.9
246.8
247.4
149.4
252.20000000000002
174.0
95.5
173.9
298.0
142.4
304.90000000000003
245.10000000000002
194.0
173.10000000000002
263.5
209.10000000000002
141.70000000000002
234.3
321.3
139.9
397.20000000000005
226.5
419.3
193.4
393.90000000000003
231.60000000000002
148.9
195.10000000000002
172.4
241.0
285.1
247.60000000000002
128.3
184.70000000000002
206.8
198.3
238.10000000000002
425.8
129.6
256.6
203.8
210.70000000000002
201.8
124.30000000000001
147.4
313.0
216.3
264.6
156.20000000000002
270.0
275.3
186.0
230.8
141.0
320.0
245.8
316.70000000000005
188.9
168.60000000000002
155.0
234.0
266.90000000000003
158.3
175.4
170.10000000000002
234.9
316.40000000000003
215.60000000000002
243.5
239.20000000000002
390.3
225.0
157.8
238.8
254.4
286.40000000000003
194.9
316.1
198.70000000000002
320.1
225.9
206.0
276.7
143.0
212.20000000000002
146.20000000000002
130.4
250.4
173.9
226.60000000000002
255.3
433.6
138.70000000000002
201.3
170.4
174.70000000000002
183.5
183.10000000000002
138.6
179.70000000000002
136.9
253.0
123.9
157.20000000000002
197.20000000000002
148.0
154.5
269.1
170.9
137.5
203.70000000000002
199.9
300.3
250.0
435.0
196.4
189.0
212.5
193.4
202.9
178.4
359.3
223.4
113.9
377.3
295.40000000000003
163.3
151.70000000000002
202.20000000000002
152.1
277.1
312.5
336.6
156.20000000000002
458.6
228.70000000000002
268.8
191.60000000000002
280.3
151.6
177.20000000000002
223.9
162.4
181.20000000000002
189.60000000000002
134.0
228.60000000000002
273.6
322.6
187.0
183.60000000000002
260.90000000000003
232.60000000000002
302.40000000000003
207.3
384.5
266.1
172.9
325.3
168.3
161.8
121.5
316.5
219.8
417.1
177.60000000000002
181.10000000000002
236.9
225.20000000000002
193.8
276.0
173.5
312.90000000000003
159.3
142.4
174.3
173.9
248.9
338.6
272.5
387.90000000000003
165.3
206.70000000000002
288.5
191.60000000000002
304.5
305.2
168.70000000000002
138.4
217.0
289.2
135.5
202.10000000000002
123.30000000000001
199.5
191.8
386.0
394.1
309.1
137.20000000000002
229.60000000000002
202.60000000000002
207.9
207.8
305.8
339.40000000000003
317.20000000000005
212.4
190.4
453.40000000000003
