Hitting Time
139.4
83.30000000000001
120.9
98.5
70.3
62.400000000000006
80.7
57.0
72.10000000000001
88.10000000000001
77.0
65.3
76.80000000000001
90.9
87.30000000000001
88.5
75.9
60.900000000000006
81.60000000000001
93.4
85.2
87.5
124.30000000000001
112.80000000000001
70.4
108.5
76.7
85.4
53.0
136.6
108.10000000000001
63.400000000000006
85.9
77.30000000000001
82.2
67.7
117.2
99.80000000000001
59.400000000000006
65.60000000000001
96.4
94.2
80.7
86.60000000000001
69.3
76.3
105.5
60.1
92.0
92.60000000000001
63.6
69.10000000000001
72.9
81.2
113.10000000000001
49.1
79.2
76.0
116.60000000000001
136.8
99.80000000000001
34.9
113.7
68.5
108.30000000000001
203.70000000000002
105.10000000000001
70.10000000000001
116.80000000000001
93.60000000000001
77.5
91.80000000000001
95.2
101.4
76.3
95.30000000000001
44.400000000000006
101.10000000000001
72.9
112.30000000000001
63.6
56.5
89.30000000000001
77.60000000000001
124.80000000000001
80.0
77.0
66.4
74.10000000000001
74.60000000000001
110.0
80.5
84.7
107.5
112.4
67.8
120.2
65.3
56.2
71.4
86.5
90.4
97.30000000000001
101.10000000000001
85.2
70.8
69.9
71.60000000000001
103.2
71.60000000000001
86.5
67.5
85.5
116.5
79.10000000000001
77.0
77.30000000000001
111.80000000000001
127.30000000000001
51.400000000000006
77.7
106.9
69.8
67.60000000000001
60.2
130.6
65.7
93.60000000000001
80.9
97.0
90.10000000000001
60.6
108.9
70.3
70.5
93.10000000000001
93.60000000000001
100.60000000000001
75.5
90.9
123.30000000000001
68.7
64.3
70.2
103.80000000000001
85.10000000000001
86.4
57.400000000000006
65.4
61.2
77.60000000000001
99.0
125.80000000000001
69.4
117.10000000000001
65.3
43.2
71.60000000000001
78.9
63.6
143.8
70.60000000000001
83.9
76.80000000000001
73.7
62.6
98.9
80.60000000000001
57.6
84.30000000000001
61.6
55.300000000000004
76.9
88.5
73.2
50.5
88.30000000000001
101.10000000000001
76.7
75.9
126.4
70.5
64.8
105.5
156.9
64.0
67.0
87.4
126.0
72.4
100.2
52.300000000000004
110.30000000000001
89.7
92.60000000000001
85.80000000000001
63.5
86.10000000000001
115.7
75.5
42.900000000000006
61.0
58.6
84.4
128.4
102.0
111.7
69.2
81.60000000000001
76.5
58.900000000000006
52.300000000000004
81.0
95.80000000000001
65.8
62.6
64.9
67.7
74.10000000000001
74.3
76.5
82.5
93.9
79.5
61.7
103.2
65.9
67.9
76.10000000000001
145.0
118.7
77.60000000000001
104.9
62.2
62.300000000000004
78.80000000000001
94.80000000000001
90.5
178.20000000000002
81.2
111.60000000000001
76.10000000000001
131.5
57.900000000000006
56.800000000000004
51.6
64.10000000000001
69.2
93.2
78.9
64.10000000000001
79.2
66.7
53.5
99.5
87.9
129.4
97.80000000000001
69.2
61.6
72.4
61.400000000000006
110.7
97.7
88.2
55.0
97.7
111.30000000000001
139.4
76.10000000000001
145.20000000000002
52.6
99.10000000000001
88.10000000000001
52.300000000000004
64.9
86.60000000000001
118.0
80.10000000000001
105.5
97.30000000000001
98.4
76.60000000000001
101.9
85.10000000000001
108.10000000000001
84.4
58.2
87.7
84.2
92.0
130.70000000000002
104.10000000000001
88.0
46.2
73.60000000000001
64.0
75.10000000000001
147.5
65.60000000000001
55.900000000000006
76.3
65.10000000000001
61.0
64.2
82.9
94.10000000000001
93.2
99.9
124.5
94.9
66.2
122.2
153.5
95.30000000000001
74.60000000000001
86.30000000000001
75.60000000000001
60.6
91.30000000000001
82.30000000000001
121.4
81.0
100.10000000000001
84.0
67.4
108.80000000000001
89.4
46.6
100.80000000000001
80.7
97.30000000000001
79.2
95.0
89.4
59.900000000000006
77.80000000000001
59.2
75.4
62.5
68.0
75.8
95.60000000000001
85.30000000000001
67.5
113.5
121.10000000000001
127.60000000000001
113.7
75.0
105.2
55.800000000000004
69.10000000000001
70.0
86.5
62.7
54.6
56.800000000000004
76.2
76.10000000000001
68.0
98.4
84.10000000000001
85.80000000000001
82.80000000000001
138.5
69.60000000000001
97.80000000000001
70.5
91.5
74.10000000000001
94.4
59.800000000000004
91.9
81.30000000000001
133.70000000000002
131.3
116.10000000000001
132.9
92.80000000000001
90.9
89.4
74.3
91.4
78.9
53.0
108.80000000000001
67.0
88.4
101.10000000000001
54.5
81.60000000000001
100.10000000000001
63.0
81.30000000000001
125.10000000000001
80.2
98.10000000000001
91.30000000000001
88.7
89.4
141.6
72.7
64.2
72.3
88.2
91.2
75.9
64.9
60.0
60.900000000000006
96.9
63.1
51.400000000000006
78.30000000000001
133.4
82.9
108.30000000000001
78.2
97.60000000000001
69.7
71.9
87.0
61.900000000000006
52.6
100.60000000000001
74.3
94.2
80.4
95.7
104.80000000000001
76.7
76.2
52.0
72.60000000000001
150.3
59.0
77.60000000000001
80.30000000000001
110.30000000000001
72.7
73.0
88.60000000000001
118.4
59.2
77.80000000000001
62.0
113.10000000000001
142.6
86.7
81.2
81.80000000000001
75.7
83.5
107.30000000000001
71.4
69.4
80.0
59.0
122.60000000000001
89.80000000000001
81.30000000000001
72.4
63.5
67.3
66.5
85.7
86.9
61.800000000000004
132.1
101.4
104.9
90.7
79.9
76.2
68.5
129.9
138.4
67.0
97.4
142.5
81.60000000000001
97.4
54.5
149.6
78.60000000000001
77.9
81.10000000000001
81.5
72.7
41.1
41.900000000000006
111.10000000000001
113.2
84.2
153.20000000000002
68.0
57.800000000000004
79.9
61.900000000000006
64.5
70.10000000000001
106.10000000000001
100.9
66.4
78.80000000000001
109.4
86.80000000000001
93.7
118.10000000000001
114.80000000000001
116.0
104.0
100.9
103.10000000000001
76.0
78.10000000000001
101.2
59.1
66.9
131.4
58.2
59.800000000000004
143.3
72.60000000000001
59.2
112.10000000000001
100.5
83.30000000000001
81.5
116.9
94.80000000000001
61.300000000000004
51.0
69.3
59.6
79.7
89.4
50.300000000000004
67.7
107.0
72.5
80.10000000000001
61.7
113.30000000000001
98.0
68.60000000000001
98.80000000000001
114.2
98.0
70.4
65.5
125.0
61.5
95.0
72.2
83.30000000000001
99.30000000000001
80.9
58.2
70.4
105.10000000000001
73.5
136.4
69.9
75.4
81.9
57.800000000000004
80.9
130.6
91.5
127.10000000000001
89.80000000000001
74.4
113.4
87.4
77.7
99.5
97.80000000000001
73.9
114.80000000000001
58.900000000000006
89.9
77.60000000000001
99.4
85.80000000000001
63.2
88.30000000000001
132.8
64.4
85.2
85.10000000000001
128.20000000000002
188.3
83.2
100.2
79.9
65.7
84.9
79.5
107.60000000000001
50.6
138.20000000000002
81.60000000000001
90.2
76.5
95.60000000000001
88.10000000000001
78.10000000000001
70.7
71.10000000000001
71.8
76.5
94.7
81.4
67.3
66.5
44.5
68.7
80.80000000000001
89.10000000000001
151.1
48.300000000000004
64.3
116.9
102.4
85.60000000000001
78.80000000000001
82.7
67.7
90.60000000000001
104.2
74.60000000000001
55.0
96.7
47.1
72.3
91.7
62.6
104.9
57.300000000000004
97.10000000000001
64.10000000000001
94.2
76.10000000000001
88.60000000000001
139.1
60.1
91.2
43.7
93.60000000000001
45.7
69.0
79.2
60.6
62.7
79.2
118.7
63.400000000000006
75.10000000000001
137.70000000000002
91.10000000000001
104.7
87.10000000000001
59.800000000000004
97.60000000000001
135.5
99.30000000000001
87.7
66.9
116.4
100.5
73.3
74.60000000000001
54.0
73.60000000000001
118.60000000000001
57.7
119.10000000000001
71.4
119.30000000000001
72.7
62.300000000000004
76.3
108.0
175.20000000000002
73.60000000000001
73.5
106.9
69.10000000000001
74.5
84.7
65.9
114.0
60.800000000000004
117.4
90.2
116.2
98.0
78.2
77.9
80.4
85.5
65.60000000000001
50.900000000000006
86.5
87.80000000000001
54.400000000000006
70.10000000000001
120.4
78.80000000000001
72.0
136.20000000000002
102.0
58.2
54.2
80.80000000000001
85.5
101.2
107.80000000000001
53.5
75.9
74.10000000000001
77.2
82.30000000000001
99.9
77.80000000000001
89.60000000000001
147.5
97.4
69.7
102.9
71.5
53.6
56.800000000000004
68.4
111.7
146.0
76.2
131.9
92.0
100.60000000000001
92.60000000000001
85.4
64.4
80.80000000000001
114.0
103.0
97.0
115.2
93.4
92.60000000000001
65.4
70.4
73.5
87.80000000000001
72.0
101.80000000000001
97.9
86.2
66.2
103.0
80.80000000000001
83.4
121.60000000000001
69.7
125.0
58.2
69.0
55.900000000000006
74.0
68.9
87.4
71.0
104.60000000000001
112.0
120.4
99.2
116.0
63.6
68.8
93.80000000000001
79.9
88.60000000000001
85.9
142.3
94.4
115.9
98.80000000000001
107.0
68.10000000000001
149.5
68.0
109.60000000000001
54.900000000000006
140.1
83.0
57.900000000000006
110.60000000000001
55.0
59.5
78.9
104.60000000000001
115.9
104.2
136.0
92.4
79.4
119.80000000000001
78.2
118.80000000000001
76.4
74.60000000000001
112.2
94.30000000000001
95.5
83.60000000000001
110.7
50.800000000000004
99.10000000000001
93.7
91.80000000000001
85.0
73.7
56.5
98.60000000000001
86.2
137.6
95.2
114.30000000000001
117.9
90.7
81.30000000000001
73.8
126.60000000000001
149.4
101.80000000000001
94.10000000000001
79.60000000000001
90.30000000000001
67.7
114.9
79.9
122.10000000000001
86.0
89.2
103.7
87.10000000000001
106.2
73.2
99.30000000000001
130.9
92.30000000000001
93.7
91.4
104.60000000000001
84.0
109.60000000000001
101.60000000000001
95.0
116.9
54.2
101.2
85.2
88.30000000000001
121.30000000000001
141.0
74.4
87.4
120.60000000000001
87.2
51.6
133.9
65.8
121.4
67.4
120.4
94.30000000000001
93.0
61.300000000000004
54.2
77.30000000000001
85.5
63.5
109.2
69.60000000000001
115.30000000000001
90.2
76.60000000000001
82.0
65.8
68.2
65.3
74.2
108.5
101.4
78.9
158.70000000000002
60.6
143.4
85.30000000000001
69.3
146.70000000000002
77.30000000000001
69.7
116.5
73.10000000000001
145.4
88.4
71.8
113.4
94.9
61.7
62.6
53.1
53.5
76.0
83.0
86.4
87.9
102.2
120.80000000000001
93.80000000000001
66.60000000000001
84.5
69.0
65.3
139.70000000000002
102.9
81.80000000000001
60.7
67.2
121.7
49.0
102.0
113.5
99.10000000000001
120.2
73.0
183.0
74.9
75.0
118.4
71.2
63.6
73.10000000000001
77.80000000000001
77.30000000000001
101.2
53.300000000000004
77.9
71.7
85.60000000000001
66.9
67.3
77.30000000000001
86.30000000000001
160.5
58.1
93.2
144.70000000000002
126.7
78.10000000000001
73.7
89.60000000000001
64.5
62.800000000000004
116.60000000000001
153.4
100.0
52.0
115.80000000000001
78.7
73.5
78.0
84.4
68.7
61.800000000000004
89.9
84.0
87.30000000000001
55.6
111.4
109.5
106.7
70.0
66.3
125.7
132.5
93.0
65.10000000000001
77.4
65.7
104.0
61.7
108.7
74.5
88.4
46.300000000000004
110.7
84.7
100.7
94.30000000000001
75.2
62.7
68.60000000000001
78.5
83.2
83.30000000000001
122.2
70.2
72.60000000000001
62.6
115.2
114.7
54.800000000000004
60.6
226.5
143.3
84.5
87.10000000000001
91.9
98.10000000000001
79.5
102.2
91.7
75.3
113.0
90.80000000000001
81.80000000000001
98.0
113.30000000000001
80.9
84.60000000000001
50.7
57.800000000000004
151.5
96.30000000000001
57.5
67.7
74.7
95.10000000000001
104.4
123.4
69.3
56.5
123.10000000000001
60.900000000000006
108.10000000000001
70.2
94.2
47.0
81.7
77.10000000000001
71.2
72.2
55.900000000000006
102.5
101.0
93.60000000000001
73.7
93.80000000000001
91.2
75.60000000000001
47.400000000000006
90.60000000000001
108.0
77.60000000000001
61.300000000000004
140.20000000000002
125.0
91.7
100.0
141.70000000000002
84.9
96.4
74.0
89.60000000000001
93.80000000000001
111.9
116.30000000000001
101.2
133.4
69.3
50.7
74.4
106.60000000000001
69.8
152.1
90.5
65.9
106.10000000000001
146.4
90.4
58.900000000000006
98.2
105.30000000000001
107.30000000000001
72.60000000000001
81.2
123.5
84.60000000000001
58.0
137.1
114.5
88.7
85.60000000000001
90.0
82.60000000000001
61.800000000000004
60.400000000000006
87.80000000000001
96.2
147.0
102.9
86.4
163.70000000000002
139.8
78.9
91.80000000000001
79.4
78.9
92.30000000000001
60.300000000000004
118.2
86.2
115.60000000000001
83.80000000000001
74.3
52.1
76.80000000000001
85.80000000000001
93.0
113.80000000000001
89.7
78.60000000000001
68.7
85.9
70.10000000000001
55.2
74.5
90.0
109.0
96.4
80.60000000000001
94.60000000000001
90.30000000000001
55.7
90.30000000000001
61.400000000000006
119.9
81.80000000000001
65.10000000000001
70.10000000000001
79.0
97.60000000000001
104.2
107.5
87.10000000000001
63.0
178.5
67.60000000000001
99.2
67.5
88.5
88.9
69.10000000000001
111.4
93.5
143.9
68.5
71.10000000000001
61.900000000000006
90.80000000000001
65.10000000000001
111.60000000000001
102.80000000000001
47.300000000000004
106.9
90.4
85.0
75.2
144.6
87.4
110.30000000000001
109.9
87.30000000000001
90.2
64.9
53.900000000000006
81.2
97.7
65.8
96.30000000000001
75.10000000000001
94.0
131.6
86.7
67.60000000000001
75.9
55.0
76.10000000000001
77.5
70.4
97.9
81.10000000000001
87.0
72.10000000000001
114.5
140.5
93.9
100.80000000000001
80.7
139.20000000000002
62.800000000000004
53.6
93.4
88.30000000000001
90.5
68.4
93.9
76.80000000000001
93.60000000000001
54.400000000000006
78.5
88.7
88.5
71.60000000000001
130.6
100.10000000000001
139.4
69.7
92.9
75.4
81.5
64.7
118.30000000000001
72.4
100.60000000000001
71.5
90.60000000000001
103.2
56.6
127.10000000000001
177.4
49.7
119.30000000000001
105.10000000000001
80.0
102.0
112.5
84.30000000000001
104.9
66.9
67.10000000000001
113.5
76.7
77.10000000000001
172.60000000000002
56.5
71.0
68.7
179.5
61.900000000000006
78.0
79.0
108.60000000000001
101.7
76.3
115.10000000000001
85.10000000000001
60.400000000000006
71.7
97.9
83.10000000000001
112.30000000000001
80.80000000000001
81.2
80.4
107.30000000000001
108.0
70.9
49.1
119.30000000000001
62.800000000000004
79.80000000000001
89.30000000000001
68.2
113.30000000000001
90.60000000000001
78.10000000000001
71.2
59.2
87.9
90.4
70.0
63.800000000000004
59.400000000000006
84.30000000000001
122.0
76.2
78.5
135.20000000000002
87.7
69.0
64.9
120.80000000000001
103.9
56.1
67.2
80.7
62.2
63.900000000000006
40.400000000000006
86.2
73.2
74.0
100.0
59.800000000000004
80.2
69.7
90.10000000000001
79.7
74.3
86.5
152.5
97.60000000000001
68.2
92.4
70.3
57.300000000000004
63.5
87.9
92.80000000000001
94.0
96.60000000000001
71.10000000000001
102.7
95.5
57.300000000000004
85.2
94.10000000000001
75.3
69.10000000000001
77.2
59.6
115.9
52.2
86.30000000000001
118.4
106.9
89.4
107.9
88.60000000000001
105.0
82.60000000000001
94.80000000000001
49.6
93.60000000000001
52.400000000000006
81.0
73.5
111.60000000000001
45.7
76.7
136.1
58.300000000000004
113.80000000000001
76.80000000000001
53.800000000000004
80.2
108.80000000000001
85.80000000000001
213.10000000000002
68.9
60.7
88.7
131.0
49.0
114.9
67.4
134.8
83.0
80.30000000000001
88.10000000000001
56.900000000000006
95.2
79.0
80.0
98.80000000000001
100.9
57.2
125.0
114.30000000000001
73.60000000000001
55.900000000000006
60.5
76.60000000000001
87.60000000000001
99.10000000000001
106.9
160.70000000000002
72.10000000000001
69.10000000000001
77.30000000000001
83.10000000000001
60.800000000000004
104.30000000000001
67.60000000000001
95.5
83.2
77.80000000000001
97.60000000000001
62.900000000000006
84.5
108.10000000000001
123.2
83.9
99.60000000000001
112.30000000000001
63.400000000000006
46.2
88.10000000000001
104.4
73.5
68.5
71.60000000000001
81.80000000000001
62.0
101.7
129.3
67.60000000000001
73.9
83.2
114.80000000000001
85.7
59.1
126.7
64.2
62.6
96.9
72.60000000000001
74.8
87.2
92.60000000000001
70.8
86.5
86.30000000000001
96.5
148.0
88.2
88.60000000000001
62.5
62.0
76.7
117.0
144.70000000000002
80.0
91.30000000000001
72.9
87.5
60.0
83.5
80.10000000000001
104.60000000000001
123.80000000000001
74.7
95.9
68.9
89.9
106.4
55.0
74.8
89.5
88.4
76.7
58.1
51.0
115.2
84.0
59.0
57.300000000000004
67.0
96.0
75.0
66.3
101.30000000000001
73.2
93.60000000000001
78.80000000000001
53.6
69.10000000000001
126.9
105.0
53.7
88.2
103.5
97.80000000000001
94.4
100.4
59.7
85.2
98.30000000000001
76.9
98.2
64.10000000000001
99.7
112.0
66.60000000000001
129.70000000000002
73.5
119.60000000000001
94.60000000000001
106.30000000000001
56.900000000000006
92.80000000000001
78.4
70.5
95.0
47.1
72.5
98.30000000000001
61.900000000000006
72.9
82.80000000000001
69.4
81.5
66.60000000000001
92.7
89.30000000000001
56.7
97.30000000000001
61.400000000000006
71.4
98.2
42.800000000000004
117.5
60.1
75.4
76.10000000000001
116.10000000000001
95.60000000000001
67.3
108.7
67.2
78.4
81.9
59.2
110.0
151.9
158.5
110.7
65.10000000000001
85.0
51.300000000000004
73.60000000000001
74.5
101.9
57.900000000000006
86.7
104.60000000000001
100.80000000000001
101.5
111.7
110.9
117.4
66.5
54.2
114.60000000000001
82.30000000000001
134.6
70.3
87.7
139.20000000000002
69.60000000000001
90.80000000000001
120.5
54.5
104.7
109.9
65.9
111.60000000000001
105.9
54.1
69.5
102.2
59.900000000000006
94.10000000000001
54.6
68.60000000000001
78.2
67.60000000000001
75.60000000000001
96.30000000000001
60.5
80.10000000000001
92.5
146.3
64.7
64.4
94.7
57.300000000000004
97.0
59.900000000000006
110.60000000000001
47.2
63.6
56.0
55.2
103.30000000000001
77.80000000000001
81.9
134.6
100.2
69.5
79.7
110.10000000000001
85.5
83.9
139.0
85.80000000000001
107.9
101.0
111.9
70.5
152.1
85.5
64.8
74.4
110.60000000000001
41.800000000000004
155.3
72.3
82.2
102.5
58.400000000000006
66.7
115.9
64.60000000000001
74.5
102.2
79.60000000000001
87.10000000000001
79.10000000000001
73.60000000000001
148.9
59.7
80.4
77.30000000000001
70.0
82.80000000000001
87.9
63.1
88.10000000000001
91.60000000000001
72.5
56.900000000000006
63.6
76.60000000000001
116.4
62.900000000000006
81.4
77.4
150.0
111.5
135.3
83.30000000000001
78.5
40.0
54.5
109.0
81.10000000000001
98.9
99.60000000000001
55.0
106.10000000000001
77.60000000000001
78.80000000000001
50.300000000000004
52.6
97.0
100.4
154.3
92.5
105.10000000000001
80.7
90.4
109.30000000000001
75.3
125.80000000000001
117.80000000000001
59.7
109.7
84.9
66.10000000000001
91.80000000000001
96.7
128.70000000000002
63.6
63.300000000000004
44.6
77.30000000000001
85.2
59.0
98.80000000000001
158.60000000000002
64.5
71.2
109.30000000000001
68.7
130.9
106.5
60.400000000000006
76.9
79.7
79.9
79.80000000000001
65.5
83.9
114.5
84.0
63.300000000000004
111.30000000000001
53.0
144.3
83.0
90.2
92.9
119.4
73.0
89.30000000000001
128.9
121.9
77.0
167.4
103.5
76.5
73.9
70.0
57.2
156.70000000000002
71.60000000000001
86.10000000000001
107.4
88.80000000000001
125.7
142.20000000000002
86.60000000000001
97.2
71.9
87.60000000000001
73.0
98.0
82.60000000000001
68.2
92.4
98.5
76.2
125.2
84.30000000000001
71.2
104.60000000000001
109.80000000000001
69.10000000000001
88.2
122.10000000000001
96.60000000000001
119.9
70.10000000000001
117.7
89.7
76.80000000000001
71.8
106.4
69.0
86.60000000000001
102.10000000000001
72.9
88.9
65.3
65.5
125.60000000000001
99.7
61.900000000000006
63.2
122.2
103.4
74.7
68.4
67.60000000000001
58.1
55.1
76.5
101.4
85.4
113.10000000000001
68.0
80.5
82.10000000000001
75.9
134.5
115.9
78.4
96.30000000000001
62.5
110.9
54.400000000000006
50.900000000000006
89.9
94.10000000000001
63.900000000000006
87.9
79.10000000000001
76.9
71.60000000000001
83.4
54.0
93.4
118.4
122.7
85.60000000000001
51.1
74.3
64.8
82.9
74.60000000000001
63.1
75.60000000000001
97.2
59.0
55.0
89.4
89.9
66.5
161.3
107.60000000000001
103.7
83.30000000000001
90.7
48.6
77.2
77.7
63.0
108.10000000000001
92.2
49.400000000000006
84.5
114.7
114.0
77.10000000000001
108.30000000000001
87.4
70.2
100.9
62.1
47.6
106.5
64.0
55.0
87.60000000000001
83.5
65.7
101.30000000000001
66.2
97.30000000000001
122.30000000000001
101.30000000000001
81.30000000000001
142.5
90.60000000000001
112.80000000000001
73.0
146.5
113.4
77.5
61.900000000000006
58.0
121.4
62.1
63.5
54.900000000000006
125.10000000000001
80.0
64.60000000000001
57.800000000000004
71.9
103.0
54.900000000000006
101.0
47.1
101.4
138.3
64.2
67.10000000000001
119.2
57.900000000000006
71.0
98.7
75.0
88.30000000000001
84.30000000000001
52.2
69.0
77.80000000000001
65.3
66.0
82.30000000000001
86.4
98.5
99.10000000000001
90.5
73.3
70.8
90.10000000000001
144.6
74.7
61.5
69.60000000000001
79.60000000000001
116.0
106.0
97.0
100.80000000000001
123.5
86.10000000000001
56.0
51.300000000000004
81.0
136.0
105.60000000000001
83.7
67.10000000000001
127.5
104.5
74.2
75.10000000000001
98.4
98.4
79.80000000000001
74.9
60.7
60.6
62.1
119.4
95.10000000000001
66.8
142.0
87.2
65.8
102.5
61.400000000000006
70.4
110.0
78.60000000000001
62.400000000000006
100.10000000000001
75.4
66.3
82.7
59.900000000000006
113.7
125.30000000000001
80.2
88.10000000000001
94.60000000000001
64.60000000000001
91.0
86.0
71.5
120.5
60.1
90.7
78.30000000000001
67.7
96.80000000000001
131.20000000000002
76.7
115.80000000000001
85.60000000000001
75.4
88.0
74.60000000000001
129.3
90.60000000000001
72.9
107.30000000000001
62.800000000000004
66.4
54.5
65.5
55.6
86.60000000000001
65.5
83.9
104.0
110.5
94.7
74.10000000000001
49.900000000000006
63.5
61.2
108.60000000000001
86.5
186.5
66.0
100.4
62.1
75.5
78.60000000000001
91.0
104.30000000000001
102.0
70.5
58.7
157.0
147.6
99.30000000000001
112.7
71.9
63.1
54.6
62.6
58.800000000000004
56.800000000000004
100.7
53.1
72.10000000000001
91.2
97.5
68.9
87.30000000000001
64.5
70.8
51.6
41.800000000000004
67.0
75.2
68.60000000000001
62.5
71.8
122.10000000000001
92.60000000000001
66.4
94.80000000000001
59.6
64.8
86.80000000000001
122.4
148.20000000000002
115.7
78.10000000000001
77.0
78.30000000000001
65.4
92.10000000000001
83.4
83.5
93.10000000000001
136.9
126.2
57.900000000000006
83.30000000000001
52.0
99.10000000000001
136.0
97.2
132.8
70.2
63.1
66.5
103.30000000000001
108.9
98.7
63.900000000000006
132.6
88.2
100.7
69.0
71.3
122.9
62.2
87.9
125.0
55.7
101.2
72.60000000000001
77.0
53.0
100.2
94.0
122.4
59.900000000000006
58.400000000000006
121.80000000000001
65.9
106.2
44.300000000000004
118.60000000000001
85.4
95.60000000000001
63.5
110.4
88.10000000000001
123.60000000000001
53.5
92.0
96.0
90.10000000000001
137.3
67.7
68.60000000000001
63.0
88.60000000000001
91.0
97.4
98.9
109.4
46.6
64.7
99.0
103.7
79.0
68.2
108.2
102.60000000000001
99.60000000000001
139.8
117.2
51.6
65.8
67.9
75.4
153.8
115.0
79.5
77.7
89.7
81.30000000000001
86.5
44.5
60.2
87.4
49.900000000000006
72.5
99.9
143.0
94.9
79.4
91.80000000000001
71.7
99.5
83.30000000000001
81.4
74.8
69.10000000000001
99.30000000000001
77.9
85.9
82.60000000000001
47.300000000000004
113.60000000000001
88.4
121.9
89.10000000000001
85.4
84.9
59.6
59.400000000000006
70.60000000000001
92.60000000000001
103.30000000000001
103.7
157.0
95.2
124.5
57.2
125.10000000000001
90.4
109.30000000000001
96.80000000000001
84.9
114.60000000000001
62.5
72.9
72.8
51.900000000000006
129.70000000000002
56.7
97.7
126.9
84.5
98.0
92.0
72.7
85.4
92.80000000000001
85.10000000000001
97.7
83.80000000000001
136.0
88.9
82.30000000000001
82.30000000000001
106.5
71.7
112.10000000000001
71.10000000000001
90.7
90.60000000000001
84.30000000000001
78.4
50.800000000000004
102.0
70.8
154.5
155.5
79.4
86.0
76.2
63.900000000000006
69.3
68.4
123.80000000000001
104.7
60.7
71.0
111.30000000000001
85.30000000000001
130.20000000000002
103.30000000000001
73.10000000000001
76.7
130.3
77.80000000000001
100.7
86.5
80.30000000000001
82.30000000000001
66.8
98.4
191.70000000000002
74.3
94.80000000000001
72.0
76.5
58.900000000000006
99.60000000000001
120.5
106.10000000000001
83.80000000000001
56.400000000000006
84.30000000000001
58.900000000000006
91.2
170.70000000000002
69.5
78.4
47.300000000000004
65.60000000000001
92.7
171.20000000000002
93.0
69.2
107.60000000000001
56.900000000000006
93.60000000000001
181.3
89.60000000000001
98.30000000000001
88.60000000000001
114.30000000000001
99.80000000000001
82.0
104.30000000000001
69.8
72.3
94.7
110.7
90.10000000000001
69.0
120.7
113.60000000000001
74.8
87.60000000000001
114.9
80.60000000000001
79.0
97.60000000000001
98.4
49.900000000000006
106.10000000000001
92.0
132.3
114.0
89.4
117.0
108.5
113.2
73.8
82.0
84.4
104.60000000000001
180.4
100.60000000000001
83.30000000000001
73.5
95.30000000000001
130.6
71.10000000000001
74.2
85.60000000000001
69.3
71.3
62.400000000000006
87.60000000000001
67.2
81.10000000000001
80.80000000000001
117.0
84.9
82.5
67.8
121.10000000000001
56.900000000000006
62.0
80.30000000000001
66.3
119.80000000000001
58.2
70.5
58.1
51.900000000000006
91.80000000000001
66.8
65.2
108.2
96.5
93.5
68.4
87.4
98.9
105.0
126.0
97.10000000000001
81.9
65.5
60.0
114.2
90.0
68.5
90.9
64.3
58.900000000000006
81.80000000000001
90.5
103.2
50.7
123.9
71.4
75.7
88.2
98.10000000000001
117.80000000000001
67.8
66.8
52.900000000000006
52.1
89.30000000000001
101.2
55.0
100.60000000000001
110.10000000000001
51.300000000000004
109.30000000000001
97.30000000000001
53.1
87.4
112.30000000000001
123.10000000000001
91.2
78.80000000000001
79.4
90.7
66.9
73.10000000000001
87.4
92.0
54.5
102.60000000000001
90.4
54.7
107.7
94.80000000000001
125.7
149.8
112.4
87.5
91.2
94.7
115.5
65.3
128.1
65.60000000000001
59.2
72.3
82.9
68.4
64.0
82.5
99.7
94.10000000000001
55.0
115.80000000000001
63.6
56.7
103.5
102.0
159.5
71.9
44.5
138.1
62.1
82.9
53.300000000000004
148.9
79.5
99.2
97.10000000000001
101.9
109.60000000000001
121.0
94.80000000000001
69.3
86.10000000000001
102.60000000000001
89.9
72.9
67.3
56.6
106.4
118.0
52.0
93.10000000000001
71.10000000000001
67.2
100.10000000000001
111.2
90.80000000000001
97.60000000000001
106.9
76.3
118.60000000000001
70.10000000000001
66.7
106.4
156.0
53.5
84.0
71.5
90.10000000000001
70.3
79.7
74.3
107.2
83.0
91.4
105.80000000000001
89.0
112.80000000000001
61.1
55.400000000000006
73.5
162.8
169.60000000000002
58.0
105.80000000000001
47.0
63.5
123.60000000000001
71.60000000000001
93.4
61.1
93.5
79.80000000000001
95.80000000000001
134.1
55.300000000000004
71.60000000000001
69.60000000000001
59.6
80.4
109.4
63.900000000000006
108.7
80.4
100.7
108.9
118.7
58.6
106.9
101.10000000000001
130.70000000000002
67.9
78.7
142.0
114.0
80.80000000000001
61.7
41.900000000000006
82.4
85.5
65.9
94.2
138.4
103.60000000000001
68.2
53.2
117.80000000000001
73.7
62.0
97.80000000000001
70.3
110.5
106.60000000000001
87.9
60.5
72.7
55.6
149.1
140.9
118.0
88.30000000000001
53.7
93.7
65.60000000000001
91.0
62.400000000000006
54.300000000000004
119.10000000000001
63.800000000000004
77.2
92.60000000000001
95.80000000000001
75.10000000000001
85.10000000000001
101.5
61.1
86.4
78.60000000000001
68.3
73.3
101.30000000000001
73.60000000000001
130.70000000000002
77.9
134.6
52.300000000000004
58.300000000000004
131.1
83.4
62.5
64.3
90.0
67.5
88.60000000000001
59.5
101.4
81.30000000000001
90.60000000000001
69.8
86.2
117.7
79.30000000000001
141.8
102.4
93.0
74.60000000000001
46.2
122.10000000000001
89.10000000000001
72.4
117.10000000000001
56.1
77.9
86.4
116.10000000000001
112.30000000000001
53.6
101.10000000000001
85.2
136.8
70.7
66.8
89.7
70.9
103.30000000000001
118.4
88.30000000000001
92.9
66.9
94.9
102.30000000000001
62.1
103.0
67.4
73.3
99.7
89.9
78.0
100.7
66.5
75.4
57.7
73.2
68.5
57.400000000000006
88.4
83.7
55.0
105.2
139.70000000000002
63.800000000000004
60.900000000000006
63.1
70.0
55.7
119.4
54.5
76.5
108.80000000000001
103.7
133.1
71.10000000000001
83.80000000000001
105.60000000000001
54.5
73.2
54.900000000000006
120.2
86.30000000000001
94.80000000000001
82.9
94.60000000000001
70.7
100.2
89.5
71.0
69.4
105.9
124.60000000000001
118.9
75.8
156.8
69.60000000000001
89.7
93.0
64.9
107.5
86.80000000000001
92.30000000000001
94.80000000000001
140.0
105.9
87.30000000000001
111.0
111.30000000000001
82.30000000000001
116.2
109.30000000000001
62.1
76.60000000000001
70.7
58.0
87.30000000000001
83.0
116.7
112.9
83.9
107.9
77.5
68.5
97.7
82.7
131.5
100.4
114.0
117.9
60.0
99.30000000000001
132.0
72.10000000000001
72.0
135.70000000000002
59.400000000000006
159.8
134.8
111.60000000000001
124.10000000000001
99.2
61.800000000000004
74.2
96.5
105.2
111.9
89.5
94.4
177.60000000000002
88.9
85.0
94.2
80.10000000000001
51.400000000000006
92.0
95.10000000000001
60.1
43.400000000000006
65.0
66.8
108.0
83.2
63.2
93.80000000000001
62.900000000000006
125.80000000000001
75.0
105.0
104.30000000000001
79.5
121.0
90.0
60.300000000000004
69.4
53.7
106.2
88.2
68.60000000000001
101.0
64.7
60.5
66.3
94.80000000000001
90.60000000000001
119.7
85.4
93.4
98.30000000000001
115.7
150.0
59.900000000000006
91.4
75.10000000000001
92.30000000000001
65.4
136.9
81.30000000000001
82.2
78.60000000000001
84.80000000000001
92.10000000000001
98.80000000000001
89.0
93.30000000000001
99.5
61.2
86.5
49.1
75.0
87.5
101.4
95.80000000000001
76.60000000000001
60.900000000000006
57.800000000000004
88.10000000000001
62.900000000000006
64.7
91.10000000000001
47.900000000000006
103.10000000000001
73.2
77.80000000000001
94.30000000000001
97.2
110.5
142.0
75.3
77.60000000000001
99.5
96.60000000000001
60.2
104.60000000000001
61.5
115.7
89.4
64.9
91.0
123.0
67.4
82.4
84.0
90.2
53.400000000000006
85.2
89.7
70.0
34.1
113.80000000000001
84.30000000000001
84.80000000000001
91.5
72.8
97.7
90.0
78.5
73.7
81.30000000000001
74.2
63.800000000000004
68.5
76.10000000000001
89.9
102.80000000000001
86.2
78.0
96.4
97.9
67.5
75.0
52.5
73.10000000000001
110.4
92.0
100.10000000000001
80.80000000000001
73.3
55.1
119.5
82.10000000000001
97.4
153.4
119.2
99.60000000000001
124.30000000000001
59.5
85.0
124.60000000000001
65.3
86.4
76.9
56.900000000000006
174.10000000000002
92.80000000000001
70.7
136.70000000000002
59.300000000000004
127.60000000000001
83.10000000000001
75.60000000000001
67.60000000000001
102.5
51.6
98.0
154.10000000000002
92.9
88.5
54.800000000000004
94.60000000000001
50.0
109.4
48.900000000000006
79.30000000000001
70.3
96.10000000000001
81.7
91.2
79.60000000000001
85.10000000000001
53.0
100.5
83.5
98.30000000000001
71.2
76.10000000000001
84.4
98.30000000000001
61.2
66.10000000000001
67.4
84.4
60.1
72.4
76.80000000000001
80.9
113.0
47.800000000000004
82.60000000000001
61.300000000000004
90.0
81.0
100.30000000000001
70.60000000000001
113.2
78.10000000000001
76.60000000000001
83.7
64.2
57.0
63.7
78.30000000000001
55.300000000000004
136.0
64.4
72.7
74.9
100.0
54.6
48.400000000000006
117.2
82.2
53.300000000000004
89.80000000000001
70.5
90.2
73.9
88.80000000000001
70.60000000000001
87.80000000000001
61.900000000000006
96.30000000000001
67.60000000000001
104.80000000000001
77.2
106.0
78.2
74.9
85.10000000000001
123.80000000000001
110.30000000000001
82.4
73.7
83.7
75.4
95.7
105.5
83.7
55.6
76.80000000000001
119.30000000000001
80.2
67.5
54.5
69.0
80.2
71.5
61.2
56.7
64.2
68.4
53.300000000000004
87.5
134.6
52.7
69.3
96.2
122.9
108.4
68.8
107.4
58.300000000000004
141.5
117.4
85.9
109.30000000000001
65.0
77.10000000000001
133.70000000000002
106.30000000000001
92.7
82.30000000000001
71.60000000000001
61.1
105.10000000000001
81.7
60.7
62.2
53.400000000000006
119.30000000000001
71.3
72.8
69.0
63.800000000000004
53.2
68.9
99.4
55.800000000000004
85.60000000000001
89.5
63.800000000000004
103.30000000000001
77.30000000000001
74.10000000000001
95.4
80.60000000000001
42.7
77.10000000000001
95.60000000000001
96.60000000000001
151.20000000000002
88.4
70.2
63.2
124.60000000000001
74.5
88.10000000000001
152.3
95.2
62.7
93.60000000000001
78.30000000000001
100.7
80.2
66.0
55.900000000000006
135.8
87.2
58.1
80.80000000000001
110.2
104.5
82.5
80.60000000000001
68.5
76.60000000000001
55.400000000000006
89.5
64.4
109.0
104.5
84.60000000000001
84.0
88.80000000000001
94.9
137.9
60.400000000000006
97.2
106.0
110.60000000000001
75.4
121.7
57.6
72.7
99.2
100.80000000000001
95.5
103.4
73.4
82.80000000000001
78.30000000000001
171.20000000000002
93.9
103.2
77.30000000000001
105.60000000000001
76.4
59.5
76.9
53.900000000000006
146.8
67.5
122.10000000000001
71.8
60.7
73.7
137.5
83.5
81.2
102.30000000000001
97.0
82.5
103.60000000000001
68.5
151.1
84.10000000000001
94.4
81.60000000000001
56.2
54.0
88.30000000000001
87.60000000000001
61.900000000000006
88.0
65.60000000000001
65.4
90.0
83.0
85.60000000000001
79.4
105.5
87.4
103.5
111.4
86.80000000000001
76.9
95.4
109.10000000000001
64.0
80.80000000000001
49.5
69.2
70.2
70.3
86.0
111.60000000000001
79.30000000000001
127.0
78.7
101.80000000000001
85.9
66.0
64.4
101.7
70.2
83.0
54.300000000000004
61.400000000000006
64.2
97.5
97.9
59.6
94.30000000000001
68.3
131.8
57.1
92.0
94.7
84.60000000000001
144.9
46.300000000000004
64.9
90.9
66.7
111.4
133.9
78.2
105.0
64.5
96.9
116.2
81.5
68.2
83.60000000000001
58.1
77.10000000000001
112.10000000000001
60.400000000000006
46.7
80.7
93.10000000000001
64.10000000000001
75.9
94.60000000000001
80.2
69.4
86.30000000000001
64.7
77.60000000000001
68.60000000000001
80.0
47.6
128.6
96.10000000000001
85.4
67.60000000000001
76.7
134.4
108.80000000000001
60.5
73.5
102.0
80.4
94.0
85.80000000000001
89.7
86.30000000000001
69.3
60.7
60.2
105.80000000000001
85.4
54.1
153.70000000000002
54.1
102.9
126.4
95.9
99.5
69.0
84.80000000000001
141.9
50.0
53.2
36.7
74.0
119.4
95.5
73.3
69.3
71.9
111.2
115.30000000000001
126.30000000000001
57.7
56.1
65.60000000000001
114.2
101.7
100.5
72.2
88.2
51.900000000000006
88.4
124.2
75.0
70.3
105.80000000000001
101.2
73.5
114.10000000000001
77.10000000000001
78.4
109.80000000000001
43.300000000000004
99.10000000000001
120.9
67.10000000000001
62.1
79.30000000000001
65.9
119.5
101.9
53.1
75.4
87.80000000000001
50.0
81.4
87.9
68.60000000000001
99.60000000000001
101.7
83.7
67.10000000000001
77.80000000000001
112.5
61.0
69.2
112.2
97.10000000000001
74.7
35.0
83.10000000000001
76.3
99.4
77.10000000000001
140.4
84.4
95.30000000000001
89.30000000000001
64.10000000000001
56.800000000000004
73.3
95.80000000000001
59.900000000000006
85.7
94.2
143.0
71.4
64.4
75.9
70.9
90.5
86.2
83.5
76.80000000000001
52.7
73.8
60.400000000000006
86.4
82.10000000000001
121.7
48.400000000000006
66.3
74.3
82.80000000000001
67.3
64.5
155.5
101.80000000000001
97.10000000000001
119.0
88.80000000000001
194.3
67.7
79.60000000000001
90.10000000000001
93.10000000000001
67.8
110.5
104.5
100.30000000000001
126.0
111.0
86.4
89.7
74.5
65.0
126.10000000000001
66.10000000000001
99.9
69.2
94.80000000000001
83.2
62.900000000000006
136.4
52.900000000000006
132.8
57.1
91.2
74.3
63.400000000000006
101.80000000000001
83.0
145.8
84.5
87.7
68.0
112.60000000000001
95.7
76.7
66.10000000000001
42.2
106.60000000000001
87.7
111.2
83.0
57.2
102.7
113.10000000000001
83.10000000000001
43.7
75.60000000000001
51.7
63.2
60.6
81.4
83.30000000000001
83.80000000000001
92.2
117.30000000000001
56.400000000000006
85.80000000000001
68.5
124.10000000000001
126.60000000000001
99.2
97.7
79.5
69.0
47.900000000000006
71.0
105.5
99.4
97.10000000000001
94.5
74.0
49.400000000000006
108.2
86.10000000000001
92.5
87.30000000000001
54.300000000000004
118.4
79.10000000000001
91.10000000000001
94.0
98.5
72.0
111.5
78.10000000000001
72.5
83.80000000000001
118.60000000000001
113.4
124.7
106.30000000000001
122.80000000000001
86.60000000000001
91.80000000000001
113.4
46.800000000000004
77.30000000000001
134.5
92.9
82.7
68.3
65.4
96.0
105.4
72.0
133.4
59.900000000000006
67.0
65.8
91.5
97.0
80.30000000000001
80.9
85.80000000000001
69.5
93.80000000000001
121.80000000000001
116.60000000000001
105.10000000000001
75.2
100.2
74.9
104.4
58.900000000000006
110.2
88.4
74.0
85.10000000000001
87.7
153.70000000000002
97.5
66.5
73.2
89.2
40.1
134.3
90.2
80.0
61.400000000000006
126.60000000000001
63.300000000000004
59.2
98.80000000000001
107.9
121.10000000000001
131.6
123.0
45.800000000000004
151.3
130.70000000000002
131.5
111.30000000000001
58.300000000000004
107.2
99.30000000000001
64.0
92.9
53.800000000000004
101.5
118.30000000000001
135.0
114.2
53.7
70.10000000000001
88.60000000000001
55.800000000000004
128.3
107.5
66.8
68.9
84.9
105.5
83.0
149.70000000000002
68.4
68.10000000000001
88.5
111.7
110.5
96.9
63.0
112.2
91.4
129.8
117.5
86.0
88.9
119.10000000000001
72.9
78.80000000000001
68.8
68.4
73.0
115.60000000000001
145.9
110.4
95.9
72.10000000000001
49.800000000000004
92.80000000000001
62.2
109.4
107.60000000000001
75.7
89.30000000000001
66.0
66.9
141.3
104.4
46.300000000000004
73.8
100.0
83.4
111.80000000000001
83.10000000000001
84.30000000000001
87.0
92.5
59.5
67.4
115.60000000000001
163.0
71.10000000000001
75.10000000000001
60.5
74.7
85.0
84.5
87.7
75.10000000000001
101.80000000000001
92.7
76.5
87.9
66.8
87.80000000000001
66.7
77.30000000000001
93.2
53.400000000000006
121.5
111.0
88.2
84.7
138.6
91.2
66.60000000000001
85.9
109.10000000000001
57.1
116.0
52.2
88.9
60.5
74.0
97.0
76.3
72.10000000000001
45.400000000000006
68.60000000000001
65.3
76.9
114.4
84.7
68.10000000000001
102.30000000000001
115.7
82.9
77.10000000000001
85.5
87.5
77.2
160.5
73.10000000000001
69.7
68.2
111.9
109.30000000000001
136.6
69.2
91.0
73.9
68.7
67.9
105.9
79.7
52.400000000000006
33.9
129.9
99.0
61.2
79.4
61.900000000000006
121.4
75.9
77.80000000000001
79.80000000000001
60.2
60.5
64.3
77.9
67.60000000000001
87.5
55.5
82.9
75.5
118.60000000000001
92.10000000000001
55.1
97.60000000000001
49.800000000000004
77.2
92.60000000000001
97.2
79.0
92.30000000000001
89.4
74.2
83.30000000000001
68.2
111.7
37.5
132.4
96.2
90.30000000000001
149.1
68.10000000000001
77.60000000000001
85.10000000000001
55.1
98.10000000000001
71.5
94.0
72.7
85.4
111.7
86.4
141.9
108.9
85.5
60.400000000000006
103.2
144.6
73.4
104.80000000000001
76.7
90.7
61.7
97.0
107.7
91.2
72.4
131.9
76.4
93.7
74.9
140.6
115.5
69.0
88.7
109.10000000000001
73.3
126.60000000000001
97.5
70.60000000000001
67.7
75.2
61.300000000000004
90.80000000000001
72.7
81.80000000000001
129.1
60.1
111.7
76.2
66.7
103.9
90.4
112.5
98.4
64.3
84.5
56.900000000000006
112.0
101.4
123.60000000000001
67.60000000000001
62.2
112.80000000000001
86.5
127.30000000000001
121.30000000000001
78.0
103.5
157.9
94.2
123.4
97.5
97.60000000000001
83.80000000000001
85.2
112.60000000000001
74.0
74.8
49.900000000000006
85.7
86.80000000000001
95.30000000000001
115.2
99.60000000000001
80.7
101.10000000000001
137.6
91.7
129.3
64.2
113.0
80.80000000000001
139.20000000000002
125.9
94.9
67.5
66.60000000000001
65.4
74.8
57.5
62.1
47.1
114.2
62.7
97.80000000000001
62.0
117.5
72.10000000000001
119.2
66.10000000000001
81.80000000000001
76.4
61.300000000000004
126.5
59.5
50.900000000000006
134.70000000000002
127.9
89.9
120.2
59.6
89.7
60.1
73.0
81.4
69.2
43.0
85.5
76.5
89.0
114.9
107.4
71.60000000000001
67.0
82.30000000000001
70.8
45.2
67.3
69.4
66.2
50.800000000000004
113.30000000000001
65.8
109.80000000000001
55.900000000000006
63.0
48.2
62.6
84.0
107.5
112.7
74.7
109.60000000000001
75.8
57.300000000000004
91.60000000000001
74.5
105.5
59.6
86.9
95.7
85.10000000000001
83.9
82.5
67.2
78.4
54.800000000000004
159.9
111.80000000000001
66.0
87.4
97.0
116.60000000000001
60.900000000000006
63.400000000000006
62.400000000000006
51.800000000000004
78.60000000000001
67.4
88.5
97.5
85.10000000000001
73.8
83.80000000000001
66.10000000000001
70.3
81.30000000000001
108.4
82.2
100.7
101.10000000000001
160.4
92.30000000000001
110.9
77.80000000000001
64.8
77.30000000000001
107.80000000000001
79.0
50.900000000000006
103.2
51.2
85.80000000000001
95.4
77.10000000000001
59.800000000000004
79.30000000000001
75.7
96.10000000000001
94.60000000000001
107.2
95.2
73.2
43.0
91.0
68.4
101.80000000000001
76.2
96.5
112.80000000000001
90.7
59.5
97.9
77.7
60.5
100.60000000000001
113.30000000000001
64.7
106.5
109.9
121.2
103.60000000000001
88.30000000000001
51.0
78.9
98.7
103.80000000000001
57.5
87.30000000000001
65.5
78.2
57.7
61.5
117.5
74.9
86.10000000000001
67.4
110.4
90.30000000000001
55.2
128.70000000000002
84.2
73.4
104.10000000000001
111.5
72.60000000000001
95.0
140.70000000000002
66.9
82.4
56.7
83.7
87.10000000000001
67.0
104.30000000000001
79.0
87.30000000000001
83.80000000000001
86.60000000000001
109.4
73.0
76.60000000000001
102.7
98.80000000000001
99.7
127.10000000000001
98.10000000000001
86.10000000000001
95.10000000000001
63.300000000000004
85.5
118.7
85.30000000000001
86.30000000000001
65.3
70.8
81.80000000000001
110.5
149.3
88.80000000000001
96.10000000000001
52.300000000000004
105.10000000000001
68.60000000000001
104.5
65.8
72.0
81.80000000000001
90.4
92.60000000000001
92.30000000000001
94.60000000000001
75.5
74.2
92.10000000000001
89.80000000000001
46.800000000000004
86.80000000000001
61.7
71.60000000000001
89.4
74.60000000000001
126.5
88.0
51.800000000000004
101.60000000000001
79.4
78.0
75.4
73.3
78.0
75.10000000000001
98.0
71.0
94.7
71.10000000000001
63.7
70.10000000000001
84.2
65.7
45.1
53.400000000000006
64.60000000000001
75.10000000000001
76.3
76.60000000000001
60.7
114.2
56.0
91.60000000000001
77.60000000000001
78.60000000000001
78.4
144.70000000000002
75.7
91.10000000000001
88.4
71.60000000000001
87.4
96.9
82.4
92.80000000000001
92.80000000000001
109.30000000000001
135.20000000000002
82.0
70.10000000000001
109.80000000000001
99.30000000000001
201.4
53.300000000000004
134.9
101.30000000000001
69.8
81.5
130.4
73.60000000000001
88.0
78.60000000000001
47.2
118.60000000000001
89.30000000000001
92.7
84.10000000000001
80.9
45.7
103.7
75.0
41.6
64.8
68.4
113.10000000000001
45.800000000000004
78.80000000000001
83.30000000000001
82.10000000000001
87.30000000000001
67.8
110.80000000000001
96.9
52.300000000000004
82.4
65.4
132.6
65.10000000000001
87.10000000000001
90.7
68.60000000000001
61.800000000000004
47.900000000000006
60.7
59.800000000000004
117.0
76.7
99.4
121.10000000000001
88.10000000000001
87.7
67.8
90.4
103.9
104.10000000000001
93.5
72.3
112.30000000000001
94.0
82.2
57.0
78.9
105.0
115.10000000000001
117.7
85.5
90.30000000000001
70.7
52.1
62.0
79.0
106.80000000000001
70.8
116.9
90.80000000000001
98.60000000000001
131.1
100.2
61.800000000000004
163.8
60.1
70.2
94.5
55.7
69.0
114.10000000000001
80.80000000000001
111.10000000000001
88.9
61.7
107.30000000000001
91.9
48.300000000000004
73.0
110.30000000000001
146.6
120.30000000000001
77.4
74.4
79.80000000000001
93.5
55.300000000000004
94.2
83.30000000000001
44.2
154.60000000000002
75.9
98.5
79.5
87.30000000000001
54.2
80.80000000000001
63.800000000000004
88.9
111.30000000000001
69.0
52.7
88.4
69.5
58.1
78.9
101.0
92.4
69.3
59.2
79.30000000000001
81.30000000000001
72.10000000000001
76.0
64.2
85.7
114.80000000000001
109.7
49.2
69.10000000000001
81.80000000000001
82.0
61.1
99.60000000000001
92.0
86.10000000000001
59.300000000000004
56.0
93.60000000000001
76.4
95.2
88.9
57.800000000000004
56.1
124.5
104.60000000000001
123.30000000000001
144.5
85.9
53.7
73.4
97.2
129.8
103.0
57.400000000000006
72.8
62.300000000000004
48.7
48.2
61.5
90.10000000000001
104.0
108.2
73.60000000000001
69.2
78.0
126.30000000000001
55.5
92.10000000000001
56.6
93.30000000000001
166.8
78.0
98.10000000000001
48.800000000000004
54.900000000000006
84.9
97.9
80.0
153.0
89.5
109.7
65.2
40.900000000000006
58.300000000000004
69.2
71.4
94.30000000000001
88.80000000000001
89.10000000000001
85.7
71.9
76.7
101.9
60.2
81.30000000000001
108.80000000000001
86.4
82.60000000000001
82.60000000000001
100.2
70.9
96.80000000000001
78.7
60.1
66.4
132.20000000000002
83.9
106.4
116.7
62.300000000000004
142.8
103.5
98.9
191.8
54.7
70.8
198.4
91.0
85.7
98.0
73.4
106.2
143.6
98.60000000000001
69.0
104.7
56.800000000000004
72.0
118.4
77.7
68.60000000000001
118.4
78.60000000000001
135.3
74.9
130.70000000000002
94.30000000000001
127.5
54.300000000000004
100.2
54.800000000000004
94.4
80.2
69.5
66.4
57.0
85.9
86.10000000000001
75.2
82.0
92.80000000000001
72.5
69.9
124.4
79.4
53.7
79.0
51.1
63.900000000000006
61.6
62.800000000000004
79.2
161.20000000000002
107.5
125.60000000000001
96.30000000000001
74.2
88.60000000000001
102.7
73.2
76.7
76.4
119.2
138.0
77.7
62.6
118.10000000000001
98.4
70.60000000000001
92.2
96.4
73.2
102.5
77.30000000000001
127.4
69.7
50.400000000000006
58.6
79.7
95.10000000000001
75.9
76.2
104.5
148.9
76.60000000000001
76.60000000000001
91.60000000000001
54.7
100.9
69.8
88.10000000000001
72.4
60.0
76.3
91.2
90.60000000000001
75.0
114.2
120.10000000000001
78.9
107.80000000000001
67.5
109.30000000000001
72.2
102.2
55.7
78.30000000000001
61.800000000000004
57.2
76.3
91.60000000000001
89.10000000000001
98.80000000000001
85.10000000000001
59.7
88.80000000000001
104.60000000000001
108.60000000000001
114.7
134.1
62.800000000000004
136.5
86.80000000000001
126.10000000000001
75.60000000000001
74.5
59.0
121.9
56.5
43.900000000000006
78.9
150.0
70.60000000000001
59.0
63.6
48.900000000000006
104.2
89.30000000000001
102.4
96.5
157.70000000000002
75.8
64.10000000000001
112.5
72.4
54.900000000000006
112.80000000000001
95.60000000000001
115.60000000000001
95.9
80.80000000000001
60.900000000000006
94.30000000000001
72.2
95.9
76.2
96.80000000000001
150.20000000000002
110.7
117.30000000000001
99.80000000000001
78.30000000000001
79.10000000000001
129.3
63.300000000000004
123.30000000000001
124.60000000000001
100.4
73.60000000000001
72.7
105.7
59.900000000000006
52.6
87.10000000000001
48.7
97.80000000000001
72.4
87.80000000000001
120.80000000000001
80.80000000000001
77.7
71.5
90.60000000000001
72.9
65.0
88.7
69.5
105.10000000000001
64.7
98.7
92.80000000000001
82.30000000000001
57.6
73.60000000000001
121.60000000000001
57.5
87.30000000000001
51.800000000000004
95.5
71.8
85.9
109.5
97.10000000000001
49.300000000000004
74.7
97.0
116.0
89.80000000000001
66.9
76.7
63.300000000000004
95.4
78.30000000000001
104.80000000000001
41.0
82.80000000000001
88.5
122.9
74.5
90.2
139.9
71.8
107.5
114.30000000000001
79.0
68.10000000000001
66.4
86.7
45.0
66.7
60.5
93.30000000000001
99.7
93.30000000000001
91.2
102.9
65.60000000000001
64.7
73.9
96.60000000000001
66.7
64.5
66.10000000000001
93.9
56.5
75.5
100.9
111.2
89.7
62.800000000000004
58.800000000000004
92.30000000000001
116.80000000000001
71.7
67.8
64.5
130.6
72.9
49.5
85.4
122.10000000000001
118.9
65.7
64.60000000000001
60.1
87.10000000000001
97.30000000000001
73.3
70.4
119.2
69.60000000000001
61.900000000000006
80.2
69.10000000000001
114.10000000000001
67.3
96.80000000000001
66.3
72.2
60.1
73.60000000000001
75.4
112.30000000000001
115.10000000000001
81.2
58.5
62.400000000000006
73.5
86.4
56.1
53.0
90.10000000000001
70.10000000000001
91.4
111.2
72.8
98.10000000000001
95.30000000000001
67.10000000000001
106.2
66.9
80.2
106.7
92.4
104.4
131.70000000000002
77.5
78.80000000000001
108.4
62.300000000000004
107.9
63.400000000000006
57.6
65.60000000000001
94.7
64.9
56.400000000000006
86.9
102.0
63.900000000000006
113.7
127.10000000000001
100.10000000000001
78.80000000000001
69.3
78.4
91.9
104.80000000000001
110.4
123.5
56.800000000000004
90.30000000000001
58.7
68.5
78.80000000000001
97.9
69.5
87.7
53.7
98.30000000000001
109.10000000000001
99.30000000000001
67.2
95.5
57.1
94.9
64.7
75.60000000000001
87.9
92.0
52.800000000000004
117.60000000000001
51.0
57.5
77.0
189.70000000000002
143.9
68.60000000000001
74.3
58.1
57.400000000000006
110.2
117.4
94.60000000000001
90.80000000000001
91.5
124.60000000000001
101.5
121.30000000000001
82.5
126.2
98.7
86.10000000000001
91.4
102.0
121.80000000000001
72.4
88.30000000000001
72.7
73.8
98.2
57.5
153.60000000000002
103.80000000000001
96.0
166.20000000000002
73.9
153.5
51.6
135.3
66.0
126.2
87.0
104.10000000000001
84.2
92.4
67.60000000000001
88.10000000000001
83.80000000000001
62.5
97.0
58.5
58.1
98.2
49.400000000000006
74.4
98.9
110.10000000000001
60.900000000000006
73.9
99.7
102.80000000000001
83.4
123.2
68.5
88.7
76.9
90.0
74.10000000000001
55.1
82.5
60.900000000000006
72.3
86.80000000000001
85.2
78.7
118.5
88.60000000000001
112.7
79.30000000000001
135.6
106.60000000000001
104.7
60.7
98.60000000000001
65.5
102.2
42.6
99.0
43.0
52.300000000000004
95.60000000000001
81.30000000000001
96.9
69.60000000000001
76.60000000000001
101.7
79.5
62.6
60.300000000000004
81.5
111.60000000000001
64.4
46.1
74.4
94.80000000000001
65.2
54.900000000000006
46.1
72.4
58.900000000000006
66.10000000000001
170.4
80.2
110.9
73.10000000000001
77.7
60.1
55.2
55.900000000000006
75.8
115.60000000000001
52.400000000000006
103.60000000000001
102.60000000000001
82.60000000000001
75.4
54.400000000000006
65.2
90.10000000000001
72.0
72.4
97.7
70.8
90.4
60.400000000000006
68.8
89.7
74.5
61.7
100.0
99.60000000000001
81.9
69.4
88.60000000000001
71.3
41.5
89.30000000000001
77.30000000000001
69.7
45.6
66.9
129.6
95.0
128.9
104.5
128.20000000000002
87.80000000000001
59.6
59.2
72.4
144.8
69.7
76.4
66.2
116.5
92.0
118.7
123.60000000000001
82.7
120.60000000000001
107.7
85.60000000000001
70.0
83.0
110.4
79.4
82.30000000000001
66.4
146.4
77.5
67.3
108.0
96.60000000000001
114.30000000000001
82.4
100.30000000000001
108.9
60.800000000000004
78.80000000000001
58.6
50.6
61.300000000000004
111.60000000000001
73.5
109.0
105.4
59.400000000000006
186.70000000000002
85.0
99.60000000000001
90.2
67.9
80.4
122.10000000000001
44.7
101.10000000000001
80.7
116.30000000000001
70.60000000000001
111.7
146.8
133.4
82.2
86.30000000000001
57.400000000000006
88.2
119.9
111.7
87.5
55.1
105.2
100.4
71.4
64.7
81.5
94.30000000000001
91.30000000000001
64.4
61.800000000000004
101.10000000000001
100.9
95.80000000000001
71.4
90.5
58.400000000000006
90.4
66.8
70.10000000000001
45.900000000000006
63.6
79.2
117.4
89.4
86.30000000000001
99.10000000000001
98.5
104.9
84.4
90.0
94.80000000000001
95.5
65.3
92.7
68.3
87.80000000000001
86.2
62.2
86.30000000000001
55.800000000000004
89.2
66.2
63.300000000000004
131.20000000000002
88.0
131.20000000000002
93.9
87.4
72.10000000000001
92.30000000000001
73.7
71.0
84.60000000000001
61.300000000000004
69.3
105.2
106.30000000000001
68.3
91.0
71.9
90.2
116.10000000000001
93.4
80.5
67.3
107.60000000000001
145.6
103.0
56.900000000000006
85.30000000000001
75.9
95.80000000000001
142.4
67.2
76.3
106.9
47.300000000000004
115.4
85.2
114.60000000000001
60.0
67.10000000000001
99.4
94.9
93.60000000000001
74.2
66.8
111.4
103.60000000000001
74.10000000000001
143.1
74.10000000000001
144.0
88.10000000000001
93.4
114.9
61.7
82.10000000000001
73.9
102.60000000000001
58.7
128.1
71.2
56.5
73.7
62.2
97.30000000000001
79.60000000000001
80.80000000000001
76.80000000000001
70.7
71.9
65.2
133.3
56.0
174.5
105.2
74.9
96.2
128.5
105.60000000000001
183.5
86.2
58.300000000000004
75.10000000000001
109.80000000000001
57.900000000000006
165.8
89.5
80.80000000000001
107.0
56.900000000000006
92.4
77.30000000000001
72.0
54.0
110.30000000000001
113.30000000000001
71.4
69.4
76.0
83.0
130.5
57.400000000000006
90.4
82.9
152.20000000000002
98.60000000000001
73.8
69.0
57.1
55.1
129.4
95.7
45.800000000000004
120.60000000000001
120.0
64.4
70.8
91.2
125.30000000000001
62.900000000000006
62.5
64.3
80.60000000000001
95.60000000000001
78.0
74.60000000000001
103.10000000000001
56.1
146.5
79.2
73.8
83.4
69.60000000000001
61.800000000000004
75.4
70.0
82.4
73.10000000000001
83.2
105.9
103.7
81.4
84.9
63.800000000000004
85.2
109.10000000000001
85.5
78.80000000000001
78.5
59.300000000000004
129.6
83.80000000000001
106.30000000000001
70.8
120.4
143.70000000000002
52.0
99.0
40.900000000000006
127.2
94.30000000000001
81.7
81.0
82.80000000000001
123.2
97.0
45.2
51.7
91.9
49.800000000000004
102.2
53.6
60.2
84.0
73.10000000000001
83.2
81.60000000000001
127.7
82.9
70.3
71.2
53.1
68.10000000000001
81.7
112.30000000000001
121.60000000000001
87.9
83.7
82.80000000000001
93.7
69.60000000000001
56.800000000000004
129.9
95.10000000000001
43.7
66.0
71.2
73.3
108.30000000000001
81.4
71.7
61.300000000000004
73.10000000000001
65.9
101.9
166.10000000000002
57.300000000000004
110.80000000000001
107.60000000000001
93.80000000000001
84.4
145.8
106.7
54.1
102.2
131.8
68.3
103.10000000000001
58.5
122.7
46.800000000000004
68.9
88.2
91.5
84.80000000000001
74.3
87.80000000000001
86.80000000000001
73.3
68.60000000000001
140.70000000000002
83.10000000000001
45.7
85.7
96.80000000000001
69.8
100.7
89.5
92.5
93.5
122.5
56.7
172.60000000000002
88.60000000000001
96.30000000000001
67.0
77.60000000000001
52.300000000000004
121.2
58.7
109.30000000000001
132.0
79.2
66.3
67.2
93.0
69.3
83.80000000000001
60.800000000000004
112.60000000000001
77.80000000000001
91.0
65.3
50.6
86.2
77.7
119.10000000000001
113.10000000000001
74.4
75.5
103.0
91.4
82.5
65.9
80.80000000000001
74.4
50.300000000000004
78.7
120.7
70.7
77.10000000000001
49.7
94.30000000000001
90.10000000000001
66.10000000000001
80.4
43.6
61.800000000000004
75.5
92.9
60.800000000000004
126.10000000000001
97.7
98.30000000000001
134.0
102.2
93.5
106.7
68.2
148.8
78.0
65.3
117.0
67.5
67.2
93.60000000000001
78.10000000000001
100.80000000000001
98.80000000000001
80.60000000000001
104.0
88.60000000000001
75.4
97.30000000000001
62.6
94.4
78.4
113.30000000000001
91.4
99.4
105.30000000000001
75.0
93.10000000000001
98.5
89.30000000000001
107.80000000000001
86.80000000000001
77.2
82.80000000000001
65.9
57.800000000000004
139.1
101.0
130.70000000000002
79.7
95.2
58.2
80.7
70.10000000000001
92.0
113.9
93.2
103.10000000000001
67.4
79.2
99.60000000000001
99.10000000000001
76.9
76.80000000000001
74.9
41.2
98.80000000000001
114.2
72.9
90.10000000000001
97.9
125.80000000000001
56.300000000000004
94.80000000000001
67.4
73.60000000000001
77.4
109.0
80.60000000000001
99.10000000000001
105.9
71.7
104.4
109.60000000000001
113.80000000000001
77.60000000000001
69.7
75.10000000000001
79.7
72.2
84.60000000000001
92.60000000000001
70.5
88.2
133.3
81.60000000000001
63.2
82.7
77.0
91.4
88.9
73.10000000000001
76.4
78.2
74.60000000000001
130.9
136.8
117.10000000000001
73.7
104.4
70.5
69.0
66.8
50.6
141.9
47.1
98.80000000000001
80.7
85.4
104.30000000000001
64.7
101.4
101.9
104.0
69.4
62.5
81.7
102.60000000000001
120.60000000000001
55.400000000000006
111.60000000000001
65.2
170.10000000000002
89.0
84.7
81.4
88.5
60.6
67.4
65.10000000000001
85.80000000000001
112.60000000000001
83.9
97.2
126.7
99.0
103.30000000000001
72.3
82.5
70.9
72.10000000000001
89.2
63.2
64.0
149.5
63.7
64.4
105.5
84.7
105.80000000000001
116.80000000000001
89.5
103.10000000000001
124.0
76.2
50.1
59.900000000000006
50.6
52.0
118.7
44.5
103.4
73.8
69.10000000000001
105.80000000000001
87.80000000000001
66.0
103.2
81.5
104.60000000000001
86.4
64.10000000000001
62.7
107.9
89.0
70.4
63.300000000000004
63.2
59.5
89.7
79.5
82.2
99.30000000000001
65.3
89.9
79.4
103.60000000000001
76.3
70.5
66.2
57.0
94.60000000000001
76.5
72.4
80.60000000000001
135.8
94.30000000000001
89.9
119.7
83.2
100.60000000000001
87.9
154.0
70.60000000000001
56.2
81.60000000000001
66.8
77.30000000000001
47.800000000000004
84.10000000000001
85.10000000000001
73.8
106.9
81.60000000000001
59.2
109.5
82.2
79.9
78.60000000000001
80.0
130.9
96.7
67.5
85.7
82.30000000000001
75.9
90.0
61.900000000000006
68.7
45.400000000000006
67.7
112.2
87.80000000000001
80.10000000000001
67.60000000000001
99.7
46.400000000000006
155.60000000000002
80.4
168.0
109.30000000000001
69.9
91.9
61.2
64.4
81.30000000000001
61.5
87.30000000000001
96.5
70.0
57.6
106.30000000000001
119.30000000000001
82.5
59.800000000000004
71.5
71.2
76.60000000000001
70.60000000000001
94.5
87.80000000000001
175.5
97.60000000000001
65.0
169.9
104.9
76.3
90.60000000000001
95.9
58.400000000000006
65.0
55.1
88.30000000000001
89.7
74.7
67.3
74.4
152.1
74.60000000000001
55.900000000000006
99.0
67.9
112.7
104.80000000000001
63.2
72.4
67.3
82.10000000000001
77.4
93.0
148.3
124.10000000000001
56.2
87.4
85.5
129.4
79.80000000000001
126.30000000000001
82.2
133.9
95.10000000000001
61.6
81.9
83.10000000000001
91.9
115.30000000000001
66.9
57.400000000000006
80.7
106.2
102.2
99.9
144.0
90.2
111.80000000000001
103.7
120.0
143.9
94.2
62.0
58.7
124.7
90.2
130.3
92.5
74.5
61.2
108.5
137.8
113.7
81.30000000000001
52.2
91.60000000000001
85.2
62.5
136.8
80.0
82.7
74.5
77.2
74.9
71.3
75.60000000000001
121.80000000000001
108.10000000000001
66.8
62.800000000000004
69.10000000000001
133.70000000000002
106.80000000000001
94.4
104.4
59.2
70.9
55.5
87.80000000000001
83.80000000000001
79.5
67.3
60.300000000000004
96.2
103.80000000000001
145.4
95.2
70.9
89.60000000000001
79.9
76.80000000000001
65.9
70.9
72.0
59.7
83.60000000000001
76.4
72.8
103.9
67.8
91.60000000000001
108.60000000000001
84.10000000000001
74.8
71.7
92.5
81.4
78.80000000000001
92.9
83.10000000000001
96.5
113.2
98.0
90.9
76.60000000000001
75.4
57.300000000000004
96.7
86.5
60.800000000000004
97.5
83.7
93.7
92.2
71.0
111.7
96.0
69.2
60.6
78.7
76.4
164.4
84.0
134.6
72.5
107.7
67.5
97.2
87.10000000000001
48.400000000000006
73.8
63.800000000000004
105.10000000000001
90.30000000000001
86.0
90.60000000000001
107.5
84.9
89.30000000000001
78.10000000000001
80.60000000000001
102.0
97.30000000000001
65.4
114.7
72.4
109.0
77.80000000000001
110.30000000000001
76.5
102.0
104.2
83.5
77.80000000000001
78.30000000000001
145.5
71.4
76.4
115.2
101.9
117.2
57.7
74.2
95.7
61.400000000000006
112.9
83.0
76.0
155.10000000000002
73.5
91.80000000000001
93.60000000000001
77.9
92.9
79.9
102.10000000000001
83.0
103.80000000000001
88.5
112.0
66.3
71.60000000000001
116.30000000000001
117.5
36.2
83.9
76.4
110.80000000000001
60.800000000000004
85.30000000000001
82.0
91.9
48.400000000000006
79.5
105.30000000000001
57.2
71.60000000000001
83.30000000000001
103.60000000000001
91.10000000000001
80.10000000000001
63.900000000000006
132.9
104.80000000000001
105.60000000000001
59.1
112.30000000000001
56.900000000000006
75.9
78.4
63.2
76.60000000000001
71.4
71.2
104.2
109.7
128.5
62.6
71.7
89.5
65.5
46.300000000000004
56.400000000000006
76.10000000000001
73.4
55.6
132.1
90.10000000000001
82.80000000000001
125.4
61.300000000000004
52.400000000000006
63.1
76.4
114.7
88.80000000000001
82.10000000000001
113.10000000000001
79.7
110.0
67.7
101.80000000000001
57.6
140.1
70.0
105.5
70.7
85.30000000000001
69.60000000000001
66.10000000000001
104.30000000000001
83.30000000000001
147.6
99.7
93.80000000000001
61.1
79.4
81.10000000000001
87.80000000000001
70.9
91.4
103.2
75.10000000000001
48.7
87.4
103.9
79.10000000000001
110.9
55.6
71.5
92.5
148.3
67.7
105.0
60.0
92.9
78.4
123.10000000000001
59.0
67.60000000000001
77.9
52.900000000000006
64.8
71.8
82.9
78.2
111.80000000000001
120.5
109.0
80.2
64.2
53.900000000000006
68.10000000000001
97.9
128.1
82.2
63.400000000000006
168.20000000000002
142.5
112.60000000000001
86.30000000000001
97.7
72.0
91.60000000000001
84.9
75.3
99.0
84.7
130.20000000000002
55.400000000000006
85.5
92.2
65.0
74.4
119.2
69.9
79.2
141.5
117.60000000000001
69.60000000000001
104.60000000000001
91.30000000000001
116.4
60.1
118.2
100.10000000000001
74.3
40.400000000000006
82.5
50.900000000000006
63.900000000000006
71.4
77.2
78.60000000000001
111.10000000000001
74.8
52.400000000000006
103.4
112.4
87.5
76.5
88.4
113.0
58.900000000000006
82.0
81.2
110.7
85.2
59.300000000000004
102.4
84.2
69.8
59.1
49.5
53.400000000000006
90.10000000000001
78.80000000000001
83.7
68.9
65.60000000000001
59.5
85.9
111.2
94.0
90.4
80.4
66.10000000000001
89.9
98.9
91.2
57.1
80.9
95.60000000000001
88.4
66.10000000000001
94.4
85.4
113.4
70.2
54.900000000000006
94.4
94.7
58.400000000000006
68.2
106.5
93.9
94.80000000000001
70.9
85.60000000000001
132.4
93.2
52.300000000000004
114.9
109.30000000000001
70.7
87.9
95.4
81.7
97.2
89.60000000000001
101.0
64.7
66.8
51.2
74.4
81.4
70.2
110.4
96.9
94.0
48.5
79.9
51.2
126.7
142.6
66.9
84.60000000000001
58.5
95.5
62.7
77.2
47.0
85.4
65.0
80.5
77.60000000000001
62.400000000000006
56.6
84.0
66.3
81.9
61.400000000000006
66.9
71.10000000000001
99.10000000000001
128.70000000000002
76.9
82.30000000000001
53.5
44.900000000000006
81.30000000000001
66.0
61.7
93.9
67.9
100.80000000000001
85.10000000000001
89.2
90.0
73.9
65.60000000000001
74.10000000000001
92.80000000000001
63.800000000000004
90.80000000000001
107.5
101.80000000000001
92.7
86.7
116.0
77.2
73.10000000000001
126.2
68.8
105.0
75.7
50.0
60.400000000000006
71.4
74.4
54.7
120.30000000000001
67.4
54.900000000000006
134.9
99.9
56.2
84.30000000000001
58.900000000000006
73.2
57.7
96.80000000000001
94.7
76.5
74.2
77.5
111.60000000000001
75.0
68.0
92.9
94.80000000000001
63.1
135.8
85.10000000000001
125.80000000000001
124.0
47.800000000000004
94.30000000000001
79.0
142.8
105.7
72.7
47.900000000000006
80.5
71.2
73.7
81.80000000000001
73.9
69.3
76.5
77.80000000000001
82.0
90.80000000000001
86.5
113.10000000000001
100.9
77.5
89.80000000000001
78.30000000000001
94.5
54.900000000000006
93.2
86.80000000000001
55.400000000000006
90.9
55.2
84.7
56.2
99.9
108.5
91.5
92.7
82.5
66.2
84.2
71.60000000000001
96.10000000000001
70.2
72.60000000000001
75.4
57.0
76.4
69.60000000000001
60.900000000000006
74.8
82.0
59.7
68.8
44.900000000000006
58.6
93.0
100.30000000000001
109.60000000000001
84.10000000000001
59.400000000000006
71.7
87.0
44.2
72.60000000000001
103.7
98.9
74.8
66.60000000000001
80.2
66.3
80.30000000000001
110.30000000000001
56.1
97.7
62.1
69.60000000000001
92.5
77.4
63.900000000000006
132.1
124.0
119.0
92.0
83.7
84.7
115.0
107.30000000000001
88.7
78.9
88.80000000000001
110.60000000000001
97.5
73.2
86.7
64.2
84.9
85.10000000000001
99.5
66.9
114.4
44.800000000000004
63.400000000000006
71.4
94.60000000000001
90.10000000000001
74.60000000000001
62.800000000000004
74.4
68.0
66.0
110.10000000000001
56.1
96.10000000000001
97.4
103.30000000000001
72.60000000000001
94.7
83.2
133.1
89.2
91.10000000000001
108.80000000000001
113.9
124.10000000000001
67.8
76.5
71.8
72.0
78.80000000000001
87.30000000000001
73.3
114.5
90.7
70.2
98.0
73.4
121.60000000000001
95.80000000000001
96.80000000000001
86.80000000000001
92.7
71.5
81.0
103.4
68.8
78.5
82.0
111.7
102.80000000000001
61.0
58.5
66.5
115.7
58.6
73.0
99.30000000000001
53.2
85.7
120.9
87.60000000000001
98.2
68.3
93.60000000000001
124.5
78.80000000000001
75.7
110.30000000000001
86.60000000000001
95.9
127.4
61.900000000000006
54.900000000000006
55.7
91.2
100.9
136.6
111.4
52.2
108.0
152.8
94.7
61.7
117.5
77.10000000000001
99.2
102.4
145.20000000000002
102.7
80.30000000000001
67.3
108.5
93.7
113.9
57.300000000000004
104.4
87.60000000000001
80.7
93.10000000000001
76.0
84.2
72.0
79.10000000000001
74.60000000000001
81.80000000000001
80.60000000000001
47.6
89.10000000000001
78.5
120.60000000000001
103.5
58.5
162.70000000000002
54.400000000000006
126.7
120.9
75.2
70.8
67.0
76.2
113.10000000000001
84.60000000000001
56.800000000000004
84.5
133.0
120.80000000000001
104.60000000000001
60.6
88.2
70.9
79.4
57.900000000000006
70.0
58.5
102.10000000000001
77.4
122.2
157.8
113.10000000000001
72.4
109.0
109.2
111.0
92.80000000000001
74.10000000000001
88.9
112.5
83.30000000000001
111.30000000000001
70.9
75.0
68.8
51.5
98.10000000000001
93.5
95.10000000000001
128.9
65.2
98.5
138.0
88.0
72.4
64.8
96.9
117.4
66.5
102.30000000000001
99.5
62.800000000000004
66.60000000000001
76.4
86.80000000000001
68.9
79.4
70.4
79.9
100.7
77.0
80.9
111.4
73.2
142.1
73.60000000000001
67.5
55.900000000000006
68.2
79.4
86.9
62.0
49.6
71.0
84.10000000000001
68.4
72.2
100.2
85.60000000000001
35.1
58.2
135.20000000000002
55.6
70.7
72.7
63.7
106.30000000000001
67.4
66.3
87.4
65.7
110.2
138.70000000000002
71.10000000000001
77.9
61.2
71.7
70.4
105.9
111.5
87.2
86.30000000000001
90.0
88.4
98.30000000000001
91.0
73.4
85.5
77.4
51.0
115.9
70.0
106.10000000000001
126.30000000000001
155.4
62.900000000000006
105.5
75.60000000000001
91.80000000000001
98.2
122.10000000000001
81.7
90.60000000000001
109.80000000000001
68.2
90.60000000000001
73.10000000000001
101.10000000000001
70.4
83.30000000000001
89.4
107.10000000000001
56.5
62.7
81.9
85.80000000000001
76.10000000000001
111.30000000000001
51.300000000000004
79.7
87.9
81.60000000000001
67.9
72.5
85.5
106.80000000000001
50.6
80.4
84.0
68.60000000000001
110.0
93.60000000000001
70.9
65.2
88.5
57.900000000000006
56.5
103.30000000000001
113.0
97.4
76.4
103.0
138.3
78.60000000000001
111.7
78.7
80.60000000000001
68.4
72.2
83.2
80.0
84.5
115.60000000000001
119.10000000000001
116.2
91.5
78.10000000000001
62.800000000000004
58.5
85.30000000000001
87.60000000000001
71.3
60.300000000000004
76.0
88.2
40.1
95.2
132.70000000000002
86.80000000000001
72.0
72.3
68.9
112.9
83.60000000000001
109.0
91.5
63.6
81.5
104.4
101.9
57.300000000000004
63.300000000000004
64.7
75.8
71.9
100.2
107.60000000000001
104.30000000000001
149.0
129.1
79.4
74.2
44.5
91.9
159.3
109.10000000000001
117.80000000000001
97.4
75.0
104.30000000000001
76.80000000000001
66.60000000000001
133.8
81.30000000000001
71.60000000000001
37.7
77.80000000000001
57.300000000000004
113.5
90.0
90.9
77.7
104.9
75.4
61.1
55.400000000000006
81.80000000000001
59.300000000000004
76.4
87.5
79.80000000000001
71.4
65.60000000000001
86.80000000000001
75.4
87.30000000000001
110.7
101.0
120.0
59.0
118.2
90.4
133.20000000000002
80.0
88.7
117.4
62.400000000000006
79.2
126.0
153.20000000000002
100.7
110.10000000000001
77.4
72.8
91.4
87.60000000000001
129.9
52.5
70.5
57.2
71.8
123.10000000000001
101.10000000000001
73.7
90.7
77.10000000000001
80.10000000000001
86.2
110.7
113.9
77.7
83.7
86.80000000000001
84.0
69.3
92.60000000000001
108.0
80.80000000000001
68.4
88.2
59.6
168.5
85.9
98.30000000000001
76.80000000000001
76.0
91.5
88.4
68.3
79.80000000000001
63.6
73.5
62.400000000000006
64.7
58.1
100.2
71.8
93.60000000000001
59.5
68.10000000000001
58.7
88.0
160.0
78.5
80.0
74.10000000000001
68.8
53.900000000000006
119.2
102.5
131.20000000000002
67.4
61.800000000000004
120.60000000000001
115.30000000000001
57.800000000000004
84.4
75.3
136.8
58.800000000000004
51.1
115.5
70.8
81.7
105.2
66.60000000000001
92.4
67.7
82.60000000000001
88.7
76.9
90.2
64.3
85.10000000000001
107.60000000000001
112.80000000000001
194.9
80.30000000000001
68.5
117.9
69.8
84.5
87.2
85.30000000000001
116.9
84.10000000000001
48.2
68.0
97.5
105.2
99.30000000000001
91.80000000000001
92.0
100.7
70.2
100.5
72.7
82.5
89.80000000000001
93.5
108.30000000000001
117.10000000000001
90.10000000000001
77.2
102.7
123.7
130.0
84.4
92.30000000000001
82.30000000000001
66.10000000000001
96.9
100.7
92.4
131.5
108.5
65.5
95.10000000000001
77.10000000000001
91.10000000000001
85.9
77.60000000000001
83.7
136.9
81.60000000000001
55.400000000000006
89.9
111.0
176.9
79.0
82.7
80.60000000000001
101.5
97.2
98.30000000000001
85.9
67.7
81.60000000000001
83.9
69.9
76.4
97.4
68.10000000000001
66.2
83.80000000000001
84.10000000000001
60.5
91.2
52.900000000000006
88.60000000000001
66.9
117.9
45.0
87.5
93.60000000000001
65.60000000000001
82.80000000000001
95.60000000000001
102.7
60.400000000000006
93.10000000000001
68.5
71.0
68.10000000000001
136.3
88.2
67.4
77.4
134.0
97.80000000000001
83.5
71.8
130.1
70.5
85.5
124.9
122.80000000000001
53.900000000000006
88.9
70.4
180.10000000000002
109.7
95.10000000000001
84.9
62.2
102.60000000000001
96.60000000000001
76.3
81.7
101.5
107.4
133.4
67.3
114.4
101.80000000000001
63.5
105.10000000000001
76.2
120.5
116.80000000000001
100.5
120.2
36.6
104.30000000000001
65.8
70.10000000000001
85.0
75.7
88.9
65.0
139.8
105.80000000000001
79.30000000000001
124.30000000000001
44.300000000000004
73.0
130.3
67.60000000000001
83.0
68.7
127.80000000000001
93.10000000000001
130.8
99.5
93.5
92.30000000000001
78.30000000000001
111.80000000000001
91.2
96.0
75.60000000000001
139.0
85.0
96.30000000000001
68.9
148.0
98.80000000000001
117.60000000000001
82.60000000000001
73.0
64.10000000000001
115.10000000000001
82.60000000000001
53.800000000000004
104.0
93.7
62.5
101.2
54.900000000000006
102.0
87.30000000000001
72.3
81.9
169.8
111.60000000000001
119.4
66.10000000000001
76.2
71.60000000000001
65.8
59.1
134.8
109.10000000000001
96.10000000000001
118.30000000000001
73.60000000000001
71.0
84.30000000000001
48.2
105.5
53.2
79.80000000000001
92.60000000000001
66.60000000000001
160.5
144.70000000000002
61.400000000000006
106.5
101.5
152.70000000000002
67.3
84.5
94.4
60.5
66.10000000000001
46.900000000000006
83.0
85.30000000000001
70.9
63.5
57.7
96.80000000000001
78.30000000000001
145.20000000000002
65.10000000000001
64.7
81.0
169.4
67.0
58.6
96.2
82.10000000000001
91.0
78.80000000000001
62.300000000000004
66.3
94.60000000000001
119.80000000000001
87.5
89.30000000000001
110.60000000000001
117.9
79.9
73.4
62.5
101.0
101.4
59.300000000000004
76.0
122.80000000000001
118.10000000000001
90.0
84.7
89.0
84.10000000000001
113.9
69.60000000000001
82.9
69.60000000000001
44.400000000000006
96.5
85.60000000000001
97.4
70.9
51.7
112.9
115.60000000000001
61.7
55.5
126.10000000000001
51.5
98.10000000000001
69.60000000000001
98.9
128.4
111.10000000000001
80.80000000000001
135.20000000000002
82.80000000000001
123.7
79.0
101.4
76.5
93.7
72.10000000000001
83.10000000000001
90.9
84.4
85.7
145.1
90.7
92.7
81.80000000000001
57.400000000000006
109.30000000000001
80.60000000000001
81.2
59.1
80.60000000000001
66.7
61.0
73.5
84.80000000000001
76.3
126.2
79.10000000000001
140.8
96.30000000000001
47.6
130.4
53.5
143.3
86.2
63.7
159.70000000000002
124.60000000000001
126.4
119.60000000000001
55.800000000000004
94.80000000000001
108.0
48.0
93.30000000000001
77.0
76.10000000000001
62.800000000000004
92.30000000000001
95.30000000000001
88.80000000000001
165.70000000000002
89.0
147.3
116.9
99.0
128.3
145.20000000000002
73.4
80.5
69.5
51.1
76.0
76.0
64.10000000000001
84.9
77.9
102.0
89.4
99.80000000000001
107.30000000000001
128.4
69.5
86.4
92.60000000000001
74.4
100.60000000000001
64.9
42.800000000000004
130.20000000000002
113.30000000000001
81.0
77.9
100.10000000000001
54.2
99.10000000000001
55.300000000000004
91.5
91.80000000000001
116.60000000000001
112.60000000000001
91.9
87.4
89.30000000000001
54.400000000000006
133.6
85.80000000000001
65.2
83.0
103.80000000000001
94.30000000000001
91.80000000000001
79.9
65.0
70.3
93.5
79.10000000000001
88.60000000000001
111.10000000000001
91.4
93.2
85.10000000000001
78.9
83.9
113.9
100.10000000000001
137.9
54.1
54.5
77.5
87.9
133.20000000000002
53.400000000000006
89.30000000000001
62.400000000000006
63.7
62.6
139.9
57.2
75.3
115.60000000000001
101.60000000000001
69.10000000000001
62.900000000000006
72.3
130.1
87.2
48.900000000000006
74.10000000000001
101.5
108.5
85.5
82.30000000000001
92.30000000000001
105.5
73.2
63.5
83.60000000000001
65.2
99.60000000000001
158.0
141.1
82.60000000000001
44.2
69.3
57.2
79.60000000000001
84.7
90.7
80.30000000000001
151.20000000000002
46.6
71.8
104.30000000000001
138.9
96.2
66.9
40.400000000000006
79.9
124.7
75.5
98.30000000000001
71.3
127.10000000000001
115.10000000000001
85.2
79.9
124.2
91.9
116.4
127.60000000000001
70.60000000000001
75.7
75.2
73.7
130.5
81.4
76.4
68.7
95.4
78.0
76.60000000000001
60.300000000000004
61.900000000000006
51.800000000000004
65.0
60.400000000000006
88.30000000000001
67.0
60.5
65.9
89.4
56.900000000000006
111.10000000000001
107.60000000000001
112.4
80.60000000000001
116.60000000000001
127.60000000000001
92.0
63.2
98.2
78.2
78.60000000000001
121.7
144.4
91.2
85.9
69.4
101.10000000000001
58.900000000000006
55.2
88.7
140.9
90.0
119.7
99.30000000000001
77.7
118.9
64.2
54.1
45.1
107.4
105.2
91.30000000000001
138.3
90.60000000000001
135.4
105.4
37.7
56.7
131.6
77.80000000000001
105.5
78.7
78.4
56.0
63.7
127.7
71.3
84.5
116.4
88.4
82.60000000000001
75.7
111.7
70.3
69.2
60.800000000000004
113.4
80.80000000000001
78.30000000000001
68.3
102.4
73.8
101.7
76.3
55.5
71.8
55.900000000000006
66.3
68.10000000000001
96.30000000000001
68.9
159.3
70.10000000000001
77.9
110.60000000000001
63.7
62.6
95.30000000000001
101.4
94.0
111.10000000000001
112.7
141.6
116.30000000000001
168.20000000000002
77.9
53.5
81.10000000000001
49.900000000000006
88.80000000000001
98.80000000000001
84.7
81.80000000000001
81.5
109.4
119.10000000000001
50.7
65.8
62.7
153.0
48.0
141.70000000000002
108.4
124.80000000000001
110.7
76.7
58.5
84.0
113.4
67.8
143.3
98.0
86.5
58.5
72.8
108.5
77.9
94.2
84.9
107.80000000000001
73.10000000000001
111.2
54.800000000000004
85.2
83.7
58.900000000000006
96.5
62.7
81.30000000000001
81.7
97.7
77.80000000000001
100.80000000000001
70.7
70.3
73.2
104.4
88.0
112.5
143.6
61.1
80.5
101.2
76.9
71.7
89.60000000000001
60.900000000000006
60.300000000000004
81.2
103.30000000000001
65.4
62.7
91.2
76.60000000000001
100.60000000000001
62.2
69.4
87.30000000000001
88.5
61.6
120.80000000000001
67.5
85.5
129.3
89.5
89.2
88.9
75.10000000000001
79.0
65.5
71.3
91.60000000000001
65.3
64.9
88.60000000000001
81.10000000000001
80.4
153.60000000000002
66.10000000000001
142.4
62.900000000000006
93.10000000000001
102.4
143.20000000000002
87.7
124.0
60.800000000000004
109.30000000000001
77.7
67.7
75.3
117.30000000000001
128.20000000000002
84.0
85.4
60.800000000000004
80.30000000000001
83.9
112.9
109.7
78.0
130.20000000000002
57.1
110.10000000000001
61.900000000000006
101.80000000000001
61.2
68.3
58.900000000000006
130.8
93.9
93.30000000000001
77.60000000000001
92.80000000000001
98.0
114.2
97.10000000000001
99.80000000000001
53.900000000000006
125.4
95.10000000000001
65.7
101.2
93.0
89.2
84.0
152.4
109.2
76.2
60.5
56.400000000000006
97.2
98.5
103.80000000000001
132.3
65.4
79.7
101.10000000000001
69.10000000000001
79.30000000000001
79.4
72.7
123.2
94.4
86.0
86.30000000000001
84.0
53.6
107.80000000000001
137.8
93.10000000000001
97.7
79.10000000000001
80.9
118.5
88.10000000000001
76.7
64.0
104.10000000000001
91.30000000000001
98.0
88.80000000000001
124.7
85.5
87.5
106.30000000000001
82.80000000000001
98.7
114.80000000000001
74.60000000000001
108.5
100.7
82.60000000000001
70.60000000000001
82.0
59.2
62.800000000000004
114.9
89.0
85.2
76.0
126.4
74.5
87.4
44.300000000000004
125.9
78.4
45.7
111.30000000000001
123.7
68.4
117.7
69.4
95.30000000000001
79.60000000000001
56.7
75.7
56.0
88.7
97.30000000000001
80.60000000000001
116.9
131.4
98.7
42.7
78.0
92.4
121.0
111.30000000000001
100.30000000000001
78.2
66.60000000000001
61.300000000000004
120.2
69.7
81.2
105.9
115.30000000000001
66.10000000000001
107.60000000000001
107.30000000000001
135.0
83.7
63.900000000000006
73.8
74.4
84.80000000000001
148.4
72.4
108.4
76.3
70.4
120.5
105.80000000000001
56.7
79.2
104.0
146.6
69.0
66.3
128.8
79.0
116.2
115.4
66.5
104.9
100.2
114.2
83.80000000000001
28.0
111.9
100.60000000000001
73.7
94.7
76.10000000000001
67.9
62.0
102.60000000000001
71.60000000000001
91.0
106.5
57.900000000000006
78.80000000000001
98.2
89.5
88.30000000000001
78.7
97.2
63.6
70.9
61.400000000000006
104.30000000000001
70.10000000000001
55.300000000000004
74.4
157.3
91.5
50.0
71.2
116.4
61.800000000000004
61.800000000000004
125.2
75.3
86.5
52.1
82.0
84.2
73.10000000000001
62.1
88.9
69.8
83.2
74.0
120.4
66.9
61.400000000000006
154.10000000000002
81.7
48.900000000000006
100.0
146.4
62.6
87.0
121.5
84.7
59.5
72.0
105.60000000000001
107.9
87.2
80.2
93.2
86.4
126.4
146.70000000000002
116.4
81.5
71.10000000000001
69.7
88.10000000000001
98.30000000000001
99.4
100.10000000000001
56.400000000000006
60.7
52.0
106.60000000000001
76.60000000000001
95.2
59.0
67.4
60.800000000000004
72.5
63.5
115.60000000000001
62.6
97.0
78.9
67.10000000000001
131.70000000000002
98.9
58.300000000000004
59.900000000000006
79.5
68.9
69.0
123.4
107.9
80.10000000000001
61.6
51.1
104.7
67.4
91.4
135.3
88.60000000000001
83.80000000000001
57.2
104.2
88.7
122.2
75.9
76.0
70.7
82.5
104.4
114.60000000000001
78.4
63.900000000000006
73.0
138.0
136.4
70.8
112.4
65.0
71.10000000000001
77.4
59.7
78.30000000000001
101.10000000000001
84.10000000000001
67.9
78.30000000000001
125.2
74.3
85.30000000000001
109.5
81.10000000000001
119.7
72.3
110.0
70.4
92.4
98.30000000000001
97.60000000000001
55.900000000000006
92.4
96.4
98.0
81.30000000000001
102.0
69.0
52.6
118.9
72.60000000000001
168.4
121.30000000000001
88.0
158.9
83.9
126.60000000000001
114.2
82.9
83.4
87.2
184.5
113.30000000000001
54.5
82.60000000000001
66.7
78.60000000000001
78.80000000000001
117.80000000000001
92.10000000000001
123.0
93.4
118.4
65.3
118.80000000000001
69.7
80.2
106.30000000000001
114.0
83.60000000000001
139.5
74.2
72.0
96.60000000000001
65.7
143.9
112.80000000000001
83.5
91.60000000000001
91.60000000000001
65.5
101.9
81.9
81.9
78.4
100.5
68.10000000000001
63.1
114.10000000000001
63.900000000000006
89.4
89.4
105.5
69.4
53.300000000000004
75.8
43.6
60.300000000000004
99.2
143.20000000000002
69.7
86.10000000000001
124.80000000000001
92.60000000000001
52.800000000000004
79.60000000000001
66.2
64.2
104.10000000000001
105.10000000000001
115.10000000000001
90.0
59.7
119.4
58.1
64.0
157.9
78.10000000000001
65.3
52.800000000000004
57.800000000000004
56.7
119.7
84.60000000000001
67.5
73.8
101.9
98.0
71.60000000000001
95.9
97.0
78.7
61.0
65.7
114.10000000000001
91.2
120.30000000000001
58.7
79.9
106.4
69.5
92.80000000000001
96.5
137.5
62.900000000000006
113.5
54.900000000000006
100.7
92.60000000000001
70.60000000000001
147.5
86.2
96.2
98.60000000000001
78.80000000000001
90.7
90.2
92.4
116.4
120.4
47.5
113.60000000000001
94.60000000000001
75.10000000000001
94.80000000000001
83.7
73.2
67.7
112.9
93.10000000000001
59.5
108.80000000000001
105.10000000000001
127.7
123.60000000000001
108.30000000000001
91.10000000000001
79.9
92.7
123.7
56.400000000000006
99.0
76.5
88.30000000000001
102.10000000000001
86.60000000000001
68.7
76.0
80.60000000000001
76.80000000000001
44.400000000000006
89.0
70.60000000000001
109.60000000000001
87.0
82.60000000000001
168.0
61.6
121.60000000000001
118.5
73.60000000000001
70.9
156.10000000000002
77.80000000000001
96.60000000000001
62.900000000000006
147.3
84.2
71.3
59.2
106.2
123.30000000000001
85.60000000000001
64.60000000000001
79.9
70.4
54.400000000000006
97.30000000000001
57.6
79.80000000000001
61.0
82.5
72.3
97.30000000000001
79.7
69.9
102.4
74.0
87.7
63.300000000000004
119.10000000000001
97.2
73.10000000000001
108.30000000000001
56.800000000000004
82.4
37.2
88.30000000000001
51.900000000000006
111.7
86.10000000000001
81.60000000000001
59.800000000000004
97.60000000000001
55.2
61.900000000000006
69.4
99.30000000000001
112.4
79.0
117.80000000000001
72.3
71.4
120.0
95.7
92.2
126.2
65.10000000000001
90.60000000000001
102.10000000000001
99.0
110.30000000000001
79.10000000000001
123.60000000000001
81.0
85.30000000000001
92.0
111.80000000000001
113.0
117.10000000000001
112.2
80.60000000000001
117.30000000000001
98.0
92.80000000000001
52.800000000000004
65.9
72.2
87.2
90.4
80.9
79.80000000000001
79.0
110.0
69.2
115.0
99.30000000000001
118.2
94.7
73.10000000000001
95.5
92.2
86.80000000000001
82.30000000000001
119.2
82.60000000000001
111.0
73.4
95.7
90.10000000000001
87.5
60.900000000000006
81.80000000000001
104.0
69.4
64.0
88.80000000000001
110.7
62.1
78.0
82.4
76.9
85.9
68.9
102.0
95.10000000000001
127.0
86.0
58.2
60.900000000000006
94.9
55.800000000000004
87.4
65.60000000000001
109.30000000000001
77.80000000000001
63.5
81.5
94.9
115.30000000000001
69.2
63.1
88.5
81.0
58.6
77.5
113.2
83.9
72.8
61.900000000000006
72.0
93.30000000000001
119.10000000000001
115.30000000000001
99.5
162.0
120.80000000000001
64.0
73.3
76.60000000000001
117.7
157.60000000000002
67.2
65.2
68.60000000000001
61.7
83.10000000000001
74.3
132.6
49.800000000000004
59.900000000000006
104.60000000000001
89.10000000000001
71.3
81.10000000000001
110.60000000000001
57.0
141.4
78.4
56.1
92.4
99.60000000000001
57.800000000000004
75.10000000000001
90.2
88.9
99.10000000000001
82.9
100.2
75.9
97.7
71.2
50.800000000000004
111.4
57.900000000000006
114.2
67.9
73.4
92.2
71.8
101.5
153.1
83.4
107.7
116.30000000000001
98.0
59.7
88.5
85.80000000000001
99.4
72.8
60.900000000000006
77.9
73.8
86.80000000000001
63.800000000000004
118.4
84.7
91.5
80.60000000000001
125.7
92.2
70.2
80.30000000000001
161.8
88.5
84.30000000000001
70.8
60.900000000000006
79.2
74.4
62.900000000000006
64.3
66.0
93.30000000000001
96.10000000000001
88.80000000000001
142.4
86.4
62.300000000000004
78.9
94.10000000000001
71.5
84.30000000000001
73.10000000000001
83.80000000000001
96.0
74.3
104.60000000000001
103.80000000000001
69.10000000000001
86.10000000000001
82.0
101.7
68.10000000000001
91.9
99.30000000000001
65.2
109.5
79.60000000000001
80.9
82.4
84.30000000000001
98.60000000000001
99.5
92.5
61.300000000000004
111.4
108.60000000000001
106.5
45.0
73.2
90.7
57.1
35.6
50.6
91.5
57.0
75.2
89.60000000000001
52.1
106.10000000000001
76.5
43.300000000000004
103.60000000000001
73.2
82.30000000000001
55.800000000000004
151.6
103.60000000000001
127.7
125.60000000000001
59.6
110.9
80.80000000000001
108.0
73.0
84.10000000000001
89.0
95.5
59.0
101.4
76.7
94.9
95.80000000000001
73.0
137.8
63.0
90.30000000000001
122.80000000000001
82.30000000000001
91.60000000000001
40.2
71.0
58.900000000000006
93.60000000000001
55.6
86.2
78.80000000000001
52.300000000000004
73.7
58.900000000000006
128.20000000000002
70.8
94.60000000000001
119.9
76.10000000000001
70.7
87.9
140.1
79.30000000000001
65.8
77.30000000000001
68.2
96.0
92.9
85.7
74.7
77.0
142.6
64.60000000000001
65.60000000000001
56.900000000000006
121.2
73.5
90.30000000000001
107.10000000000001
96.30000000000001
81.4
80.30000000000001
72.7
74.7
91.10000000000001
57.2
73.60000000000001
63.2
97.10000000000001
92.4
112.2
65.3
57.1
69.9
104.10000000000001
53.400000000000006
85.0
71.0
79.0
82.9
63.0
75.0
56.7
69.9
107.4
65.4
101.7
66.9
96.60000000000001
79.10000000000001
96.5
84.60000000000001
86.2
77.2
105.30000000000001
52.6
98.4
80.60000000000001
77.5
87.80000000000001
60.1
62.900000000000006
125.4
59.300000000000004
102.10000000000001
121.60000000000001
77.80000000000001
82.60000000000001
103.9
168.10000000000002
74.5
74.60000000000001
81.80000000000001
64.7
90.80000000000001
120.7
75.0
69.3
63.6
57.800000000000004
88.10000000000001
68.0
56.1
66.4
66.3
109.5
87.7
116.60000000000001
119.7
53.1
62.800000000000004
97.30000000000001
112.9
95.80000000000001
85.9
93.0
68.2
65.4
67.60000000000001
58.6
65.60000000000001
60.900000000000006
58.800000000000004
154.20000000000002
55.800000000000004
91.30000000000001
70.60000000000001
100.2
92.5
110.80000000000001
113.60000000000001
64.8
68.0
108.5
80.30000000000001
79.5
61.0
82.30000000000001
82.7
81.0
54.900000000000006
78.7
87.60000000000001
124.0
59.400000000000006
72.8
83.0
124.4
148.5
50.400000000000006
115.10000000000001
99.9
115.5
112.80000000000001
147.9
78.4
66.60000000000001
115.5
57.400000000000006
81.0
36.9
124.0
77.60000000000001
127.7
109.0
94.60000000000001
92.9
81.4
63.7
88.7
76.9
86.7
68.8
58.1
96.2
96.80000000000001
83.0
72.8
56.800000000000004
114.0
78.2
122.0
59.0
82.10000000000001
81.2
75.0
67.3
140.70000000000002
93.4
107.7
69.3
54.300000000000004
53.7
102.80000000000001
80.60000000000001
85.0
89.5
123.10000000000001
71.2
87.60000000000001
116.4
82.2
103.80000000000001
93.5
104.4
58.800000000000004
72.5
82.7
100.4
102.60000000000001
108.10000000000001
62.5
113.10000000000001
131.70000000000002
64.0
85.9
80.2
75.4
97.10000000000001
66.5
90.4
75.7
100.10000000000001
104.30000000000001
103.9
88.30000000000001
66.2
70.2
104.7
62.7
61.300000000000004
80.9
70.3
56.7
88.10000000000001
96.7
61.800000000000004
71.2
60.7
151.0
54.0
105.30000000000001
71.5
92.5
81.5
125.2
99.5
66.3
82.9
65.60000000000001
119.80000000000001
46.0
74.4
52.900000000000006
55.2
83.30000000000001
127.80000000000001
76.9
73.0
90.30000000000001
84.2
74.7
78.80000000000001
100.7
118.4
53.300000000000004
94.5
84.10000000000001
67.2
149.20000000000002
81.4
59.800000000000004
102.10000000000001
99.7
70.7
83.10000000000001
77.10000000000001
71.7
98.9
77.2
102.7
95.5
119.60000000000001
69.3
123.30000000000001
89.5
86.5
83.5
104.60000000000001
99.10000000000001
68.8
76.2
91.5
139.70000000000002
73.0
80.0
89.60000000000001
97.60000000000001
97.9
95.7
121.4
94.10000000000001
33.300000000000004
121.7
111.2
55.900000000000006
75.3
90.5
89.10000000000001
105.30000000000001
81.7
81.9
77.5
86.2
70.5
52.300000000000004
102.0
72.8
119.10000000000001
82.80000000000001
48.7
87.9
69.0
81.30000000000001
56.7
115.0
53.5
102.30000000000001
90.4
54.800000000000004
81.4
76.60000000000001
70.60000000000001
70.7
47.7
93.10000000000001
62.900000000000006
82.80000000000001
137.4
82.9
83.30000000000001
64.60000000000001
110.9
41.7
65.4
61.5
55.400000000000006
76.4
88.9
68.3
89.0
78.4
106.7
67.3
136.70000000000002
61.400000000000006
79.0
99.7
57.0
69.2
104.4
99.10000000000001
125.10000000000001
72.4
55.0
80.7
84.4
88.7
89.30000000000001
91.80000000000001
84.7
100.7
53.0
64.8
82.5
85.30000000000001
101.4
86.0
82.4
73.9
63.2
58.1
81.9
70.2
78.80000000000001
70.2
49.5
110.2
60.7
67.5
168.0
79.10000000000001
163.0
79.9
97.7
114.7
130.9
68.2
111.30000000000001
69.10000000000001
68.0
79.10000000000001
81.30000000000001
90.5
55.6
82.60000000000001
60.1
69.2
70.7
155.20000000000002
59.1
81.30000000000001
77.80000000000001
155.60000000000002
46.800000000000004
84.60000000000001
61.400000000000006
109.10000000000001
136.4
72.3
87.9
78.80000000000001
96.0
52.7
62.800000000000004
103.60000000000001
109.30000000000001
67.0
75.60000000000001
109.30000000000001
77.60000000000001
65.2
76.60000000000001
127.2
80.5
65.0
111.4
92.10000000000001
90.7
98.9
68.4
76.2
70.0
52.1
52.300000000000004
101.2
186.9
113.4
74.60000000000001
129.9
75.8
68.10000000000001
111.0
80.10000000000001
129.6
68.3
75.8
79.10000000000001
107.30000000000001
56.6
80.7
99.60000000000001
56.900000000000006
146.4
73.3
93.4
52.5
64.0
47.1
83.4
54.1
81.0
179.5
65.4
170.5
69.3
116.0
95.10000000000001
88.80000000000001
147.6
98.60000000000001
63.900000000000006
90.7
97.5
89.30000000000001
58.6
143.4
81.60000000000001
107.80000000000001
76.2
60.2
71.60000000000001
72.3
56.800000000000004
106.5
111.5
87.0
100.10000000000001
87.80000000000001
65.7
68.9
94.10000000000001
83.30000000000001
84.0
107.7
104.80000000000001
59.2
39.300000000000004
82.10000000000001
89.9
94.2
96.9
77.0
101.9
70.5
62.1
85.5
88.80000000000001
113.2
49.400000000000006
146.70000000000002
68.0
92.4
57.1
138.20000000000002
63.5
148.20000000000002
72.60000000000001
114.9
59.400000000000006
56.5
93.60000000000001
98.4
91.4
85.10000000000001
65.9
110.4
80.4
69.2
130.1
101.4
73.4
90.2
139.70000000000002
84.0
58.300000000000004
88.80000000000001
73.5
65.5
82.4
96.60000000000001
60.800000000000004
70.7
75.10000000000001
90.0
67.8
85.10000000000001
61.6
72.4
59.900000000000006
60.400000000000006
85.30000000000001
67.10000000000001
75.5
94.7
92.2
84.80000000000001
91.80000000000001
99.7
100.5
88.5
81.60000000000001
68.9
77.7
71.7
56.0
112.9
127.5
83.60000000000001
82.10000000000001
72.2
106.4
80.30000000000001
78.7
81.4
68.10000000000001
83.2
85.10000000000001
63.0
65.4
74.9
59.900000000000006
85.10000000000001
73.8
58.5
125.60000000000001
98.30000000000001
135.4
160.70000000000002
129.70000000000002
111.0
71.3
72.0
58.6
87.60000000000001
106.7
103.30000000000001
58.0
109.7
86.80000000000001
92.30000000000001
41.900000000000006
120.4
105.0
56.400000000000006
97.5
81.0
48.900000000000006
68.2
64.60000000000001
55.400000000000006
85.7
73.10000000000001
66.0
80.2
108.5
78.80000000000001
46.400000000000006
108.2
91.5
107.60000000000001
73.8
72.7
71.10000000000001
95.5
47.5
77.9
57.300000000000004
97.9
100.0
87.7
68.4
78.2
132.8
126.60000000000001
59.800000000000004
84.2
74.7
76.7
142.6
98.30000000000001
151.5
109.0
60.300000000000004
81.10000000000001
82.0
90.2
63.300000000000004
112.60000000000001
87.80000000000001
66.5
101.30000000000001
58.5
89.2
91.5
99.2
73.10000000000001
66.9
102.9
85.0
137.3
100.7
109.30000000000001
77.9
62.400000000000006
69.3
118.5
126.30000000000001
116.4
66.8
112.60000000000001
82.2
64.9
77.60000000000001
87.80000000000001
54.400000000000006
43.1
96.7
71.2
49.400000000000006
66.60000000000001
77.60000000000001
70.7
81.5
64.4
119.2
100.0
69.10000000000001
72.60000000000001
136.20000000000002
103.7
67.3
48.400000000000006
65.10000000000001
56.5
110.60000000000001
63.800000000000004
88.0
84.7
91.7
113.80000000000001
79.9
57.2
85.80000000000001
114.5
114.30000000000001
112.0
101.2
53.800000000000004
100.9
57.5
68.8
61.900000000000006
58.400000000000006
79.60000000000001
56.2
77.80000000000001
99.4
77.9
91.0
101.9
97.80000000000001
88.2
64.10000000000001
83.5
124.5
63.7
94.2
56.300000000000004
112.9
152.3
63.400000000000006
65.60000000000001
93.30000000000001
73.10000000000001
91.5
113.0
61.300000000000004
67.0
127.30000000000001
117.10000000000001
86.0
84.9
58.6
99.2
91.7
64.5
100.80000000000001
74.5
45.1
105.80000000000001
142.4
57.1
110.0
101.60000000000001
65.3
87.80000000000001
66.5
87.5
53.7
89.2
179.4
103.4
90.4
88.4
43.0
67.8
112.4
126.30000000000001
77.9
99.60000000000001
93.10000000000001
61.300000000000004
63.6
100.0
151.70000000000002
69.2
53.6
74.5
130.9
134.4
80.4
76.4
47.1
83.7
62.2
101.7
93.60000000000001
89.60000000000001
77.80000000000001
89.0
79.10000000000001
60.900000000000006
70.5
93.30000000000001
85.9
88.0
77.4
73.7
66.0
70.60000000000001
89.60000000000001
86.80000000000001
93.10000000000001
79.5
66.2
76.7
133.6
86.5
70.9
92.2
111.10000000000001
47.300000000000004
102.0
72.2
63.800000000000004
83.9
79.5
76.2
78.5
117.80000000000001
121.5
112.10000000000001
123.30000000000001
69.4
59.2
76.80000000000001
112.10000000000001
95.0
78.30000000000001
92.7
95.7
69.7
89.5
89.5
64.3
84.0
59.0
107.10000000000001
71.0
73.5
112.0
116.4
81.4
103.5
71.4
137.4
77.10000000000001
86.7
78.5
73.9
77.30000000000001
72.7
54.900000000000006
113.7
101.9
76.3
93.4
72.3
94.5
115.2
74.0
71.10000000000001
109.80000000000001
72.9
81.10000000000001
97.4
72.9
162.10000000000002
88.80000000000001
60.0
78.60000000000001
54.300000000000004
117.9
105.4
103.2
74.4
86.7
102.5
87.7
63.800000000000004
55.6
85.60000000000001
118.5
61.5
138.8
140.5
75.9
86.2
83.2
65.60000000000001
126.30000000000001
139.5
66.9
80.30000000000001
59.800000000000004
67.7
79.5
119.0
75.0
46.1
79.4
115.80000000000001
79.60000000000001
82.5
75.5
67.60000000000001
73.0
74.3
82.7
107.30000000000001
64.5
57.800000000000004
68.4
90.7
109.9
68.4
63.1
78.7
66.10000000000001
93.2
102.9
132.8
94.80000000000001
67.9
51.900000000000006
67.60000000000001
87.80000000000001
110.9
57.800000000000004
85.10000000000001
70.4
97.80000000000001
108.7
110.10000000000001
148.6
81.5
74.4
66.3
80.80000000000001
68.10000000000001
129.9
80.5
101.2
69.8
84.4
108.4
55.2
67.0
45.900000000000006
95.10000000000001
134.9
75.10000000000001
61.900000000000006
89.7
80.4
89.2
90.9
97.5
91.4
104.5
74.0
50.2
98.0
71.3
68.5
112.30000000000001
121.80000000000001
72.4
65.60000000000001
86.9
85.9
66.9
95.60000000000001
106.30000000000001
83.7
85.5
60.400000000000006
70.10000000000001
85.4
57.900000000000006
101.80000000000001
73.5
58.0
135.20000000000002
101.60000000000001
70.2
83.30000000000001
76.9
85.5
137.20000000000002
92.7
101.4
112.80000000000001
130.20000000000002
168.8
94.2
112.60000000000001
113.7
66.3
65.9
59.300000000000004
89.30000000000001
171.3
111.4
88.4
99.9
63.800000000000004
59.7
53.800000000000004
59.6
76.80000000000001
78.80000000000001
88.4
70.9
73.8
98.30000000000001
79.9
46.7
77.80000000000001
38.1
103.2
79.9
99.9
65.0
125.7
71.3
73.7
193.60000000000002
72.60000000000001
92.5
67.2
75.7
78.60000000000001
142.0
124.9
79.7
71.3
95.9
117.5
100.4
72.10000000000001
78.7
86.2
59.6
78.60000000000001
75.5
76.4
53.1
60.800000000000004
53.800000000000004
56.6
58.400000000000006
62.5
62.300000000000004
79.80000000000001
60.0
56.0
69.3
85.30000000000001
123.4
147.6
127.60000000000001
84.30000000000001
110.5
57.0
73.7
70.2
101.30000000000001
92.7
90.4
107.80000000000001
88.4
84.2
111.60000000000001
89.30000000000001
50.900000000000006
74.4
104.4
61.300000000000004
93.9
88.0
102.30000000000001
75.0
84.80000000000001
88.0
73.7
75.60000000000001
55.800000000000004
95.7
81.80000000000001
86.10000000000001
103.10000000000001
88.80000000000001
96.9
79.7
103.5
80.9
46.300000000000004
96.60000000000001
77.2
62.300000000000004
95.4
101.80000000000001
67.10000000000001
60.2
71.60000000000001
73.8
71.5
61.800000000000004
67.3
64.8
83.80000000000001
71.0
77.9
103.30000000000001
69.8
82.60000000000001
95.2
135.8
143.70000000000002
98.30000000000001
37.0
79.10000000000001
119.7
89.60000000000001
116.60000000000001
79.9
109.2
85.7
109.0
51.300000000000004
78.60000000000001
72.2
89.60000000000001
79.4
88.60000000000001
71.60000000000001
101.60000000000001
66.2
54.300000000000004
43.5
110.9
54.6
67.7
84.2
89.10000000000001
142.1
154.0
53.0
80.2
131.70000000000002
91.0
117.60000000000001
61.0
120.30000000000001
103.4
59.1
61.800000000000004
78.4
74.8
86.2
127.10000000000001
124.30000000000001
103.60000000000001
69.4
51.5
77.80000000000001
115.2
55.0
112.30000000000001
88.80000000000001
53.400000000000006
59.400000000000006
116.0
50.400000000000006
140.20000000000002
95.2
62.800000000000004
93.7
87.7
64.2
80.60000000000001
81.30000000000001
92.60000000000001
79.7
110.30000000000001
87.80000000000001
77.10000000000001
99.9
79.0
116.80000000000001
90.60000000000001
69.8
83.4
147.3
102.30000000000001
82.2
95.80000000000001
105.2
121.80000000000001
82.9
103.2
89.0
132.0
135.8
87.60000000000001
91.7
82.2
39.7
46.900000000000006
54.400000000000006
81.10000000000001
67.7
62.900000000000006
162.3
75.7
66.4
84.4
101.80000000000001
59.6
110.9
77.2
102.0
57.0
59.1
120.80000000000001
79.4
92.80000000000001
94.80000000000001
99.5
62.900000000000006
72.0
87.60000000000001
84.30000000000001
149.20000000000002
90.7
96.5
85.60000000000001
101.2
95.7
134.9
124.4
97.10000000000001
77.0
78.2
80.9
56.800000000000004
91.30000000000001
63.5
71.0
106.10000000000001
77.2
141.8
76.3
79.60000000000001
69.3
106.60000000000001
111.30000000000001
110.0
109.5
72.2
51.5
77.0
106.80000000000001
123.5
114.2
79.5
112.4
103.9
75.5
76.4
54.5
70.2
74.60000000000001
62.5
163.9
70.8
71.9
125.2
81.10000000000001
70.4
83.10000000000001
112.60000000000001
97.4
84.5
89.30000000000001
78.60000000000001
76.0
85.2
77.30000000000001
67.0
65.8
56.900000000000006
99.9
69.5
55.6
89.0
85.0
92.2
64.4
59.0
76.9
83.2
104.9
74.2
79.9
77.7
102.60000000000001
69.0
79.5
88.80000000000001
95.80000000000001
64.9
68.4
50.900000000000006
148.9
85.60000000000001
109.80000000000001
76.60000000000001
96.10000000000001
64.0
91.4
66.2
58.0
107.30000000000001
78.9
105.5
155.10000000000002
106.0
103.60000000000001
75.3
101.30000000000001
126.80000000000001
43.400000000000006
100.9
78.5
83.80000000000001
137.6
58.300000000000004
58.300000000000004
62.7
63.0
58.900000000000006
78.10000000000001
90.7
68.60000000000001
88.0
112.0
82.9
86.4
124.4
61.6
94.10000000000001
109.30000000000001
100.80000000000001
127.10000000000001
51.1
89.5
70.3
76.3
102.2
126.80000000000001
98.80000000000001
73.0
96.9
80.9
69.0
86.2
87.0
99.7
146.9
88.60000000000001
62.1
86.0
63.7
74.7
68.3
73.3
94.9
76.5
87.60000000000001
61.900000000000006
79.0
112.30000000000001
101.30000000000001
61.7
57.2
112.4
119.7
84.4
85.30000000000001
104.10000000000001
119.0
107.7
90.7
80.80000000000001
68.10000000000001
89.10000000000001
122.7
67.0
105.4
69.60000000000001
80.5
91.4
67.60000000000001
93.80000000000001
72.60000000000001
73.3
82.9
56.5
71.0
90.60000000000001
69.10000000000001
104.4
70.0
105.5
111.7
57.400000000000006
78.80000000000001
83.7
70.10000000000001
89.9
154.10000000000002
101.80000000000001
131.5
84.7
103.80000000000001
64.5
101.10000000000001
75.3
73.7
89.60000000000001
122.5
87.9
60.1
78.7
76.4
86.0
75.8
77.2
63.300000000000004
122.30000000000001
90.7
66.3
97.5
73.7
78.30000000000001
79.60000000000001
48.1
79.30000000000001
88.5
69.9
74.7
55.6
65.10000000000001
121.10000000000001
71.2
102.80000000000001
60.0
75.10000000000001
99.9
156.60000000000002
116.10000000000001
112.30000000000001
61.900000000000006
142.5
54.5
42.900000000000006
105.2
65.60000000000001
74.4
72.9
81.80000000000001
125.9
100.9
120.60000000000001
90.4
79.9
102.30000000000001
63.6
80.2
119.80000000000001
82.80000000000001
107.10000000000001
79.60000000000001
125.0
50.5
78.60000000000001
83.7
79.7
57.5
50.300000000000004
95.4
83.5
57.400000000000006
113.80000000000001
109.7
134.3
86.9
126.4
71.9
82.5
87.5
109.80000000000001
90.80000000000001
90.4
81.0
93.7
120.5
42.300000000000004
68.60000000000001
91.10000000000001
152.70000000000002
94.80000000000001
50.300000000000004
98.7
69.7
73.3
120.7
110.0
86.9
106.30000000000001
86.0
74.7
66.9
99.30000000000001
54.6
158.10000000000002
70.0
80.60000000000001
79.7
105.4
103.80000000000001
145.8
47.1
140.5
72.9
94.9
99.5
70.9
106.30000000000001
64.60000000000001
128.4
87.80000000000001
80.80000000000001
131.5
138.1
145.6
72.9
81.0
111.80000000000001
106.4
151.9
116.2
130.8
89.4
88.30000000000001
80.60000000000001
74.4
84.9
67.9
62.6
118.2
100.60000000000001
105.0
72.4
77.7
76.2
67.5
74.3
96.7
73.9
84.4
81.60000000000001
76.10000000000001
114.80000000000001
54.6
74.2
148.3
90.80000000000001
101.7
56.5
66.2
102.10000000000001
109.9
101.0
74.60000000000001
61.1
70.7
62.7
72.8
67.7
81.80000000000001
104.0
81.7
100.9
132.6
70.7
43.900000000000006
71.0
75.7
49.0
76.9
62.2
66.9
102.7
174.5
96.2
76.2
108.80000000000001
103.0
89.80000000000001
90.2
93.0
90.60000000000001
83.60000000000001
97.9
85.7
86.9
59.5
69.60000000000001
70.60000000000001
68.3
49.1
61.1
110.7
66.8
67.10000000000001
82.10000000000001
49.5
152.5
89.9
75.0
58.0
73.3
92.4
51.6
82.7
60.1
50.1
91.10000000000001
62.300000000000004
94.5
97.2
71.5
91.4
68.0
54.800000000000004
58.5
82.2
54.800000000000004
80.60000000000001
84.2
116.2
156.3
102.4
80.0
92.7
57.0
104.0
74.5
96.9
123.7
44.1
75.10000000000001
63.900000000000006
90.4
93.4
57.1
86.60000000000001
42.2
81.0
80.4
91.80000000000001
104.4
152.4
121.9
65.3
94.5
80.2
132.0
64.3
93.80000000000001
70.5
57.0
90.60000000000001
145.8
86.4
51.6
64.7
87.4
86.5
71.10000000000001
59.400000000000006
96.5
57.6
67.5
97.9
94.0
159.5
72.0
95.30000000000001
80.9
63.400000000000006
110.4
55.1
71.0
76.60000000000001
55.300000000000004
56.1
73.2
75.60000000000001
83.80000000000001
97.80000000000001
84.4
101.80000000000001
90.10000000000001
81.80000000000001
81.2
128.8
93.60000000000001
58.1
87.60000000000001
80.5
82.30000000000001
63.6
61.5
56.400000000000006
76.5
55.6
109.5
70.2
100.30000000000001
181.10000000000002
104.7
105.5
55.0
82.0
66.0
68.7
58.800000000000004
60.1
51.800000000000004
76.5
67.60000000000001
124.30000000000001
97.0
92.7
49.300000000000004
53.1
101.9
90.60000000000001
103.9
123.30000000000001
74.0
73.7
126.5
67.8
68.2
57.6
57.0
66.3
119.0
138.3
89.60000000000001
106.60000000000001
65.4
83.80000000000001
82.30000000000001
106.80000000000001
124.2
103.0
53.6
80.4
66.8
71.9
81.10000000000001
87.0
85.5
58.5
106.80000000000001
135.0
117.2
91.5
84.2
97.60000000000001
62.7
83.7
105.60000000000001
76.60000000000001
69.8
61.7
58.900000000000006
60.1
85.60000000000001
82.7
86.5
66.9
40.900000000000006
71.4
62.300000000000004
86.4
71.0
57.900000000000006
73.10000000000001
94.7
109.10000000000001
107.4
115.4
74.60000000000001
79.0
94.9
92.30000000000001
97.2
79.4
113.2
79.10000000000001
62.2
87.0
149.0
135.70000000000002
92.2
74.10000000000001
71.10000000000001
58.1
92.0
74.0
107.4
79.7
45.2
66.60000000000001
75.9
77.7
85.9
87.0
59.0
98.0
64.4
73.60000000000001
78.5
161.70000000000002
72.8
62.1
68.2
65.2
88.9
92.4
68.7
109.30000000000001
93.0
93.4
124.0
75.7
82.9
75.10000000000001
134.4
68.4
78.10000000000001
92.60000000000001
71.2
87.10000000000001
178.10000000000002
65.0
68.60000000000001
58.5
131.1
74.10000000000001
62.300000000000004
96.0
72.9
85.10000000000001
104.10000000000001
62.1
75.2
78.80000000000001
136.9
95.7
103.80000000000001
78.9
72.9
66.4
141.70000000000002
59.1
90.7
106.2
74.0
70.60000000000001
78.2
151.20000000000002
82.10000000000001
108.2
89.2
134.4
126.7
68.10000000000001
91.2
90.7
75.10000000000001
101.4
131.5
95.7
86.4
67.0
108.10000000000001
70.8
90.7
84.4
89.2
86.4
70.5
82.7
146.9
127.2
106.7
130.8
110.10000000000001
95.2
95.0
84.0
97.9
85.30000000000001
72.8
54.7
81.80000000000001
60.800000000000004
92.4
75.3
120.60000000000001
120.10000000000001
64.0
60.1
70.0
91.2
124.4
62.300000000000004
70.2
61.900000000000006
87.4
118.9
118.7
105.7
161.20000000000002
86.7
83.0
117.2
105.9
87.30000000000001
78.7
66.10000000000001
72.2
52.6
124.4
89.60000000000001
117.4
80.7
85.2
86.9
48.5
109.5
69.2
92.5
86.10000000000001
99.60000000000001
75.7
88.10000000000001
72.5
80.0
65.2
115.80000000000001
74.7
73.2
68.8
47.1
64.7
72.5
64.5
82.0
75.5
98.0
76.0
90.2
75.10000000000001
97.9
60.900000000000006
60.400000000000006
89.5
73.4
77.30000000000001
78.4
96.7
135.20000000000002
104.2
153.8
108.2
92.5
77.5
124.80000000000001
141.3
69.2
107.5
136.5
90.2
89.30000000000001
123.60000000000001
51.0
126.9
96.80000000000001
111.9
110.9
86.5
94.60000000000001
97.60000000000001
56.6
62.7
67.9
66.4
86.7
65.4
78.80000000000001
58.0
105.30000000000001
56.300000000000004
91.5
89.9
72.2
67.0
53.300000000000004
69.9
72.3
112.2
71.60000000000001
107.80000000000001
78.80000000000001
96.0
85.7
51.2
73.4
70.60000000000001
62.300000000000004
68.9
113.60000000000001
77.0
59.6
95.30000000000001
108.60000000000001
82.0
87.0
81.7
68.7
70.7
95.2
51.7
116.10000000000001
67.9
161.4
85.10000000000001
82.7
89.30000000000001
86.7
124.9
85.9
61.0
63.400000000000006
53.6
71.5
108.2
93.60000000000001
68.8
77.9
95.80000000000001
168.0
60.400000000000006
91.2
57.5
71.7
67.5
87.5
47.800000000000004
93.7
105.9
177.0
95.0
116.4
80.4
72.7
60.2
80.80000000000001
98.30000000000001
106.2
100.9
116.30000000000001
98.10000000000001
83.5
89.30000000000001
89.2
92.60000000000001
58.7
109.4
