Hitting Time
72.416
79.895
110.645
389.955
499.999
499.999
173.401
59.75
75.034
132.185
51.362
83.44
171.81300000000002
60.549
363.387
499.999
76.062
23.659
43.957
68.561
100.139
499.999
74.273
32.261
27.725
153.615
87.85300000000001
100.565
85.277
63.308
63.501000000000005
499.999
53.169000000000004
110.51
34.953
113.72
93.68900000000001
45.407000000000004
64.613
74.528
79.039
397.49
47.247
141.183
264.141
86.137
73.056
76.35000000000001
76.909
29.534
255.279
346.79900000000004
57.898
63.624
49.843
198.568
105.69500000000001
105.745
83.61
371.224
46.131
57.465
95.098
96.23700000000001
64.151
51.805
89.653
162.229
74.382
125.941
273.151
203.48000000000002
173.547
290.281
409.011
330.617
293.913
303.55
57.402
81.997
46.087
66.965
224.564
134.245
20.242
70.19
59.858000000000004
39.118
20.899
406.988
132.522
184.273
185.455
87.031
80.145
74.604
44.397
54.637
74.015
267.64
218.061
148.34
101.807
302.212
321.603
62.898
39.001
145.309
54.007
139.81
138.706
456.52500000000003
40.910000000000004
55.071
139.781
62.406
44.832
109.39
34.147
81.791
111.61800000000001
46.994
79.206
168.468
93.23100000000001
275.487
103.711
129.101
45.432
309.358
136.757
152.651
106.98400000000001
77.673
78.803
172.804
128.111
499.999
60.921
113.914
110.358
127.912
262.35
145.401
98.22200000000001
111.401
60.723
201.552
156.844
44.575
87.09
72.129
114.308
205.257
44.31
107.732
138.485
80.06
69.059
499.999
92.10300000000001
51.115
50.351
240.00300000000001
53.125
153.873
499.999
29.088
145.552
209.219
333.481
36.457
183.86
499.999
337.061
133.799
256.911
23.113
221.548
32.609
66.014
228.439
221.732
167.916
214.01
52.949
37.159
499.999
112.778
41.336
79.34400000000001
35.07
75.27
52.639
75.077
134.94400000000002
143.35
17.415
72.173
41.343
55.806000000000004
499.999
64.239
27.999000000000002
58.846000000000004
80.384
50.106
43.996
133.298
116.176
499.999
437.065
75.24
249.648
86.339
294.712
163.14600000000002
301.045
221.118
175.341
29.367
37.233000000000004
143.476
112.886
104.664
63.124
84.438
499.999
33.979
153.74
172.291
59.67
35.766
328.02
26.885
474.24600000000004
32.649
35.197
113.889
264.709
108.971
117.10300000000001
78.47500000000001
418.892
75.117
89.395
98.138
326.3
74.284
499.999
282.76
436.56600000000003
80.382
83.5
94.534
150.387
71.194
55.979
61.875
333.223
326.468
34.696
151.311
88.83
52.202
121.21300000000001
101.059
31.388
382.724
20.285
42.521
48.938
157.999
59.56
307.723
23.36
499.999
30.454
499.999
51.241
147.266
95.933
47.641
83.34
302.06600000000003
135.111
105.593
140.421
181.095
327.44100000000003
34.123
199.627
499.999
57.966
160.755
81.693
131.90200000000002
29.849
130.457
390.66200000000003
149.002
42.728
102.039
377.66200000000003
106.003
240.159
499.999
128.514
79.632
118.137
499.999
197.198
68.43900000000001
108.77
139.102
45.77
499.999
21.933
98.432
127.099
450.654
37.502
74.074
67.261
58.356
66.221
499.999
387.827
88.974
67.246
140.687
124.626
144.082
36.096000000000004
163.942
122.497
334.115
499.999
393.347
128.851
208.341
132.199
72.3
48.275
424.486
258.043
499.999
111.526
100.68
45.754
114.507
38.054
34.604
89.38
70.206
56.748000000000005
77.412
33.224000000000004
133.397
56.268
294.541
53.753
499.999
70.593
38.669000000000004
101.711
499.999
75.552
354.973
15.554
44.852000000000004
101.266
197.907
374.77
73.967
96.548
117.664
87.221
52.525
47.88
92.60300000000001
44.436
52.99
124.384
95.499
45.516
273.24
60.504
72.903
258.799
403.161
499.999
90.773
136.597
499.999
54.586
184.517
180.602
253.169
104.479
75.47800000000001
187.898
99.906
199.276
295.354
184.736
75.494
306.844
51.072
47.815
102.158
87.393
108.318
54.01
50.363
259.847
43.073
83.831
51.361000000000004
499.999
29.664
42.09
66.289
54.705
151.57500000000002
229.643
184.124
138.733
109.35000000000001
68.58800000000001
217.00300000000001
40.316
127.625
91.84700000000001
113.35300000000001
63.152
32.534
163.781
43.32
134.304
129.621
61.783
103.961
306.547
499.999
27.136
220.782
267.084
51.377
499.999
118.845
123.723
371.512
363.015
78.901
80.977
74.033
321.974
126.95400000000001
276.096
271.662
127.306
51.355000000000004
62.202
47.49
123.23
499.999
91.855
499.999
36.619
344.594
223.671
66.343
58.149
178.19400000000002
368.06100000000004
83.148
92.874
27.254
419.383
22.785
326.373
47.989000000000004
39.494
34.597
140.483
95.96900000000001
499.999
107.107
170.494
380.56100000000004
495.755
113.279
109.09100000000001
314.94
436.035
79.84400000000001
178.403
114.092
64.161
133.93
41.663000000000004
38.591
423.659
64.84100000000001
296.332
143.626
84.305
30.773
357.895
142.393
23.661
37.095
127.324
62.572
499.999
89.935
144.126
107.52
499.999
157.933
33.473
63.564
79.483
72.84100000000001
274.244
485.593
300.899
118.815
227.16
195.453
57.751
92.343
60.237
225.09900000000002
172.382
50.615
178.174
70.339
154.946
50.182
69.967
499.999
138.526
103.011
50.714
145.4
22.601
69.759
135.096
449.676
57.123000000000005
68.33500000000001
82.018
499.999
38.063
36.282000000000004
102.565
461.504
344.67400000000004
58.808
186.548
151.345
154.89000000000001
276.394
50.192
80.293
181.236
60.188
280.166
48.357
212.961
41.463
499.999
28.95
79.906
94.308
129.385
55.399
68.693
112.175
123.592
418.589
70.986
26.767
147.099
21.742
129.28300000000002
47.759
473.176
52.814
40.255
212.656
256.42900000000003
104.455
35.906
95.822
182.526
36.585
499.999
53.149
18.677
41.514
213.87
51.803000000000004
385.887
72.515
93.674
89.565
499.999
67.1
74.776
62.163000000000004
85.224
210.505
36.678
122.333
26.3
87.44800000000001
37.725
30.129
165.446
72.172
75.77
174.309
84.95700000000001
136.84
152.52700000000002
99.256
35.616
36.201
31.217000000000002
430.483
26.825
198.06300000000002
410.492
109.131
128.05700000000002
209.921
36.685
133.794
25.598
62.222
35.546
175.701
119.116
92.776
159.425
310.966
88.138
39.578
499.999
58.274
276.234
172.01
166.488
144.462
171.108
178.63
77.327
91.403
38.379
218.312
72.706
29.465
94.482
99.27
229.076
55.103
33.056
102.075
271.13100000000003
499.999
30.026
499.999
208.157
68.58500000000001
499.999
40.823
111.261
51.705
80.194
469.584
422.009
51.001
127.31
67.136
274.452
135.433
24.981
74.693
39.279
499.999
182.585
229.534
87.244
31.096
118.807
87.35600000000001
214.196
68.18900000000001
60.74
44.709
116.771
164.123
20.031
61.690000000000005
55.274
499.999
49.575
111.677
51.271
177.544
168.973
37.288000000000004
52.202
61.013
128.169
63.505
63.375
35.849000000000004
90.044
268.86
214.51
114.97200000000001
337.035
39.369
205.34900000000002
57.06
242.903
499.999
82.66
499.999
31.919
78.235
33.131
40.85
57.894
114.60600000000001
344.954
81.333
91.47800000000001
51.266
64.247
100.806
48.649
414.898
32.561
78.543
36.009
193.01
42.037
499.999
114.925
473.846
144.954
29.194
91.252
499.999
54.071
345.234
53.884
56.769
499.999
55.92
316.572
298.827
46.399
53.189
198.947
30.325
125.926
499.999
52.616
138.153
110.372
102.22800000000001
299.544
61.597
140.234
60.323
209.102
499.999
209.846
62.861000000000004
446.30400000000003
100.22
41.924
34.234
245.31
82.262
101.19
95.275
123.694
43.133
70.869
50.691
405.432
459.216
160.205
85.13
109.235
137.4
117.39
60.485
58.169000000000004
448.957
46.85
93.941
24.624
64.178
499.999
58.672000000000004
68.58800000000001
181.3
47.543
45.767
92.024
327.904
150.149
44.222
31.024
44.628
56.804
51.055
106.042
97.571
75.61
73.84100000000001
499.999
72.092
149.08
81.513
46.667
30.211000000000002
331.801
109.522
43.79
258.37
26.121000000000002
197.982
134.483
89.19500000000001
158.306
44.417
499.999
85.47500000000001
52.433
31.307000000000002
121.59400000000001
90.535
104.86800000000001
290.731
90.58
115.72500000000001
117.518
34.152
119.259
51.53
234.14000000000001
499.999
45.838
66.381
132.80700000000002
41.826
58.588
365.032
58.480000000000004
29.321
45.079
175.195
173.59300000000002
499.279
235.20000000000002
93.858
228.058
43.089
235.369
313.49
242.999
367.017
78.22800000000001
116.58800000000001
332.601
106.586
136.089
272.365
92.45400000000001
321.928
108.696
94.786
81.715
42.426
393.629
68.491
24.466
28.564
243.941
108.962
123.52
165.39000000000001
56.965
499.999
120.12
166.684
499.999
365.788
305.09000000000003
62.045
52.72
139.861
54.585
92.23
172.697
187.647
141.089
41.34
141.418
190.3
87.68
109.36500000000001
41.651
157.903
45.687
27.524
499.999
77.898
77.156
115.08
33.469
32.93
25.595
86.714
148.895
47.326
66.345
114.642
106.302
78.307
97.27
128.011
499.999
174.328
55.068
499.999
157.562
50.426
27.002
31.464000000000002
176.558
183.66400000000002
92.778
78.302
190.852
40.229
59.203
72.977
140.708
114.748
269.475
186.416
117.574
127.558
39.687
143.00300000000001
85.789
81.081
39.276
49.282000000000004
200.311
170.523
182.145
83.869
499.999
63.179
226.888
499.999
28.785
50.439
28.560000000000002
40.561
98.31400000000001
83.57000000000001
81.767
188.155
38.389
53.522
282.13800000000003
41.161
267.28000000000003
50.676
69.15
60.898
142.924
34.301
455.309
105.932
170.32500000000002
98.819
52.759
393.574
112.681
41.724000000000004
87.87
93.21000000000001
20.07
36.328
31.43
281.813
175.104
165.21200000000002
70.935
184.049
440.111
48.682
91.598
499.999
499.999
113.548
26.603
32.787
182.116
338.90500000000003
41.213
169.519
163.111
140.788
499.999
188.102
74.441
279.584
74.456
264.206
114.482
66.644
149.815
76.485
409.157
137.3
256.676
47.666000000000004
94.955
31.372
249.441
50.949
191.774
124.765
499.482
99.396
123.551
48.393
499.999
167.826
448.411
19.948
254.732
354.421
34.591
139.81300000000002
67.673
58.404
499.999
76.005
72.546
37.212
126.73
36.754
267.706
35.468
186.101
34.455
120.632
145.889
146.835
39.125
71.94800000000001
271.591
129.321
172.222
30.63
97.11500000000001
169.385
42.428000000000004
37.855000000000004
112.694
80.45400000000001
427.285
62.772
151.992
203.05
499.999
44.763
166.345
93.644
78.374
239.88400000000001
56.539
120.069
53.188
233.159
27.137
55.539
225.314
73.138
39.317
59.678000000000004
183.506
164.547
51.918
114.733
152.335
116.47200000000001
34.501
166.491
499.999
66.318
61.618
32.982
145.651
123.26
116.632
499.999
177.821
80.292
54.888
138.419
180.43
244.342
131.484
30.711000000000002
472.979
38.099000000000004
118.882
169.97
50.74
53.813
80.124
50.021
36.603
105.552
33.188
214.899
196.052
29.854
40.759
235.905
63.481
67.037
34.972
170.719
28.36
98.011
54.719
287.902
167.781
110.784
74.035
499.999
70.193
294.498
227.562
497.196
62.437000000000005
275.243
499.999
100.889
70.301
45.657000000000004
47.884
34.161
170.373
149.786
52.037
54.438
43.148
45.647
335.40000000000003
429.639
34.904
68.69800000000001
499.999
499.999
492.132
116.47500000000001
45.164
49.035000000000004
499.999
137.431
377.72700000000003
52.136
110.959
189.945
88.797
80.688
60.067
365.308
136.185
499.999
207.136
312.257
88.265
499.999
212.703
113.94200000000001
291.416
147.85
176.915
26.176000000000002
82.209
61.689
310.873
103.08500000000001
49.72
120.933
172.364
43.931
499.999
148.141
79.619
246.906
120.976
49.066
83.078
57.336
27.743000000000002
132.073
306.228
32.831
172.716
104.44200000000001
57.692
164.782
43.861000000000004
187.311
96.298
499.999
136.465
109.11800000000001
413.647
257.903
40.871
415.276
123.539
133.55100000000002
75.377
32.656
55.481
37.429
286.145
469.439
65.3
63.475
49.6
121.479
43.085
499.999
346.831
499.999
93.561
136.714
112.239
69.405
86.276
101.423
499.999
172.66400000000002
225.386
112.99000000000001
24.157
47.093
209.953
338.442
41.294000000000004
115.542
127.708
65.12
167.54500000000002
373.956
85.687
48.088
111.10300000000001
27.060000000000002
499.999
105.904
212.044
198.025
71.012
178.435
34.926
176.386
499.999
131.834
31.897000000000002
115.61500000000001
122.801
196.585
499.999
93.572
110.617
134.278
229.06900000000002
82.169
25.567
196.488
85.361
168.184
107.078
51.976
191.389
92.882
131.947
189.34900000000002
170.025
93.319
86.093
438.344
86.81
83.895
99.913
150.213
499.999
392.349
88.166
67.805
46.747
32.75
29.414
241.133
244.71
237.756
148.294
67.621
211.499
64.592
120.678
71.833
110.437
52.436
190.122
60.1
381.265
67.197
353.515
201.359
30.374000000000002
41.287
69.44800000000001
82.839
79.917
87.717
60.855000000000004
102.155
178.947
261.31600000000003
120.803
177.005
499.999
41.85
39.072
58.522
92.056
102.415
94.428
55.342
76.474
66.91
49.799
97.72
295.368
499.999
178.92600000000002
499.999
35.51
197.037
83.55
50.263
67.086
30.678
76.96300000000001
89.561
77.441
367.862
39.823
88.547
39.022
39.328
101.602
75.156
499.999
70.303
43.102000000000004
294.66700000000003
69.619
95.158
42.032000000000004
182.716
61.665
44.589
162.961
365.065
281.836
71.598
310.937
225.308
24.757
499.999
308.63
98.074
24.6
39.496
35.06
74.532
50.162
21.016000000000002
499.999
219.71800000000002
499.999
38.483000000000004
104.12
73.161
39.002
164.423
437.902
60.873000000000005
95.905
35.326
171.595
206.43
49.055
29.05
64.452
119.402
499.999
55.888
499.999
81.682
499.999
88.479
216.326
88.696
45.836
499.999
118.453
253.201
23.79
22.273
116.667
95.578
130.665
93.56400000000001
79.872
499.999
38.571
499.999
108.788
29.747
70.973
163.428
162.668
33.977000000000004
499.999
78.166
323.301
338.333
164.26
354.966
104.348
499.999
50.929
307.855
102.682
43.548
299.25600000000003
212.53
34.026
499.999
499.999
330.485
94.745
179.114
69.639
52.813
121.159
67.181
84.349
155.254
170.922
92.212
78.371
116.926
80.08500000000001
99.254
60.072
121.804
323.192
142.008
281.085
115.60300000000001
134.16
32.887
410.177
209.089
219.802
109.897
192.22
402.874
181.549
153.254
101.632
61.147
82.256
154.135
278.633
36.495
136.448
52.613
39.865
130.387
14.688
127.074
439.813
44.723
51.393
30.833000000000002
59.285000000000004
68.522
40.343
70.59
111.452
87.46600000000001
499.999
267.491
345.219
109.418
65.331
51.289
92.446
69.897
95.47500000000001
120.642
44.52
84.95700000000001
499.999
34.297000000000004
74.417
33.741
56.246
39.537
70.075
190.727
37.507
58.491
56.915
108.536
50.724000000000004
318.942
124.101
133.79
93.721
272.824
87.35300000000001
42.185
387.847
499.999
97.69800000000001
209.891
62.717
192.486
126.60300000000001
152.517
173.78900000000002
114.56700000000001
165.835
128.696
46.952
218.904
57.202
45.633
67.987
499.999
95.493
60.215
47.433
33.508
155.454
462.58
48.408
34.909
45.774
149.55
278.546
112.068
47.604
77.035
290.895
137.25900000000001
95.887
61.969
44.841
42.79
499.999
48.898
499.999
151.969
42.59
39.947
178.278
285.608
425.117
499.999
66.333
36.661
22.882
204.992
77.71600000000001
183.84300000000002
104.614
91.267
93.83200000000001
64.885
77.508
499.999
36.202
142.538
51.902
152.281
107.929
146.632
43.056
131.439
290.956
186.149
108.562
181.162
89.124
215.453
50.434
90.308
190.086
117.053
119.414
36.185
499.999
36.09
370.909
68.171
499.999
97.511
47.942
90.658
98.10300000000001
244.537
190.288
74.258
499.999
49.801
131.853
58.422000000000004
154.961
49.04
39.848
216.187
34.686
33.199
87.935
74.153
281.27500000000003
499.999
38.49
59.684000000000005
229.798
37.442
56.335
165.96
235.475
219.352
61.465
108.296
75.72500000000001
145.028
110.509
303.456
25.647000000000002
119.427
20.333000000000002
134.696
72.095
382.109
37.327
260.50100000000003
51.704
34.756
479.956
71.855
92.791
40.219
63.677
45.936
80.619
30.847
51.027
60.049
106.831
337.562
61.131
38.732
63.884
102.41
158.282
85.206
94.84400000000001
165.707
188.981
130.247
25.857
258.387
169.137
207.0
85.297
42.983000000000004
120.029
179.008
499.999
95.06
51.067
14.045
38.42
358.2
108.534
107.22200000000001
20.541
53.661
180.238
37.998
53.673
143.768
499.999
65.895
76.946
56.389
43.29
114.287
132.217
100.70400000000001
18.72
142.308
436.052
64.117
49.938
66.06400000000001
35.468
61.251000000000005
334.008
44.32
205.714
79.127
61.497
373.408
163.06300000000002
23.369
55.623000000000005
74.223
85.988
345.337
112.506
99.038
220.446
44.342
57.471000000000004
53.972
99.483
39.297000000000004
23.416
64.389
463.072
71.815
25.379
137.401
44.606
39.688
66.861
214.004
75.108
101.81700000000001
125.458
94.796
223.873
94.694
267.472
219.243
216.398
55.803000000000004
54.728
41.005
61.977000000000004
397.51300000000003
36.093
149.451
63.442
33.893
116.158
208.747
191.83700000000002
53.694
236.762
39.916000000000004
499.999
155.435
181.008
212.604
32.566
248.572
46.09
101.015
119.525
18.838
60.754
79.121
180.841
31.535
54.901
499.999
46.724000000000004
103.904
499.999
158.606
326.807
73.3
52.11
86.60900000000001
147.687
124.667
109.508
69.612
119.274
60.189
75.399
80.539
29.117
247.794
262.76
45.228
127.565
185.143
188.016
72.621
29.352
190.06
471.278
308.445
105.187
156.166
73.542
123.991
29.392
154.905
499.999
191.566
81.913
121.217
72.96600000000001
43.981
135.288
145.781
28.94
158.64600000000002
177.555
56.259
177.997
54.534
116.977
106.436
109.39
41.563
36.645
122.247
76.381
282.822
28.922
278.33
244.86700000000002
76.181
89.44800000000001
55.569
499.999
469.844
473.16
240.142
99.19
132.612
331.411
116.302
34.677
63.120000000000005
233.656
80.021
43.773
177.114
100.37
282.69100000000003
56.226
499.999
499.999
54.557
473.132
198.668
118.11
499.999
261.08
291.10200000000003
53.979
67.473
80.81400000000001
67.621
30.109
33.446
378.075
94.649
74.053
43.189
33.398
260.801
499.999
112.60900000000001
62.416000000000004
213.285
102.382
137.083
116.55
38.933
33.906
51.415
133.916
236.05
58.254
196.96
499.999
35.779
112.696
107.599
69.377
68.28
54.753
412.053
171.871
85.916
187.132
48.149
155.266
57.563
99.714
55.572
36.186
93.769
280.923
183.873
356.315
24.437
160.363
73.07900000000001
32.134
248.651
44.739000000000004
62.018
77.928
499.999
194.09
86.541
68.867
128.761
48.34
213.674
148.13400000000001
410.04200000000003
53.239000000000004
35.752
424.916
499.999
136.798
128.572
435.23400000000004
71.686
123.498
334.157
65.76
106.119
19.789
152.502
72.84
71.153
88.08
186.288
37.197
34.274
248.959
77.382
499.999
28.311
228.185
69.28
286.457
286.555
499.999
168.798
499.999
175.862
111.905
499.999
26.568
161.698
372.17
499.999
54.828
58.164
20.644000000000002
304.29
60.141
468.889
169.46
103.773
56.824
59.022
78.927
276.037
155.964
40.952
209.594
21.687
36.53
499.999
47.808
63.647
67.233
68.44500000000001
220.6
144.693
302.925
125.3
40.135
499.999
83.371
37.244
460.781
33.595
25.232
175.839
109.411
225.266
113.87
44.738
35.808
101.126
71.354
61.326
33.251
121.22800000000001
48.910000000000004
25.806
257.928
56.179
53.910000000000004
34.069
61.609
81.18900000000001
67.015
42.841
46.917
44.418
170.891
99.85600000000001
25.305
83.017
499.999
260.194
103.10000000000001
52.439
113.773
33.49
84.449
57.296
214.29500000000002
74.218
78.272
50.795
135.913
113.029
44.959
328.29900000000004
52.634
56.087
499.999
70.488
38.244
46.929
499.999
31.023
101.533
61.272
461.656
55.2
131.549
37.339
427.72700000000003
58.234
49.775
48.208
45.475
499.999
499.999
46.164
45.521
140.446
72.468
169.815
44.42
33.533
67.42
58.398
60.2
499.999
53.073
34.289
40.838
234.01
323.72700000000003
53.639
24.687
67.001
167.363
60.870000000000005
216.403
116.663
34.287
154.232
292.859
499.999
68.96900000000001
325.521
32.786
181.58700000000002
79.97800000000001
40.864000000000004
243.418
472.765
43.437
311.53000000000003
91.643
18.669
144.55100000000002
36.952
139.317
35.559
40.631
36.086
499.999
65.859
383.52500000000003
268.735
62.132
55.212
64.315
46.323
53.311
203.32
172.952
122.02
179.643
45.774
55.855000000000004
29.933
128.728
87.383
57.568
122.04
252.565
121.191
395.392
61.485
54.328
82.626
499.999
55.261
83.304
125.19500000000001
105.165
56.489000000000004
138.685
36.248
38.706
63.172000000000004
66.209
190.381
33.436
154.519
63.097
54.72
25.571
315.39
327.648
499.999
78.526
499.999
226.471
328.748
81.105
280.556
499.999
208.553
70.785
209.06
499.999
76.895
185.071
70.534
130.951
134.279
64.28
32.271
23.018
110.235
38.598
39.514
79.619
48.517
93.623
142.397
220.377
499.999
426.508
56.601
85.14
139.091
261.775
61.885
111.815
302.486
103.834
75.027
215.892
70.276
74.687
207.827
94.465
38.784
321.31600000000003
499.999
69.578
99.747
96.818
54.668
51.934000000000005
60.841
45.879
50.058
33.518
87.903
499.999
158.691
107.022
49.444
222.893
497.101
185.404
451.449
84.812
382.776
499.999
159.766
81.778
98.827
35.758
30.135
84.203
499.999
31.047
44.542
195.014
59.251000000000005
132.18
266.901
42.571
22.724
49.735
294.37
115.392
28.443
166.778
70.084
37.645
36.507
416.56100000000004
361.19100000000003
70.759
168.61
149.618
29.388
499.999
150.547
24.461000000000002
64.693
292.762
31.048000000000002
499.999
67.038
63.304
62.203
62.448
112.21000000000001
87.652
499.999
25.071
23.42
79.828
499.999
128.672
217.073
73.33500000000001
88.542
106.563
63.528
111.185
41.308
223.26500000000001
128.854
357.38100000000003
195.37
72.59700000000001
106.444
55.805
242.87800000000001
61.619
369.50100000000003
67.82300000000001
381.83
67.354
70.45100000000001
172.231
44.28
39.513
331.181
225.536
28.311
21.983
79.429
25.900000000000002
69.901
122.139
31.873
195.122
54.568
68.47200000000001
70.164
125.385
65.31
72.514
90.72200000000001
57.796
79.931
388.385
41.826
79.558
29.42
499.999
86.59700000000001
287.351
61.587
143.274
174.232
264.423
31.799
51.625
216.184
214.241
32.697
499.999
54.163000000000004
95.936
78.031
42.435
149.342
108.644
393.984
35.17
109.674
39.939
42.551
42.047000000000004
147.243
80.46900000000001
102.815
45.419000000000004
39.057
37.525
47.764
55.199
108.203
68.446
102.116
136.962
41.302
89.9
137.566
36.796
54.827
124.404
66.72200000000001
68.555
44.03
379.777
342.17400000000004
205.333
54.276
499.999
74.861
499.999
61.314
160.862
123.59400000000001
190.978
104.071
129.256
29.397000000000002
150.585
499.999
52.246
160.927
41.965
114.09400000000001
81.538
48.533
81.416
62.907000000000004
94.031
98.825
59.343
61.411
49.502
67.152
97.782
355.516
338.759
52.499
82.77
190.77700000000002
36.361000000000004
499.999
108.673
26.802
80.855
72.19800000000001
499.999
33.051
159.40200000000002
85.075
216.485
150.276
213.785
197.418
47.452
127.775
32.342
43.812
162.001
105.406
144.28
75.002
68.56700000000001
374.42
385.872
212.00900000000001
499.999
499.999
93.19
47.616
46.333
101.096
278.166
62.136
92.435
96.752
88.162
475.607
42.513
139.186
24.162
183.544
406.878
186.25300000000001
220.308
220.743
69.115
160.923
456.285
81.569
138.159
79.746
499.999
107.803
375.21
17.783
431.076
403.444
56.235
499.999
65.137
499.999
29.235
35.063
205.654
493.709
42.678000000000004
45.004
126.046
297.42
401.183
70.177
53.439
39.925000000000004
435.76300000000003
269.652
54.213
128.573
98.178
62.128
499.999
499.999
56.752
172.651
45.594
131.446
76.278
108.298
136.934
70.271
34.316
368.02500000000003
51.666000000000004
32.578
30.09
45.15
90.424
129.949
97.382
117.322
66.039
101.559
141.162
43.411
65.97200000000001
55.809000000000005
180.455
68.206
48.028
144.321
73.9
105.69
249.309
45.718
174.412
59.714
31.444
95.783
146.78
499.999
111.60300000000001
499.999
88.075
52.475
101.377
166.33100000000002
219.588
193.70600000000002
63.300000000000004
277.184
66.08800000000001
184.03300000000002
158.946
52.89
54.877
53.613
91.486
178.44
68.926
311.23900000000003
153.536
277.363
75.223
72.559
209.912
329.60200000000003
44.382
52.657000000000004
61.538000000000004
499.999
78.483
153.608
31.763
49.093
30.63
114.274
318.464
62.608000000000004
41.7
337.529
63.128
499.999
102.898
212.067
23.69
229.116
95.685
266.045
146.479
497.329
120.202
113.011
92.35300000000001
68.471
191.709
143.251
364.115
54.238
34.44
499.999
67.893
499.999
87.699
78.834
220.552
69.888
499.999
44.06
195.43800000000002
54.56
35.765
440.955
393.526
59.049
46.438
150.5
49.965
96.178
80.944
70.029
87.36
127.358
279.20300000000003
45.789
38.979
392.06
373.656
499.999
207.255
91.042
403.762
499.999
366.882
126.35300000000001
35.203
146.091
45.075
45.917
36.333
50.534
141.055
224.816
215.35
30.935000000000002
187.312
205.769
29.433
37.269
384.521
363.324
183.124
67.59100000000001
157.80100000000002
90.086
281.107
45.378
45.524
80.044
37.927
56.904
114.691
51.134
119.691
143.362
130.163
66.727
499.999
29.386
355.231
204.266
58.226
499.999
498.407
319.699
31.900000000000002
305.671
51.619
29.548000000000002
315.784
261.466
36.88
65.642
135.084
499.999
30.584
57.24
40.099000000000004
30.164
28.582
120.441
123.61800000000001
328.309
128.241
71.382
52.7
159.583
68.687
105.934
260.093
24.665
39.611000000000004
56.093
168.948
82.902
70.304
31.412
252.936
223.138
127.148
48.873
54.414
195.005
78.97800000000001
153.589
65.875
74.697
421.845
41.14
499.999
283.999
159.941
25.02
20.941
123.392
68.57300000000001
135.4
70.976
179.869
250.26000000000002
499.999
51.205
155.363
330.79
222.073
147.70000000000002
78.555
212.936
52.912
49.124
77.305
136.992
82.45400000000001
39.308
48.876
65.071
90.009
125.982
71.808
114.247
101.996
71.499
499.999
499.999
136.784
136.042
30.12
38.735
30.179000000000002
82.37
65.262
50.312
116.788
126.649
234.043
205.05
91.226
36.912
108.88
167.979
414.451
26.883
23.103
390.533
107.273
103.47500000000001
499.999
86.379
129.462
435.09700000000004
55.2
73.72
65.86
30.283
499.999
397.69800000000004
158.00900000000001
43.414
83.925
314.431
238.57
26.645
99.813
287.999
190.143
56.254
222.041
70.542
64.97
49.767
172.113
66.21300000000001
100.924
133.781
51.237
49.769
19.391000000000002
103.417
58.809000000000005
279.011
42.966
61.559000000000005
244.094
499.999
405.416
270.384
395.818
197.098
85.561
157.228
52.392
55.071
72.803
499.999
185.209
28.143
219.92600000000002
499.999
360.704
499.999
40.266
69.302
40.142
213.42000000000002
24.275000000000002
52.414
32.221000000000004
126.193
145.434
106.995
373.991
499.999
46.366
98.31
229.591
116.041
74.58200000000001
210.716
164.32500000000002
22.227
38.889
56.276
94.199
77.754
441.719
499.999
72.622
53.561
149.747
108.44
222.339
23.374
42.931
44.85
499.999
86.276
53.967
157.449
499.999
499.999
231.64000000000001
105.527
38.524
77.522
64.475
46.545
25.285
97.57000000000001
242.81300000000002
136.274
69.712
232.425
499.999
21.841
121.361
244.904
39.189
37.771
136.972
108.263
499.999
101.413
269.475
55.343
43.088
42.06
79.021
387.249
222.748
77.065
68.002
32.297000000000004
49.002
499.999
180.519
106.414
499.999
67.178
89.479
163.303
30.587
230.068
93.16
499.999
45.923
125.284
60.35
115.736
49.734
21.141000000000002
55.212
282.618
158.768
70.574
105.559
26.810000000000002
73.054
40.0
118.111
173.797
166.023
156.622
67.186
35.863
93.614
177.576
45.09
65.47
240.363
57.347
224.653
196.12
379.519
168.285
250.5
131.523
53.46
40.535000000000004
88.72
80.892
334.849
323.894
36.997
499.999
136.204
36.924
127.97500000000001
41.318
83.075
322.153
20.611
257.773
155.611
76.245
215.504
45.885
264.64
79.516
34.418
32.966
122.991
134.921
103.49000000000001
301.63800000000003
39.767
42.101
28.454
118.887
54.76
303.003
52.693
173.032
455.36
140.524
89.486
313.41200000000003
204.492
141.368
83.878
112.62400000000001
149.309
152.006
453.599
29.271
34.734
61.906
32.862
54.939
315.145
318.91
74.027
30.989
499.999
73.446
366.086
26.241
53.109
86.492
72.517
43.496
111.20400000000001
117.10600000000001
152.95000000000002
35.92
107.132
76.656
458.21500000000003
42.848
81.85300000000001
82.807
274.85200000000003
47.246
38.715
41.611000000000004
42.848
60.711
55.832
47.603
75.94200000000001
90.679
65.955
44.151
42.097
25.835
497.641
68.046
337.71500000000003
34.375
499.999
48.47
378.722
106.646
24.032
392.66
356.621
232.065
31.304000000000002
62.621
42.609
47.198
499.999
215.71
499.999
61.95
26.169
52.869
499.999
84.489
85.664
38.349000000000004
43.266
140.227
107.781
95.264
52.197
27.424
414.213
62.298
112.84700000000001
265.895
84.44200000000001
71.118
26.578
110.473
34.681
337.53700000000003
83.18
176.367
39.782000000000004
61.808
60.561
26.946
131.031
158.344
32.843
160.774
130.781
61.477000000000004
49.906
65.42
56.854
40.963
32.435
80.294
160.571
499.999
96.628
183.293
159.37
499.999
20.856
25.008
138.142
160.986
499.999
96.468
185.236
144.231
57.119
35.95
41.111000000000004
65.464
110.443
59.424
35.364
121.416
55.413000000000004
134.872
149.852
320.71500000000003
85.028
499.999
88.71000000000001
161.73
55.259
43.906
95.577
27.685000000000002
352.52
126.153
139.992
181.98
46.972
249.244
71.284
65.632
310.298
94.218
101.059
60.468
499.999
86.869
363.045
74.402
112.843
37.105000000000004
43.672000000000004
63.787
78.748
75.144
50.401
33.211
306.485
60.18
44.318
47.953
287.454
61.224000000000004
153.75300000000001
357.71
88.236
142.441
125.556
168.386
313.641
117.028
70.19800000000001
216.50300000000001
335.937
55.324
173.04
277.826
402.081
37.637
66.203
33.441
259.479
54.443
34.718
55.271
101.127
103.34
108.402
69.852
138.809
495.289
113.327
499.999
52.54
21.576
98.372
120.635
21.555
136.116
185.22
60.713
47.797000000000004
232.598
101.08500000000001
46.86
46.749
98.881
386.333
154.055
45.102000000000004
213.967
40.769
48.781
78.166
267.595
390.923
395.975
195.764
23.452
249.995
72.641
69.139
62.025
102.2
47.486000000000004
114.078
431.45300000000003
274.911
34.383
141.224
88.81
213.01500000000001
499.999
499.999
499.999
26.465
296.632
53.407000000000004
63.126000000000005
48.694
48.201
110.765
49.358000000000004
37.07
35.233000000000004
83.242
405.521
99.953
30.718
46.471000000000004
127.99600000000001
392.604
328.795
54.151
107.27
54.286
111.20700000000001
91.799
46.594
318.494
110.45
113.252
499.999
74.078
56.44
140.187
76.46600000000001
43.677
39.807
53.496
117.389
95.388
265.675
79.816
197.909
499.999
248.696
44.883
40.609
146.209
54.759
71.074
46.351
499.999
48.922000000000004
97.924
192.437
45.766
107.533
31.946
97.145
210.237
32.919000000000004
236.82500000000002
499.999
193.266
38.300000000000004
98.9
47.963
130.848
29.989
246.95600000000002
247.473
63.575
119.738
228.67600000000002
97.657
499.999
80.618
203.818
267.171
23.329
176.998
67.506
142.457
50.327
89.07000000000001
28.37
78.31400000000001
66.35
234.187
81.254
466.782
203.949
95.3
23.735
200.107
65.037
51.951
53.755
75.578
79.324
61.295
86.861
257.444
40.968
67.181
39.061
196.81900000000002
43.353
195.824
45.573
306.189
182.809
167.68
35.102000000000004
39.097
120.581
75.515
30.378
51.322
25.899
116.941
117.929
499.999
200.95000000000002
59.174
35.787
448.834
47.886
199.433
29.941
499.999
67.712
73.935
19.844
104.275
33.442
22.516000000000002
319.17900000000003
60.27
16.815
69.084
217.96800000000002
51.665
499.999
87.351
88.548
209.314
499.999
262.481
363.11400000000003
34.299
32.061
70.913
152.141
66.577
440.97200000000004
119.196
61.307
48.521
84.33500000000001
27.109
95.82900000000001
148.155
73.71900000000001
108.229
132.598
58.974000000000004
155.844
73.218
64.01
58.486000000000004
25.447
165.234
63.550000000000004
66.568
62.42
248.22
499.999
150.102
60.485
38.092
39.916000000000004
130.179
88.249
108.474
104.355
58.961
53.268
330.586
35.051
83.262
56.992000000000004
50.485
261.745
145.964
73.76
229.086
72.114
66.135
262.193
96.703
40.097
69.021
339.374
87.644
162.599
52.765
19.409
126.281
24.917
69.645
65.018
151.499
499.999
74.918
67.696
107.629
174.187
82.282
127.151
499.999
29.299
72.736
68.012
499.999
369.319
499.999
398.594
88.622
499.999
197.505
36.086
254.71800000000002
50.967
499.999
49.942
47.675000000000004
259.08
120.206
174.598
45.622
313.426
225.50900000000001
452.327
71.562
438.286
499.999
24.052
86.257
333.168
476.589
75.021
95.421
113.805
56.696
26.691
137.911
283.547
101.883
116.052
499.999
227.615
73.801
68.47200000000001
61.964
191.776
190.11
62.300000000000004
72.123
207.54500000000002
66.066
358.568
49.137
52.559000000000005
36.311
47.351
120.105
95.604
200.0
208.255
388.445
499.999
499.999
78.86
41.434
209.154
92.807
36.337
106.455
51.432
109.31400000000001
88.004
75.126
124.134
47.778
66.202
298.817
80.133
169.21200000000002
51.987
46.716
499.999
76.458
29.665
207.94
476.909
59.326
285.445
53.956
43.113
452.75
58.858000000000004
420.593
402.516
56.45
107.424
61.097
181.366
35.96
499.999
31.517
168.516
320.668
320.016
87.447
49.814
66.926
87.18900000000001
158.82
69.79
72.9
252.362
48.519
400.58
149.828
58.878
26.765
107.392
51.895
76.843
50.511
335.85200000000003
313.91
106.742
168.31300000000002
228.31300000000002
101.498
44.429
286.35
69.82000000000001
119.357
68.09400000000001
499.999
159.135
499.999
272.555
424.856
160.68200000000002
108.922
33.524
286.241
336.583
50.33
90.873
370.782
222.941
50.412
499.999
325.543
344.748
64.471
67.734
29.979
131.776
25.211000000000002
24.159
236.18800000000002
352.601
207.036
75.554
48.194
208.399
210.945
60.062000000000005
58.872
227.762
499.999
61.109
65.395
52.44
87.186
146.873
140.055
47.397
36.785000000000004
134.446
34.063
314.937
179.037
473.044
61.743
45.536
39.182
37.843
54.437
60.756
119.013
24.68
77.709
34.12
499.999
163.156
31.795
128.62
248.91
212.089
147.435
499.999
65.505
141.909
61.715
47.156
81.528
43.953
63.552
173.68
32.366
101.319
76.203
94.372
53.461
78.281
499.999
200.09900000000002
44.778
326.82800000000003
61.867000000000004
36.318
197.91400000000002
499.999
429.137
227.08100000000002
306.75600000000003
72.484
55.88
351.584
108.21900000000001
40.284
71.42
381.492
96.89
330.90500000000003
168.30100000000002
27.101
58.370000000000005
60.916000000000004
62.308
39.33
365.628
93.61200000000001
100.995
34.489
336.654
127.135
45.189
38.022
97.489
83.159
166.192
42.499
194.627
97.182
104.649
149.36
53.512
120.238
22.093
23.945
306.741
131.321
66.506
243.541
55.49
165.165
137.654
308.935
133.00900000000001
310.788
210.727
167.543
77.849
105.98
149.461
291.157
499.999
76.22
69.645
499.999
101.447
321.379
165.94
499.999
42.424
316.641
19.868000000000002
469.168
62.808
102.996
58.883
147.466
187.534
51.085
483.202
40.228
91.309
231.797
499.999
87.995
68.432
67.45700000000001
238.336
85.202
55.891
206.532
223.859
281.084
72.667
241.70000000000002
64.008
100.726
338.669
499.999
194.27
75.88
243.445
134.528
48.127
109.546
428.163
188.755
352.009
64.028
243.062
162.968
44.616
68.395
58.449
499.999
92.932
146.79500000000002
23.736
133.687
38.451
377.597
499.999
112.441
26.319
54.276
51.414
99.534
43.393
59.762
66.918
37.819
256.823
50.939
44.994
29.714000000000002
174.261
132.112
360.397
130.323
240.457
94.938
257.557
41.177
39.238
130.168
306.512
49.183
453.259
94.367
41.286
74.839
78.49
499.999
102.176
32.551
46.697
48.067
30.218
199.47400000000002
343.032
127.861
157.327
403.545
101.639
116.236
129.15200000000002
187.455
108.411
51.953
133.156
76.681
36.211
242.673
36.86
138.257
64.4
99.516
117.025
97.297
101.301
165.78900000000002
60.173
227.64600000000002
499.999
268.036
100.395
48.252
91.508
158.922
79.304
135.52700000000002
110.672
353.738
65.03
73.155
83.843
97.253
76.974
179.744
115.018
264.476
71.574
150.917
89.604
109.087
369.307
91.72
111.062
40.171
59.44
214.377
397.286
95.32000000000001
31.074
499.999
36.77
499.999
67.514
476.035
110.536
85.339
137.39000000000001
154.12
352.472
378.933
59.974000000000004
85.539
52.487
499.999
89.662
499.999
499.999
90.759
76.515
415.338
194.762
53.84
77.946
148.975
224.391
113.63
194.066
53.433
116.209
39.495
94.865
49.579
499.999
27.901
69.737
499.999
499.999
163.671
80.884
499.999
49.068
79.934
499.999
40.25
56.148
34.191
49.573
52.19
75.126
63.474000000000004
62.155
153.418
57.169000000000004
36.744
155.565
59.283
499.999
185.163
44.056
337.468
304.693
119.396
36.614
52.592
303.342
70.546
110.176
207.752
57.655
62.771
499.999
42.426
194.744
425.565
52.391
95.726
75.07600000000001
115.634
92.523
18.832
104.661
96.652
50.025
115.191
45.414
62.122
481.657
499.999
42.03
100.022
122.158
171.78900000000002
342.543
113.196
88.424
100.527
118.973
82.224
36.355000000000004
54.479
42.991
46.482
56.895
126.726
52.550000000000004
52.569
63.973
81.914
81.913
99.958
97.217
76.891
40.759
169.264
50.985
65.36
31.616
138.39000000000001
152.401
382.794
41.738
52.912
84.71000000000001
105.85300000000001
264.752
499.999
499.999
359.737
67.574
33.583
77.872
449.204
78.983
47.673
268.733
62.877
123.438
47.508
116.684
73.543
56.728
291.517
27.811
72.151
157.566
148.769
73.366
111.24600000000001
39.644
203.784
252.178
143.413
24.236
65.171
230.131
93.522
122.578
43.429
216.9
22.379
437.624
33.199
61.735
65.325
123.587
145.141
319.229
61.584
218.42600000000002
257.1
182.96200000000002
499.999
345.552
69.33
25.292
122.162
48.667
78.147
235.389
65.232
209.758
43.312
203.93800000000002
70.622
67.536
174.199
499.999
499.999
233.594
143.82
48.84
33.883
33.273
124.69200000000001
105.723
128.953
387.92
32.753
191.794
499.999
21.605
42.519
28.966
148.483
384.419
42.769
25.216
56.106
83.232
499.999
22.981
330.58
143.093
30.208000000000002
166.87800000000001
45.033
143.577
499.999
452.008
90.226
60.063
230.59900000000002
96.824
121.684
87.249
213.411
348.493
499.999
60.107
261.57800000000003
167.898
327.26800000000003
210.122
157.554
202.543
205.002
119.706
50.484
179.048
68.035
41.616
261.38800000000003
68.769
120.199
280.538
322.02
83.677
499.999
98.264
35.732
116.11500000000001
129.12
222.769
33.304
228.844
37.054
57.683
49.887
87.663
107.875
164.732
258.368
197.782
268.86
41.958
108.935
499.999
185.00300000000001
499.999
95.868
215.947
64.661
221.935
373.509
98.078
499.999
95.107
126.10900000000001
58.592
17.748
245.043
95.486
122.571
65.303
60.198
91.897
78.739
77.408
321.41700000000003
81.513
125.04
239.922
179.107
133.653
56.49
134.48
55.091
40.149
100.636
41.434
337.548
372.415
499.999
338.198
140.046
98.834
280.922
42.53
71.72200000000001
499.999
345.522
55.398
86.922
283.797
499.999
45.226
499.999
168.154
59.64
143.633
121.31400000000001
499.999
293.323
161.423
63.426
46.546
43.495
121.8
111.86
395.956
186.911
121.892
386.487
34.885
22.188
69.202
57.713
73.17
197.208
499.999
71.578
269.379
91.122
431.563
135.696
52.982
40.332
87.287
140.341
154.605
262.859
114.569
55.179
175.278
153.349
324.788
133.699
240.19400000000002
45.125
407.269
116.87100000000001
93.06
53.84
46.506
39.786
97.364
499.999
411.629
44.467
178.846
179.951
23.615000000000002
92.437
105.251
499.999
46.721000000000004
444.095
45.863
499.999
80.167
119.07600000000001
279.121
499.999
58.119
98.709
140.353
314.148
125.205
275.19100000000003
499.999
40.846000000000004
64.82300000000001
262.168
37.329
268.70300000000003
38.778
119.723
76.009
386.925
81.801
38.352000000000004
45.76
63.633
37.138
30.281000000000002
70.388
81.88
56.834
45.209
268.964
44.077
152.599
499.999
63.214
81.95700000000001
204.472
50.313
83.284
45.106
285.44100000000003
82.761
499.999
46.565
228.323
123.288
29.194
96.887
59.707
92.96600000000001
167.018
68.068
99.774
227.466
499.999
439.105
133.37800000000001
98.074
80.123
47.818
45.653
57.761
185.608
104.72200000000001
114.554
29.544
46.589
206.18800000000002
65.386
226.725
91.208
261.659
499.999
46.566
20.89
217.443
46.492000000000004
43.189
50.921
185.17600000000002
75.026
148.781
153.26
499.999
36.222
109.425
68.239
102.918
75.425
48.354
466.883
199.406
27.54
420.956
83.233
340.1
150.268
117.57900000000001
151.177
109.002
318.019
195.274
43.743
202.278
405.14
499.999
69.461
113.738
25.062
170.044
125.715
50.958
65.57300000000001
82.81
250.516
430.354
62.567
94.476
314.294
499.999
57.658
126.409
319.065
55.649
56.316
499.999
98.157
99.889
67.514
37.378
267.326
72.47200000000001
91.547
25.648
79.373
87.649
63.911
235.971
144.459
97.928
124.33500000000001
478.026
499.999
413.571
31.446
190.793
296.383
67.384
499.999
56.46
38.317
90.19500000000001
92.71600000000001
92.909
415.52500000000003
64.014
32.227000000000004
499.999
59.947
137.156
63.058
176.876
31.674
55.745000000000005
194.55
38.302
220.70000000000002
44.94
51.497
68.543
69.01
75.544
58.031
114.352
165.528
49.311
365.11400000000003
167.82
131.73
65.849
71.651
153.67600000000002
104.318
499.999
40.027
94.394
499.999
499.999
349.463
24.2
219.397
93.35000000000001
271.649
35.621
161.46
24.099
73.352
128.614
135.15800000000002
499.999
31.287
332.012
90.22
499.999
80.992
147.89600000000002
61.157000000000004
499.999
262.66700000000003
60.229
180.69
131.06
195.898
489.089
52.845
85.331
36.469
59.978
52.328
202.731
499.999
166.544
169.455
182.171
46.549
41.161
168.781
193.56
114.242
371.639
63.067
58.708
38.295
292.339
211.197
55.714
77.857
472.401
54.649
340.28700000000003
37.396
146.059
341.902
66.401
118.23700000000001
373.535
122.376
499.999
46.372
216.727
27.139
183.758
21.882
113.515
82.652
27.963
31.833000000000002
221.077
436.172
34.977000000000004
201.537
275.901
45.364000000000004
37.639
24.068
499.999
41.113
27.626
152.226
89.354
287.721
138.113
164.079
221.542
62.203
169.464
75.006
311.711
27.955000000000002
351.826
499.999
52.84
82.20700000000001
25.204
83.184
19.515
98.52
79.266
41.199
86.021
136.183
455.011
87.687
262.111
203.871
391.849
195.528
42.174
41.593
50.800000000000004
54.800000000000004
46.872
22.568
140.18800000000002
68.673
53.901
499.999
33.953
52.058
142.403
42.657000000000004
43.715
79.133
153.328
89.96300000000001
115.393
363.54
67.979
232.292
110.98100000000001
59.338
377.02
499.999
112.498
66.074
91.643
57.124
95.84100000000001
52.983000000000004
130.103
135.649
466.083
61.914
405.371
264.931
235.436
117.614
46.653
94.803
384.67400000000004
208.881
153.212
98.255
137.863
373.363
25.459
98.71000000000001
243.424
46.044000000000004
326.104
34.904
207.457
54.214
135.782
82.286
214.601
63.299
136.478
202.548
186.933
40.459
84.658
323.776
59.095
36.773
134.33
67.913
166.473
94.148
119.904
396.425
24.725
110.627
327.204
388.71000000000004
115.187
72.875
168.169
252.943
41.537
66.375
383.427
63.401
34.404
37.224000000000004
134.549
113.381
53.81
271.529
302.808
49.433
78.08
68.345
24.982
213.175
59.326
51.646
54.78
457.95300000000003
167.112
41.825
23.639
40.782000000000004
41.304
63.806000000000004
274.397
47.452
70.107
23.115000000000002
313.382
67.45700000000001
197.28300000000002
103.873
230.412
347.182
102.31
100.821
499.999
86.71300000000001
71.68
21.018
336.745
170.474
78.884
148.961
131.555
27.814
99.077
181.24
77.739
31.219
304.918
54.483000000000004
177.716
41.306
59.03
48.975
84.07000000000001
29.442
198.446
45.152
144.508
140.365
312.686
79.517
297.219
252.095
485.858
95.054
370.06
58.564
154.359
44.943
417.652
158.381
109.565
52.441
126.632
17.574
384.826
120.382
39.494
149.952
73.08500000000001
78.765
55.675000000000004
150.809
240.48000000000002
201.948
166.885
46.295
53.858000000000004
349.95300000000003
499.999
136.64000000000001
85.667
262.498
39.834
28.479
109.409
119.11500000000001
76.122
245.75900000000001
177.36
499.999
121.997
27.963
30.215
230.862
355.648
499.999
65.388
389.737
79.266
76.268
156.843
46.455
139.304
31.162
62.657000000000004
39.106
193.41400000000002
120.81
183.13
72.434
378.553
88.97
169.427
499.999
113.938
126.296
85.503
61.651
58.875
94.284
49.563
499.999
169.919
85.822
499.999
58.927
272.049
246.186
30.183
176.965
31.269000000000002
90.205
146.864
452.79900000000004
208.769
95.60300000000001
499.999
61.157000000000004
190.57
302.338
296.396
77.22800000000001
140.886
37.902
58.101
499.999
143.582
125.428
50.329
94.488
146.824
296.823
19.393
37.216
144.805
249.496
249.945
47.728
151.464
499.999
401.16200000000003
36.001
40.242
80.892
50.997
65.24
499.999
430.247
33.922000000000004
27.003
102.82900000000001
198.584
49.373
202.977
499.999
260.974
60.018
210.723
59.313
53.449
82.345
123.157
329.02500000000003
44.165
15.476
89.892
499.999
99.271
122.81400000000001
335.91200000000003
95.683
211.185
197.81900000000002
499.999
182.872
50.629
56.835
69.557
130.963
107.027
38.622
343.29900000000004
477.882
304.983
499.999
42.166000000000004
110.779
112.137
410.17900000000003
62.462
107.141
47.985
54.029
349.26
118.49900000000001
33.29
499.999
38.707
111.162
80.405
143.205
286.648
67.499
46.427
277.574
114.211
38.563
456.403
78.167
170.083
114.185
76.254
31.671
94.72500000000001
227.05
88.21600000000001
163.088
265.255
109.896
50.036
149.298
95.10300000000001
263.658
175.391
136.583
36.664
94.45100000000001
131.03300000000002
499.999
284.201
499.999
101.062
151.136
43.971000000000004
44.117000000000004
499.999
499.999
303.22
294.124
73.638
242.838
92.608
44.887
65.253
82.819
126.49300000000001
499.999
103.552
77.124
95.116
105.913
62.843
26.936
123.73100000000001
46.915
72.513
127.773
40.698
65.812
79.756
42.279
369.317
125.767
45.976
31.376
78.44
51.923
42.624
73.438
55.671
93.071
96.09100000000001
158.18
240.77100000000002
41.581
53.972
499.999
30.674
97.48
57.457
147.107
100.007
76.427
55.937
32.047000000000004
161.955
136.059
278.922
499.999
152.683
29.787
35.709
158.416
230.16400000000002
125.562
123.396
160.683
76.883
372.377
106.021
33.197
51.376
117.159
278.862
122.299
89.949
162.117
499.999
79.563
78.453
339.814
26.192
310.445
43.732
180.147
76.516
23.783
282.125
118.45700000000001
45.697
499.999
93.005
34.473
68.337
133.082
105.19800000000001
137.605
160.198
499.999
89.25
49.203
25.056
20.531
95.996
179.261
155.13400000000001
18.163
165.05700000000002
99.424
55.123000000000005
126.24300000000001
339.854
133.48
81.675
84.086
65.015
73.68900000000001
72.622
128.613
37.163000000000004
135.457
69.632
78.645
246.36
101.34100000000001
315.598
43.103
156.477
499.999
51.63
34.445
80.766
93.18
166.099
328.6
235.097
157.137
67.547
125.508
35.327
91.72200000000001
169.727
37.407000000000004
47.435
121.766
35.853
274.475
261.389
54.565
279.014
181.174
69.944
155.691
157.63400000000001
169.15
38.812
70.324
109.315
41.482
76.664
499.999
94.638
499.999
61.586
210.394
174.15
408.99
223.36100000000002
21.836000000000002
37.662
499.999
62.439
80.065
212.754
41.167
49.381
57.127
309.688
39.865
46.78
72.997
50.64
52.016
88.665
499.999
105.294
32.563
108.309
163.379
26.957
53.707
138.776
212.22400000000002
29.346
51.5
155.62800000000001
113.488
52.077
41.579
76.363
68.583
499.999
499.999
499.999
254.853
30.976
42.938
130.852
35.665
196.846
146.791
111.187
97.89
103.503
158.623
70.747
29.464000000000002
499.999
316.24
98.878
44.995
94.931
28.203
139.293
68.702
223.019
131.517
117.876
38.479
217.633
499.999
59.564
67.359
499.999
499.999
31.847
183.428
31.942
145.014
117.519
85.444
321.81600000000003
49.123
230.30700000000002
44.629
367.402
32.802
499.999
308.358
62.261
222.05100000000002
44.199
272.427
49.016
58.6
30.95
31.240000000000002
295.394
400.443
24.391000000000002
95.20700000000001
233.007
180.681
86.989
24.859
27.526
39.124
103.44500000000001
117.285
198.309
121.96600000000001
87.236
257.024
165.879
24.676000000000002
80.98100000000001
435.423
499.999
102.438
238.44400000000002
269.749
91.668
166.431
231.973
108.422
149.06900000000002
48.439
101.07600000000001
22.574
269.287
459.883
201.733
125.37400000000001
249.903
93.182
69.376
49.369
185.132
360.718
71.565
338.793
117.583
74.277
69.399
244.951
172.659
134.135
46.04
34.71
73.047
499.999
499.999
123.592
283.967
62.763
252.936
43.587
208.273
318.13100000000003
145.554
102.697
54.285000000000004
42.1
71.684
144.916
24.438
329.505
161.74
161.661
91.382
81.802
29.672
107.848
181.35
71.729
138.577
191.12800000000001
28.617
187.232
499.999
282.581
162.497
65.318
70.533
124.41
158.32
110.263
37.629
489.83
65.19800000000001
52.941
52.991
198.312
85.602
30.648
89.387
65.765
239.08100000000002
467.144
104.378
42.11
58.313
36.187
73.624
77.53
144.66
133.137
45.045
54.165
265.539
499.999
160.489
105.086
61.822
43.786
94.45100000000001
69.062
51.694
106.61800000000001
499.999
45.074
132.678
42.016
51.228
63.230000000000004
201.648
101.172
41.203
79.361
69.334
344.051
242.011
63.319
74.154
99.282
41.927
270.951
113.94200000000001
222.848
28.38
137.735
91.243
81.215
301.572
62.374
52.901
61.64
147.597
147.195
238.07
180.471
33.266
185.824
140.481
110.997
438.375
39.997
266.607
49.993
345.598
154.761
408.38100000000003
209.292
119.277
97.86
57.654
48.383
116.584
499.999
204.805
111.355
113.349
57.919000000000004
51.694
251.749
24.547
65.154
42.073
112.549
103.867
298.819
133.981
403.957
127.75
97.49000000000001
48.859
499.999
90.037
88.551
125.748
464.75100000000003
287.814
266.38
445.05
173.224
176.008
74.754
81.242
499.999
71.041
61.445
30.056
83.843
141.559
196.924
24.705000000000002
64.022
95.456
20.072
155.296
36.931
499.999
36.379
53.614000000000004
77.581
21.103
77.043
97.94500000000001
263.052
204.356
237.26500000000001
38.72
499.999
113.07600000000001
74.09100000000001
175.744
73.675
87.10900000000001
158.466
242.63
230.173
499.999
40.797000000000004
129.389
81.605
90.96900000000001
53.975
107.026
499.999
360.12
83.925
50.943
499.999
108.23400000000001
499.999
188.407
37.848
50.507
99.718
55.279
23.232
165.279
392.762
75.502
82.663
128.25300000000001
109.276
193.006
120.711
287.815
51.253
496.849
205.25900000000001
499.999
25.764
486.329
51.579
23.672
499.999
143.871
39.574
34.093
78.656
62.021
234.692
206.389
28.829
336.11400000000003
75.618
32.799
181.631
109.892
83.955
57.175000000000004
69.449
482.30400000000003
112.352
482.257
374.88
253.805
115.108
47.466
78.559
51.413000000000004
69.634
74.397
57.583
69.48
36.651
97.336
98.471
87.558
310.575
125.10000000000001
291.105
80.897
56.232
26.485
282.36
392.339
345.19100000000003
25.402
45.112
238.012
75.367
144.867
34.766
88.148
57.966
131.15
86.38
196.739
93.926
36.561
233.614
119.113
382.793
64.53
153.764
56.377
109.554
29.051000000000002
53.84
44.208
53.337
352.31100000000004
68.667
191.266
46.912
499.999
58.331
55.768
285.765
168.785
44.410000000000004
295.487
285.926
148.97
39.437
499.999
32.219
76.961
127.84100000000001
158.931
292.536
38.081
75.765
112.51
187.179
108.526
442.651
35.176
246.098
460.685
264.045
49.973
141.601
69.142
94.913
76.85000000000001
38.368
44.763
44.01
94.048
102.105
39.054
80.421
44.365
499.999
42.29
171.26
55.566
71.663
427.008
49.439
343.77
140.9
120.646
285.943
117.92
102.22500000000001
39.259
61.555
50.758
123.816
56.859
91.718
246.316
196.732
27.748
468.375
173.974
43.122
254.318
94.19
53.803000000000004
125.75500000000001
35.009
499.999
46.361000000000004
43.334
244.833
24.924
499.999
124.054
114.726
233.549
47.619
70.343
306.401
78.81400000000001
34.521
443.833
499.999
76.71000000000001
60.588
404.944
126.053
142.764
151.549
152.615
70.285
365.325
266.899
69.539
80.598
82.677
52.006
125.929
60.344
221.9
35.003
92.278
316.055
107.686
473.735
409.588
499.999
276.409
45.351
408.598
499.999
115.262
189.30700000000002
106.634
142.78
21.697
31.072
333.305
499.999
243.016
499.999
154.085
60.789
141.218
66.182
70.525
35.625
220.109
146.9
49.149
50.892
38.009
440.121
42.902
346.06100000000004
101.682
209.065
42.481
486.99600000000004
36.431
180.48
172.208
157.894
499.999
29.051000000000002
208.16400000000002
149.232
60.425000000000004
175.186
167.324
56.627
19.069
169.517
116.34100000000001
20.752
140.24
65.637
48.572
37.18
364.994
371.02
99.858
40.341
89.413
499.999
499.999
84.902
190.115
57.064
50.889
265.80400000000003
75.20100000000001
80.515
81.173
499.999
283.497
79.241
75.533
57.84
40.647
217.92600000000002
29.43
200.512
24.275000000000002
61.635
72.433
49.618
108.47800000000001
56.393
28.904
456.461
61.051
44.761
499.999
31.595000000000002
39.071
32.035000000000004
44.298
418.863
59.613
204.808
105.741
150.714
139.124
60.706
135.109
261.32800000000003
86.281
231.762
102.496
327.923
222.334
130.442
33.165
158.068
174.349
39.228
43.161
163.27
155.855
409.90000000000003
29.588
301.93
51.106
31.508
39.053
197.886
44.109
59.496
372.433
293.807
262.926
137.221
18.951
240.36
41.522
335.139
122.254
176.018
240.62300000000002
30.505
499.999
56.326
83.849
177.81
429.499
61.955
92.21300000000001
87.071
95.479
499.999
75.882
118.858
54.964
55.341
499.999
186.399
91.809
40.196
77.271
255.149
148.788
79.538
120.29
127.891
499.999
53.797000000000004
63.815000000000005
93.885
96.646
32.631
29.809
62.151
147.173
75.923
191.229
299.91200000000003
130.959
56.826
28.805
499.999
74.465
158.04500000000002
104.906
200.33700000000002
75.382
37.327
161.85
28.639
83.741
38.245
79.243
74.549
58.608000000000004
97.045
141.209
25.398
94.77
68.09
91.34700000000001
76.47800000000001
36.579
57.134
374.5
44.856
43.18
499.999
66.671
86.123
60.242000000000004
101.923
232.45600000000002
98.259
36.656
100.57900000000001
61.976
263.356
73.619
85.834
162.30100000000002
212.785
56.439
122.407
44.51
499.999
25.201
29.282
121.809
177.123
214.054
275.823
141.178
64.887
87.381
239.95600000000002
63.315000000000005
153.107
144.124
132.296
118.509
109.163
48.042
18.938
20.768
91.901
278.994
76.383
282.032
29.919
169.297
60.465
91.173
204.972
71.334
36.436
33.07
348.122
156.409
344.211
43.208
363.819
44.845
90.60000000000001
149.761
313.878
478.558
203.534
341.367
83.424
372.755
25.891000000000002
141.221
32.065
56.109
125.791
83.414
499.999
134.921
48.263
153.881
101.57900000000001
51.86
42.582
129.425
141.712
107.443
77.203
35.714
132.245
168.784
55.089
58.885
114.34100000000001
59.002
96.428
222.42000000000002
92.468
139.829
52.724000000000004
65.984
102.008
57.087
216.21800000000002
325.35
118.721
109.59400000000001
48.902
50.604
103.305
58.715
244.585
55.555
54.58
35.553
78.415
72.69200000000001
116.458
146.711
78.093
44.124
106.843
100.131
89.736
116.377
77.33800000000001
36.283
235.71
499.999
35.614
210.434
70.237
50.537
148.829
379.618
381.431
16.188
496.223
91.827
141.686
189.269
117.367
48.365
224.304
104.197
32.609
253.03
261.091
48.209
372.357
20.984
30.142
304.214
96.614
112.56700000000001
30.921
59.86
35.496
99.935
499.999
197.016
170.485
135.504
499.999
121.554
56.543
28.264
334.473
499.999
78.16
81.22200000000001
47.749
66.531
77.906
42.36
42.009
262.416
55.566
35.230000000000004
57.872
76.649
101.21600000000001
115.774
63.190000000000005
105.962
49.093
323.297
334.576
137.03900000000002
30.837
44.447
146.963
50.648
499.999
449.514
42.242
217.921
181.43200000000002
236.048
56.515
78.759
172.638
69.228
173.404
154.023
42.594
499.999
31.978
75.983
66.961
240.066
169.90200000000002
131.425
234.73600000000002
140.137
303.091
499.999
68.307
90.361
489.00100000000003
69.924
288.879
301.109
34.928
156.06900000000002
78.822
61.376000000000005
71.15
70.687
124.622
499.999
223.04
50.551
156.842
53.592
97.373
93.792
158.418
96.71000000000001
115.177
152.579
63.103
229.092
186.942
375.53000000000003
165.625
250.35
95.723
61.038000000000004
365.384
58.516
420.495
37.063
24.783
31.742
44.775
156.39000000000001
214.68
102.992
65.285
196.379
55.266
47.039
66.984
46.597
260.869
42.306
499.999
95.964
233.37
94.696
174.476
20.975
104.366
306.39
36.416000000000004
53.892
285.334
117.427
61.433
110.29
499.999
194.036
94.08800000000001
199.12800000000001
125.10600000000001
320.936
73.84400000000001
73.672
65.983
21.892
49.84
108.006
358.119
40.89
243.085
114.43
72.441
51.742000000000004
161.466
59.538000000000004
78.515
84.058
97.69500000000001
144.491
162.907
132.639
175.762
156.136
42.132
233.5
53.56
499.999
101.82900000000001
52.444
347.024
499.999
34.115
81.19
299.783
106.757
66.99
52.106
28.329
37.149
202.756
131.374
244.5
160.154
69.229
54.2
46.359
39.625
86.515
65.672
358.496
163.543
56.566
106.8
148.861
51.739000000000004
499.999
286.671
148.79
359.98900000000003
47.106
119.583
344.757
75.617
197.549
65.723
107.083
194.656
141.924
52.428000000000004
63.302
46.812
299.433
323.809
90.938
60.356
155.993
67.888
74.746
53.212
95.526
196.294
54.642
25.202
76.017
136.233
61.041000000000004
66.974
233.85500000000002
45.157000000000004
277.971
36.358000000000004
58.649
33.429
69.36
85.675
264.436
70.399
141.214
54.558
120.95100000000001
55.213
323.65500000000003
208.195
72.59100000000001
42.421
190.986
142.758
82.423
74.681
115.232
75.849
58.845
184.725
66.521
50.287
55.047000000000004
129.816
106.531
108.315
499.999
91.09400000000001
439.666
45.26
184.18
206.71200000000002
95.19800000000001
49.182
25.761
40.689
157.34
69.705
162.681
352.793
177.81
284.619
124.96300000000001
111.093
43.777
121.117
56.63
48.079
119.262
100.762
233.393
223.524
122.62400000000001
34.562
190.83100000000002
49.064
96.825
83.319
499.999
83.151
69.404
347.595
26.951
107.455
41.208
137.922
71.328
189.582
221.017
77.028
107.294
370.434
499.999
253.816
317.722
91.505
67.61
365.517
101.48100000000001
123.152
53.353
157.727
113.83800000000001
114.806
51.347
107.269
60.931000000000004
118.35000000000001
186.49
499.999
54.822
164.669
101.63
399.005
151.195
45.78
69.853
143.986
49.297000000000004
150.261
61.024
176.424
51.871
499.999
43.159
349.865
202.073
499.999
207.18
39.396
414.757
69.652
29.781000000000002
244.915
71.133
250.096
60.492000000000004
232.399
499.999
177.119
64.155
426.79900000000004
97.34
101.034
187.222
30.425
45.015
39.466
96.402
61.948
370.048
124.568
77.115
180.288
76.28
39.339
206.17000000000002
61.046
25.224
221.573
97.932
23.571
66.802
33.42
49.165
66.402
485.502
499.999
122.926
296.284
47.336
153.838
29.675
333.72
24.171
70.786
121.425
186.393
499.999
29.97
152.237
50.039
180.036
289.549
223.78900000000002
92.378
45.009
80.82000000000001
477.406
106.83200000000001
84.834
97.19200000000001
168.18800000000002
22.548000000000002
55.976
89.395
91.533
172.048
33.272
188.45000000000002
105.574
107.787
51.621
76.38
313.187
131.54
56.731
52.154
499.999
73.32000000000001
52.701
123.977
67.33800000000001
499.999
59.79
158.8
212.001
499.999
97.881
244.05700000000002
55.819
63.833
33.909
90.687
440.315
162.19
499.999
45.864000000000004
53.552
108.006
499.999
309.749
142.654
41.028
25.756
80.84
132.109
101.96600000000001
37.551
20.004
352.63800000000003
312.068
228.999
304.921
38.705
44.663000000000004
110.959
499.999
48.076
41.128
169.81300000000002
110.092
305.356
63.278
283.88100000000003
499.999
69.446
20.226
371.762
100.783
499.999
66.70400000000001
96.96900000000001
42.01
103.346
417.5
217.649
499.999
62.117000000000004
346.61
72.428
88.525
92.179
149.993
499.999
199.51500000000001
499.999
261.983
45.202
197.84900000000002
45.531
81.5
114.912
499.999
308.392
69.273
60.086
66.434
98.23100000000001
163.451
48.448
178.659
48.237
499.999
499.999
36.746
325.892
274.136
72.571
75.248
422.737
54.888
136.61
22.04
45.526
499.999
499.999
44.254
44.03
42.011
101.955
397.266
248.358
401.72700000000003
84.543
287.79200000000003
201.722
58.109
499.999
51.945
53.695
363.964
297.922
499.999
66.792
116.822
99.774
86.559
138.546
428.08500000000004
32.013
215.101
91.944
499.999
134.203
56.034
25.255
48.309
76.741
160.15200000000002
33.377
83.287
186.479
499.999
82.772
350.837
84.37
40.798
120.655
229.341
42.129
158.12800000000001
86.253
24.966
65.298
214.826
288.36
310.729
343.925
499.999
499.999
81.426
150.181
138.06
92.806
201.20600000000002
91.464
61.528
64.044
67.443
193.367
78.309
261.213
314.481
69.855
48.789
241.804
208.145
108.087
141.644
106.122
42.891
190.07
98.239
83.486
43.644
87.284
499.999
64.282
22.26
414.67900000000003
109.047
451.59000000000003
152.704
167.85
51.686
164.983
147.693
24.132
60.476
114.409
77.148
36.13
98.114
38.486000000000004
499.999
291.616
26.093
133.19
76.16
258.286
41.660000000000004
499.999
37.534
80.461
194.308
35.092
53.772
56.361000000000004
267.121
52.842
114.241
103.621
53.69
254.597
123.18
59.972
79.795
45.206
96.20100000000001
42.76
91.232
105.283
23.211000000000002
499.999
90.675
185.429
474.545
43.551
24.853
56.22
69.08500000000001
210.685
41.38
53.71
327.062
203.01
323.303
68.362
46.980000000000004
221.707
192.576
97.254
379.241
337.21500000000003
149.865
73.364
153.196
102.735
103.797
79.051
61.697
33.36
112.174
135.501
476.791
146.27700000000002
148.199
150.353
293.537
90.766
107.944
96.732
499.999
499.999
31.851
51.26
126.74900000000001
22.406
46.697
192.285
65.882
63.357
81.57000000000001
58.763
234.108
40.135
73.337
158.048
168.359
45.748
17.455000000000002
50.323
186.923
379.779
40.036
67.913
96.559
52.712
67.07000000000001
142.328
202.94400000000002
74.884
97.873
100.796
144.739
45.979
173.726
379.714
123.649
76.396
63.861000000000004
81.887
44.414
74.911
141.598
32.345
66.08800000000001
86.37
34.631
105.73400000000001
51.943
47.75
33.941
147.516
89.186
68.699
27.201
67.69200000000001
139.88400000000001
52.625
143.431
267.487
152.018
64.036
343.805
54.955
47.642
215.645
22.972
147.877
466.904
54.822
57.515
224.58700000000002
39.365
125.662
499.999
97.94
155.595
72.634
49.176
67.615
377.934
42.213
82.979
155.435
160.297
49.193
163.709
37.648
95.569
131.655
124.522
499.999
499.999
90.709
70.611
140.595
274.992
425.07300000000004
86.28
431.724
72.653
91.244
86.924
95.909
42.767
48.351
45.303000000000004
132.965
299.704
13.262
76.39
65.793
136.55700000000002
145.809
499.999
93.693
499.999
62.967
47.571
86.185
31.547
19.107
83.04
60.187000000000005
44.727000000000004
65.71300000000001
234.185
86.446
348.197
35.955
400.021
109.205
79.133
499.999
346.612
162.231
149.025
43.963
139.508
116.269
30.479
39.713
298.561
89.3
234.484
33.139
50.67
479.044
30.164
139.967
67.839
48.752
497.504
32.754
40.267
53.816
381.3
64.763
181.809
276.918
192.512
89.905
480.521
83.565
39.542
154.661
38.207
53.18
70.649
87.827
97.73400000000001
150.431
53.078
31.342000000000002
181.189
108.679
111.668
44.218
499.999
321.245
223.217
24.232
36.032000000000004
45.392
183.413
496.608
265.079
355.18600000000004
71.714
124.803
25.621000000000002
432.786
24.643
371.932
126.553
189.278
139.392
493.616
69.112
81.874
74.754
55.708
56.029
201.33700000000002
499.999
294.282
235.04
37.447
63.549
193.171
163.961
43.689
53.215
37.903
234.918
58.151
91.083
52.738
112.545
380.582
51.706
69.363
45.516
292.274
208.23600000000002
60.136
244.572
124.268
23.298000000000002
452.825
53.486000000000004
499.999
48.353
77.276
33.361000000000004
82.033
78.456
60.231
40.19
44.432
46.989000000000004
238.26500000000001
62.718
87.985
499.999
499.999
499.999
64.208
56.969
148.191
42.286
47.056000000000004
350.546
181.867
127.932
499.999
127.638
85.62
36.084
44.297000000000004
42.915
158.513
38.688
49.171
64.269
316.87600000000003
499.999
58.300000000000004
22.729
39.889
82.052
44.149
28.34
184.693
65.32300000000001
175.52100000000002
43.703
463.08
61.976
63.599000000000004
197.81
499.999
68.062
85.669
54.536
159.031
263.077
105.431
40.328
104.685
78.34400000000001
72.243
185.162
250.957
122.054
499.999
31.062
499.999
141.379
50.841
40.286
365.52500000000003
103.784
112.44500000000001
26.641000000000002
43.34
43.456
36.771
158.839
61.075
499.999
288.923
499.999
44.928000000000004
59.466
242.141
499.999
456.111
404.842
207.443
387.743
145.125
50.480000000000004
26.589000000000002
119.485
117.45
120.765
47.573
114.724
38.312
182.506
29.503
242.59300000000002
36.853
102.904
427.00100000000003
45.848
175.21200000000002
31.555
140.722
103.83800000000001
65.96000000000001
140.935
215.144
70.78
54.698
219.308
51.621
56.688
107.223
55.582
32.13
234.141
27.828
499.999
96.397
41.614000000000004
361.211
38.006
168.306
48.137
47.351
142.782
209.96800000000002
28.253
499.999
85.57900000000001
44.689
186.018
33.879
134.39600000000002
357.63
95.971
116.87100000000001
42.055
141.17000000000002
124.766
97.095
28.721
28.338
37.681
104.768
159.817
499.999
40.274
109.486
36.874
50.984
241.912
99.351
79.796
112.275
69.377
98.75
188.872
64.988
300.548
138.42000000000002
133.63
68.436
117.291
499.999
214.621
126.08500000000001
86.09
53.523
499.999
110.238
103.639
169.49
262.174
38.09
156.887
66.70700000000001
285.60200000000003
127.46300000000001
48.576
124.76
102.646
23.524
499.999
56.627
91.992
82.73100000000001
94.762
179.996
162.151
48.189
309.743
63.958
67.979
499.999
140.873
331.204
319.844
499.999
99.955
497.115
49.116
131.083
77.169
39.361000000000004
499.999
174.605
94.395
499.999
96.77
492.35900000000004
49.362
493.682
255.856
76.327
45.125
499.999
486.473
183.90800000000002
499.999
256.32800000000003
26.482
499.999
198.15
92.252
49.337
70.671
70.474
323.811
347.707
101.233
59.127
64.805
80.07300000000001
31.015
37.238
72.625
307.079
22.662
32.13
58.392
105.881
311.208
80.548
60.045
242.88
88.179
75.044
177.83100000000002
45.72
56.401
32.402
205.252
89.361
59.764
158.362
120.629
110.285
210.957
54.599000000000004
119.861
24.741
158.15
239.505
25.917
57.097
23.6
52.781
51.478
34.228
176.834
254.055
272.6
499.999
379.434
209.427
48.939
274.90500000000003
32.87
343.274
69.767
69.518
98.953
403.532
499.999
248.747
83.259
291.983
82.349
103.711
153.941
162.493
57.821
127.33
96.46600000000001
68.096
121.9
139.488
28.826
88.271
208.572
292.948
22.815
83.636
118.98100000000001
378.416
499.999
499.999
57.614000000000004
227.269
111.281
37.068
44.147
499.999
143.544
78.279
97.61200000000001
42.1
65.029
499.999
106.301
338.697
126.73400000000001
110.596
380.718
175.00900000000001
85.795
67.83200000000001
84.858
44.706
499.999
499.999
471.603
172.165
56.815
76.296
49.223
414.579
371.326
499.999
67.923
148.933
24.152
53.800000000000004
51.997
184.822
258.452
237.198
202.508
75.924
33.218
22.827
75.154
278.086
89.251
144.206
55.988
156.383
68.732
153.143
195.077
103.655
98.021
499.999
55.941
55.005
499.999
144.43200000000002
166.90800000000002
287.05400000000003
46.96
74.81400000000001
319.536
106.131
44.484
63.161
47.0
332.728
356.282
138.042
155.286
241.318
55.551
315.541
317.53000000000003
26.542
350.845
246.755
332.686
74.642
44.362
60.423
72.531
32.321
87.764
82.264
72.24
46.389
74.888
235.05100000000002
130.99
169.852
63.036
499.999
78.135
499.999
53.624
485.494
221.671
393.523
28.169
305.105
173.622
223.11100000000002
37.433
56.249
35.93
79.831
78.522
422.408
499.999
32.643
62.471000000000004
122.802
106.997
37.216
87.961
26.23
337.254
61.686
50.689
83.361
251.749
37.584
191.004
62.483000000000004
482.32800000000003
76.912
94.315
200.70000000000002
182.822
85.639
146.299
138.15200000000002
28.249000000000002
88.84
141.993
74.311
32.451
214.104
77.997
362.149
93.206
132.874
106.183
42.814
39.410000000000004
246.88400000000001
110.852
499.999
48.851
60.262
295.964
180.862
73.988
71.08
174.25900000000001
121.052
286.198
170.392
62.11
65.666
477.749
388.658
48.904
447.874
175.96200000000002
59.427
499.999
71.372
218.347
365.54200000000003
133.65
93.247
217.071
122.23100000000001
98.794
89.94800000000001
31.668
41.189
103.776
168.391
39.238
96.275
160.52700000000002
25.345
134.955
499.999
22.8
68.348
55.692
36.201
77.272
121.95400000000001
24.708000000000002
28.856
35.847
361.221
44.798
212.871
55.845
104.871
105.078
389.633
221.59900000000002
180.442
140.369
269.341
99.185
84.574
135.571
138.492
479.645
41.841
211.161
102.34100000000001
52.814
31.737000000000002
54.929
31.463
97.18900000000001
99.708
130.721
57.209
94.337
123.724
64.277
152.673
45.817
285.425
88.087
160.499
343.934
155.306
125.99600000000001
87.277
98.152
499.999
100.391
124.528
30.836000000000002
63.605000000000004
94.545
59.341
51.031
436.857
356.932
473.223
499.999
47.096000000000004
62.237
67.429
371.76
212.532
42.496
36.923
138.159
52.596000000000004
46.221000000000004
330.19
69.947
158.399
248.923
71.59
137.534
499.999
73.762
243.151
46.445
36.95
65.34
100.934
52.221000000000004
41.387
157.019
26.733
322.03700000000003
46.358000000000004
67.697
499.999
128.75300000000001
397.144
152.904
40.834
51.699
64.32000000000001
86.889
364.95
106.062
92.193
145.572
157.779
65.21300000000001
92.821
73.352
38.467
96.31700000000001
46.514
39.655
96.166
31.641000000000002
71.163
136.058
71.348
99.19500000000001
344.84000000000003
104.757
285.34000000000003
107.53
311.25100000000003
58.626
96.625
79.096
48.977000000000004
105.83
214.29
65.69200000000001
97.565
370.145
184.06300000000002
39.907000000000004
61.24
62.802
65.2
202.981
51.029
97.286
66.354
28.306
102.818
79.197
499.999
53.221000000000004
33.838
37.728
117.845
499.999
55.49
151.92000000000002
239.291
27.816
499.999
386.27
308.688
310.427
63.172000000000004
499.999
366.983
57.837
137.203
222.049
196.861
211.815
64.653
499.999
298.411
492.11400000000003
499.999
140.493
159.93200000000002
126.98
66.804
32.446
199.333
61.071
20.471
350.943
21.949
499.999
131.145
54.274
93.78
43.51
161.81300000000002
74.729
30.963
499.999
52.949
499.999
88.755
94.14
198.805
62.895
241.675
47.312
116.46300000000001
173.27
374.997
272.781
90.953
132.352
32.865
20.61
99.331
127.756
86.33200000000001
104.97500000000001
494.387
53.805
77.181
45.564
149.911
36.198
86.471
444.463
174.572
63.379
114.485
37.886
132.157
19.171
167.3
257.901
107.467
268.047
499.999
68.421
139.235
55.228
84.924
281.676
268.529
221.393
89.155
46.148
44.57
44.837
499.999
177.062
177.94
51.282000000000004
76.92
78.362
115.508
268.257
48.391
50.202
89.371
95.249
499.999
65.493
53.376
120.34400000000001
126.06400000000001
35.218
499.999
76.248
93.529
69.818
221.674
138.092
145.994
49.958
102.61
180.78300000000002
123.85600000000001
55.727000000000004
402.457
61.566
86.277
242.306
383.237
218.44400000000002
73.321
103.173
72.731
65.862
24.948
66.231
89.215
29.580000000000002
185.108
144.792
115.943
101.747
83.366
99.674
330.55400000000003
134.405
78.69200000000001
54.550000000000004
57.910000000000004
35.407000000000004
112.494
118.261
167.172
499.999
79.95400000000001
435.741
23.751
91.76
26.518
83.44
46.063
78.072
283.375
176.39000000000001
172.708
32.774
195.046
367.487
103.114
158.351
20.447
499.999
499.999
390.98900000000003
105.681
101.762
89.686
499.999
307.206
334.895
47.571
80.721
468.015
499.999
110.777
55.631
286.482
127.47
133.648
499.999
88.413
443.069
46.18
136.692
300.946
189.446
319.372
499.999
41.743
307.875
38.078
331.057
46.041000000000004
499.999
372.697
60.072
37.084
94.659
53.099000000000004
61.492000000000004
57.209
102.857
32.003
84.921
30.224
185.636
107.39
248.929
22.984
280.243
78.381
84.562
56.735
40.131
499.999
114.287
131.991
76.84
57.283
54.643
176.145
245.287
418.538
85.792
35.476
499.999
120.592
81.703
499.999
99.96000000000001
63.262
42.619
45.711
101.926
187.721
100.435
27.947
386.474
21.688
47.202
301.094
484.884
81.57900000000001
94.708
44.660000000000004
154.244
35.707
129.785
66.822
51.355000000000004
165.186
206.606
33.09
101.86200000000001
63.019
89.365
39.467
45.283
27.255
52.736000000000004
52.949
40.634
162.469
76.989
499.999
395.088
145.582
234.90200000000002
69.07600000000001
499.999
50.601
350.356
139.30100000000002
41.478
56.331
198.59300000000002
54.711
56.07
78.397
83.399
40.147
37.744
66.182
66.559
111.726
175.897
499.999
83.47200000000001
36.194
499.999
82.259
153.775
354.788
80.533
122.318
99.746
183.399
22.083000000000002
33.103
165.17000000000002
173.649
207.142
24.921
87.048
235.12
146.136
135.088
499.999
83.617
126.514
51.487
110.415
499.999
340.584
68.31700000000001
124.092
37.836
310.19100000000003
52.498
232.459
352.735
125.842
53.08
492.59700000000004
105.116
68.297
143.911
94.44500000000001
139.45000000000002
62.745000000000005
93.932
202.193
103.214
103.9
49.06
76.973
29.986
499.999
43.452
64.013
183.308
150.226
143.499
261.384
85.81
71.119
65.933
47.914
207.793
59.229
43.381
80.018
58.072
44.832
160.056
42.728
47.314
179.292
247.91
49.238
26.36
146.68200000000002
20.468
285.635
221.145
317.507
31.378
204.28300000000002
30.162
131.054
403.565
239.93200000000002
138.72
50.545
53.661
86.108
52.792
31.889
42.264
155.179
85.683
62.547000000000004
88.35000000000001
31.463
91.506
92.396
499.999
169.323
163.631
47.772
309.589
40.499
239.829
31.063000000000002
24.451
190.141
91.418
499.999
171.847
77.19800000000001
499.999
68.373
62.473
94.299
112.098
21.91
197.91
134.872
42.081
82.312
109.504
290.365
48.456
144.213
160.653
57.443
443.776
30.337
65.62
143.14000000000001
38.153
43.988
65.746
499.999
38.37
132.505
66.605
51.598
53.985
54.34
371.237
111.518
182.235
139.163
27.802
70.57000000000001
499.999
74.59
121.211
72.005
83.988
36.817
220.863
499.999
98.515
51.091
88.664
215.264
46.538000000000004
45.809
42.068
61.263
104.507
299.847
44.783
252.08100000000002
34.145
227.894
104.315
22.579
499.999
62.649
150.77
143.604
273.526
378.63100000000003
42.144
22.696
143.53
80.296
115.88
73.816
53.444
281.276
24.996000000000002
72.539
66.268
52.324
56.181000000000004
484.544
258.493
436.935
48.248
123.361
151.75900000000001
492.887
167.199
40.596000000000004
236.323
109.006
48.571
180.428
57.405
65.819
93.857
105.708
143.76500000000001
28.207
261.519
499.999
54.957
207.526
455.903
56.449
63.768
58.0
489.909
146.614
49.458
395.016
129.446
77.328
76.805
112.309
288.329
95.96300000000001
128.257
348.157
66.973
159.82
60.221000000000004
88.161
51.9
499.999
197.954
275.33
95.147
134.272
87.896
356.776
178.20000000000002
86.38
113.852
254.967
312.947
97.325
73.721
333.359
79.004
65.281
54.401
77.042
66.14
51.673
499.999
75.665
107.521
43.93
76.909
106.781
237.845
403.833
90.297
66.919
61.401
25.489
182.957
103.757
117.205
82.267
47.513
499.999
33.785000000000004
48.577
47.914
58.523
61.162
70.342
123.102
72.986
69.113
499.999
50.484
112.182
89.572
155.608
418.873
282.033
71.97200000000001
156.279
82.97
142.31300000000002
486.353
70.674
189.214
41.375
499.999
238.788
86.45100000000001
269.746
87.59
143.918
179.954
470.297
156.059
171.338
499.999
92.124
156.762
235.365
42.027
48.306000000000004
127.264
188.118
105.70400000000001
31.499000000000002
189.48
195.341
36.241
23.801000000000002
499.999
118.768
198.089
95.313
194.905
72.83200000000001
50.016
71.807
274.574
49.22
84.772
173.618
59.65
348.573
187.373
74.605
260.696
59.082
67.377
67.794
499.999
23.082
93.799
148.287
124.308
63.067
140.749
499.999
108.352
41.904
29.007
153.346
71.232
38.715
39.135
48.542
365.991
258.964
181.17600000000002
85.032
150.38400000000001
47.816
127.711
499.999
66.568
150.304
499.999
85.145
90.34100000000001
64.803
294.087
57.697
339.42900000000003
47.991
339.247
65.268
79.275
25.573
29.164
50.706
99.873
38.322
474.322
84.791
66.896
116.952
65.14
118.422
70.984
56.427
86.235
53.582
124.386
127.241
60.53
89.154
102.684
148.977
302.733
301.87
65.967
73.042
115.196
273.901
57.494
165.697
201.522
225.894
234.871
116.852
177.744
499.999
37.525
135.823
134.406
78.075
39.875
147.228
47.079
424.464
41.856
106.782
77.81700000000001
80.27
55.617000000000004
188.36
66.433
418.277
209.607
58.616
72.752
32.928
34.893
94.495
235.59300000000002
67.31700000000001
34.209
64.554
157.415
78.685
266.914
145.805
166.385
211.892
110.031
291.713
428.252
99.315
133.442
260.826
48.277
237.062
87.792
322.266
79.199
23.26
66.464
245.112
102.955
60.082
499.999
222.86700000000002
71.218
129.31900000000002
499.999
350.935
83.525
499.999
108.98400000000001
31.001
69.262
408.345
66.318
251.341
143.607
40.267
37.921
42.479
50.684000000000005
116.185
67.281
43.652
499.999
97.547
58.071
64.772
168.252
63.729
94.184
32.138
39.514
30.291
258.707
55.949
175.18200000000002
47.703
252.8
35.96
33.137
208.84
499.999
309.118
72.263
41.078
499.999
55.983000000000004
31.022000000000002
499.999
63.787
499.999
126.952
175.336
31.576
52.492000000000004
176.549
114.706
90.58800000000001
92.645
196.475
90.346
40.706
61.643
109.982
38.037
22.037
108.587
119.421
234.049
451.384
188.352
94.211
323.766
191.198
104.10000000000001
197.762
37.129
14.624
66.229
33.633
42.77
45.59
271.998
88.53
108.718
33.961
252.588
35.283
188.308
177.84300000000002
101.272
499.999
86.852
499.999
299.63
499.999
59.371
294.031
184.062
48.252
138.392
52.114000000000004
394.657
194.695
74.758
61.734
146.68200000000002
58.346000000000004
43.730000000000004
127.895
91.48
133.593
57.224000000000004
184.308
152.841
81.041
31.834
57.486000000000004
499.999
320.218
342.833
162.662
47.247
188.595
62.512
55.027
468.414
82.783
139.625
24.443
85.645
51.601
278.249
267.26800000000003
84.355
252.85500000000002
123.492
36.42
81.541
417.451
50.045
111.036
44.529
95.678
115.93900000000001
296.551
76.46300000000001
106.912
98.636
104.535
280.23900000000003
175.002
187.363
35.909
65.242
129.627
499.999
54.553000000000004
113.37400000000001
86.883
86.825
34.282000000000004
402.16200000000003
28.359
155.025
179.465
53.31
333.94100000000003
166.50300000000001
23.366
96.911
47.486000000000004
88.712
41.007
122.777
51.682
31.88
74.834
46.819
96.767
50.876
499.999
117.665
60.048
91.015
41.732
291.823
23.951
134.593
115.534
499.999
433.916
89.66
208.09900000000002
158.653
28.044
74.867
214.68200000000002
146.809
259.66
499.999
94.744
123.58500000000001
39.65
52.792
395.071
37.312
37.756
27.03
180.534
51.488
50.971000000000004
74.915
39.371
152.657
62.789
499.999
40.786
354.473
443.37600000000003
54.386
50.236000000000004
70.333
226.44400000000002
95.782
76.178
499.999
83.311
38.49
198.721
189.508
44.226
419.903
27.738
122.99000000000001
267.119
36.692
41.665
59.153
23.375
53.118
79.014
384.033
62.248000000000005
39.926
185.181
84.862
66.867
129.799
49.055
161.673
489.115
158.548
80.944
71.375
499.999
160.81
46.046
54.488
104.776
34.143
60.531
499.999
138.474
35.752
45.555
164.868
52.768
151.655
177.45600000000002
97.96300000000001
99.46900000000001
45.504
29.893
23.671
86.818
79.774
52.626
61.2
252.661
28.444
250.11700000000002
46.322
38.475
113.322
199.485
39.426
89.437
49.709
26.629
209.948
52.004
83.902
67.72
251.294
40.994
196.643
188.19400000000002
145.864
373.821
105.212
217.25900000000001
31.6
40.312
163.314
499.999
60.714
131.69
85.523
134.641
261.657
260.346
81.093
499.999
499.999
123.174
51.761
126.18900000000001
171.79500000000002
49.477000000000004
211.455
391.933
158.523
75.91
46.322
499.999
86.66
100.697
40.449
140.336
107.912
144.275
40.039
55.451
35.747
278.996
274.064
286.151
262.759
31.606
230.656
57.74
292.504
60.406
77.59100000000001
45.456
33.433
272.11400000000003
194.437
51.668
60.355000000000004
499.999
108.06
29.168
41.82
79.099
82.759
178.219
28.416
167.619
253.211
55.131
57.934000000000005
179.114
339.779
486.663
42.212
28.844
262.714
33.825
65.621
499.999
154.31300000000002
83.544
275.86400000000003
64.554
88.843
121.292
140.859
106.21300000000001
34.07
229.568
87.107
112.084
64.258
384.59000000000003
29.287
121.482
499.999
499.999
40.980000000000004
101.712
338.773
51.238
38.395
105.498
28.17
49.904
114.883
76.766
162.153
61.622
126.99300000000001
112.054
93.397
159.00900000000001
76.967
305.282
170.55100000000002
158.506
31.557000000000002
44.74
47.465
121.289
36.657000000000004
281.447
36.054
40.01
399.02
315.815
499.999
93.393
228.993
187.855
231.89000000000001
58.144
107.46600000000001
499.999
200.006
37.402
28.148
195.973
37.102000000000004
134.24
499.999
30.784
499.999
338.309
499.999
48.348
253.778
350.397
68.406
160.984
33.145
33.204
357.862
78.337
35.612
228.43200000000002
57.526
39.098
434.515
76.578
32.867
309.385
184.857
48.503
112.62400000000001
141.328
235.167
78.828
137.50300000000001
24.136
270.83
360.46
120.269
148.447
66.761
54.523
103.882
499.999
64.244
106.727
130.963
272.285
365.712
327.216
97.882
259.8
160.71
76.76
254.612
153.949
87.029
70.43
224.103
88.855
172.967
64.525
96.498
39.201
162.818
50.307
123.22500000000001
466.44100000000003
148.672
89.536
338.0
80.147
193.592
499.999
65.521
362.636
499.999
41.286
274.091
115.643
118.44500000000001
65.113
44.084
28.863
353.664
43.616
59.191
65.481
75.508
222.48000000000002
39.117
241.344
82.648
204.805
95.119
38.897
499.999
499.999
120.69
165.987
480.269
128.852
133.382
85.044
211.317
45.292
48.597
187.09
183.09900000000002
54.016
34.308
58.773
27.69
77.55
238.835
296.164
232.909
49.301
107.616
265.397
32.637
48.056000000000004
205.601
499.999
146.278
99.499
146.488
141.483
48.154
117.896
68.601
81.674
96.065
499.999
250.126
125.886
172.722
315.455
177.665
23.076
34.232
52.323
46.354
81.154
254.141
85.162
499.999
29.692
16.228
69.551
29.536
31.535
125.581
129.37
49.017
58.712
40.557
36.134
79.857
63.904
87.97800000000001
83.183
337.235
87.152
49.694
64.668
362.22700000000003
499.999
111.827
43.644
29.626
65.96000000000001
499.999
33.536
26.397000000000002
328.419
90.894
43.801
499.999
90.807
71.428
313.954
499.999
249.12300000000002
223.495
65.051
270.515
168.618
114.293
135.344
40.549
117.58800000000001
312.271
162.394
107.741
61.994
23.633
139.633
64.117
71.163
24.617
46.727000000000004
261.101
480.907
294.696
101.015
64.269
36.063
109.25
47.99
116.905
275.706
50.743
178.499
46.075
58.055
157.29500000000002
151.53300000000002
287.8
49.031
85.139
499.999
499.999
499.999
79.925
172.263
105.70400000000001
60.619
46.103
56.276
135.712
185.02
201.624
31.921
100.519
74.2
129.875
305.033
49.337
138.636
44.387
203.436
46.498
97.48
122.062
165.697
80.215
220.244
499.999
499.999
121.787
499.999
161.446
72.479
259.562
83.155
37.952
54.367000000000004
192.812
100.488
46.909
68.658
141.856
175.407
47.586
32.109
64.484
82.25
39.064
124.092
396.98900000000003
161.187
99.333
79.894
77.65
499.999
68.311
118.421
139.358
78.09
78.22500000000001
335.091
372.524
38.044000000000004
156.917
55.013
187.33700000000002
161.007
62.809000000000005
23.183
108.86500000000001
68.96600000000001
242.69400000000002
37.009
49.934
85.589
235.433
69.819
87.72200000000001
472.591
39.089
499.999
35.64
130.105
63.744
22.997
159.109
141.257
466.395
48.403
176.531
123.74600000000001
256.696
181.939
45.868
45.493
35.335
56.799
46.829
85.098
321.995
302.232
280.912
499.999
248.286
84.85000000000001
306.247
52.732
154.225
264.224
62.873000000000005
31.522000000000002
43.827
46.93
316.077
499.999
89.197
85.41
31.788
24.307000000000002
499.999
65.284
38.064
365.241
89.659
70.008
28.98
154.549
60.061
257.182
499.999
71.17
499.999
413.536
32.374
499.999
317.245
207.09300000000002
47.62
238.174
48.128
187.983
343.214
499.999
414.544
136.373
155.001
71.9
77.936
242.747
59.055
70.293
192.92000000000002
40.338
131.178
439.548
51.927
158.403
176.136
289.475
127.778
214.345
418.084
184.186
40.473
27.187
499.999
158.074
433.884
77.63
59.222
371.439
103.24000000000001
499.999
369.773
369.608
179.66
63.358000000000004
41.951
499.999
164.729
123.391
293.88800000000003
22.614
101.76
171.46
18.781
35.844
99.751
264.785
98.803
247.327
499.999
199.94
195.28
149.534
85.634
188.973
45.937
213.71800000000002
132.038
499.999
67.635
177.708
40.283
224.034
54.155
58.331
30.062
57.363
173.78300000000002
225.097
253.151
58.805
98.604
153.603
33.816
36.351
164.093
54.378
53.32
100.949
109.84100000000001
49.112
74.926
27.451
145.619
49.208
499.999
74.241
36.159
163.493
246.946
60.285000000000004
32.531
175.626
253.417
75.537
316.496
56.783
210.405
24.114
98.542
336.747
54.983000000000004
49.466
303.01800000000003
499.999
84.166
404.829
304.619
143.066
96.517
97.173
57.447
194.839
87.727
36.169000000000004
172.576
48.474000000000004
115.113
499.999
48.645
98.392
83.616
285.721
118.768
108.729
77.21000000000001
34.388
101.968
92.016
128.189
39.582
76.017
68.55
68.649
339.866
232.766
24.826
47.333
499.999
50.02
97.485
45.703
395.596
58.855000000000004
223.386
254.245
319.85
175.497
93.357
111.63
166.094
112.26
169.903
307.973
165.40800000000002
145.904
133.731
84.45700000000001
499.999
98.617
35.015
94.267
21.919
174.869
301.993
179.949
42.135
30.863
89.783
227.41
79.262
48.97
47.914
49.324
36.221000000000004
499.999
499.999
29.817
299.246
138.123
27.899
205.04500000000002
27.518
300.573
94.139
19.753
142.379
164.945
66.164
37.053
79.65
499.999
127.349
36.276
231.544
98.319
72.642
109.142
89.647
145.905
117.706
50.932
236.608
28.66
49.418
150.657
35.411
73.70400000000001
148.68
38.03
36.979
324.975
61.262
107.405
96.163
81.792
459.153
150.596
77.97500000000001
65.96000000000001
200.433
499.999
20.488
223.767
499.999
74.95100000000001
136.951
195.171
336.181
238.203
97.937
110.154
83.877
189.074
117.464
273.412
30.72
62.037
57.727000000000004
169.856
253.756
499.999
265.92900000000003
42.97
174.929
68.931
105.631
81.667
92.174
345.86
66.68900000000001
65.683
370.717
41.904
37.056
126.205
168.288
142.863
156.728
49.812
45.015
327.017
44.466
299.89300000000003
44.929
244.618
77.173
125.718
499.999
156.098
499.999
249.95000000000002
169.202
185.29500000000002
50.464
252.022
324.13
32.856
67.45
45.549
122.393
487.485
444.661
34.892
41.364000000000004
295.354
499.999
188.029
120.244
156.304
35.128
111.248
86.173
80.232
164.242
56.315
97.505
337.526
44.24
185.687
276.915
31.465
43.208
47.4
134.02100000000002
99.155
499.999
91.736
499.999
238.667
83.833
69.145
499.999
38.504
76.298
154.01500000000001
108.3
50.321
54.105000000000004
433.402
44.33
95.39
216.635
111.28
362.724
48.883
140.987
54.935
499.999
205.666
99.003
175.514
57.415
318.97
49.566
344.202
499.999
40.502
313.34000000000003
183.029
442.002
28.422
440.074
257.621
30.764
57.818
234.136
367.327
149.42000000000002
84.694
44.553000000000004
115.304
102.60600000000001
76.06
499.999
41.331
96.653
130.786
38.718
88.397
114.964
262.426
499.999
27.569
66.41
68.025
499.999
104.964
179.561
62.32
81.794
237.06
219.397
55.952
499.999
288.241
91.815
118.017
53.654
44.809
251.953
90.532
72.065
140.398
93.795
438.005
499.999
322.447
27.194
91.735
370.938
485.207
90.48100000000001
164.05700000000002
95.028
175.398
122.616
197.817
78.542
123.601
326.535
60.216
80.859
90.98400000000001
49.101
34.567
260.699
44.585
80.95
420.277
106.08200000000001
33.674
45.983000000000004
89.16
176.8
30.088
116.518
277.051
30.489
21.358
302.802
40.326
78.517
328.39300000000003
255.29500000000002
112.382
58.006
69.821
253.77700000000002
42.758
134.51
130.52
55.711
499.999
42.725
54.853
177.167
115.99000000000001
196.852
69.977
64.233
499.999
243.711
82.519
58.07
499.999
389.615
25.682000000000002
25.978
499.999
94.751
122.101
77.077
49.221000000000004
227.469
72.76
121.38
46.954
77.708
499.999
164.153
36.897
30.522000000000002
101.828
499.999
90.748
68.07300000000001
227.084
126.801
44.964
50.552
28.331
29.064
55.693
499.999
305.171
28.414
43.504
204.53
364.829
57.146
319.813
198.816
128.536
33.905
499.999
145.443
18.78
106.5
24.673000000000002
208.049
175.949
108.557
46.422000000000004
63.562000000000005
346.151
27.396
177.01500000000001
330.261
378.856
200.88400000000001
33.132
79.682
203.68
56.357
80.075
67.057
45.898
499.999
75.459
499.999
294.035
27.437
52.892
101.196
52.726
87.511
362.702
59.952
121.799
53.677
39.558
133.467
30.66
484.406
316.961
58.889
140.593
209.21
160.549
499.999
401.486
26.047
24.764
40.063
114.134
102.803
47.705
163.6
389.592
155.542
254.92600000000002
46.177
71.44500000000001
31.904
174.887
131.941
48.939
280.28000000000003
80.59700000000001
266.676
147.595
470.40000000000003
499.999
29.004
19.046
46.466
57.386
454.103
116.735
55.783
61.426
91.251
26.333000000000002
142.637
235.571
58.764
122.894
37.514
96.94500000000001
40.26
137.67600000000002
21.621000000000002
37.257
235.413
84.45
95.483
35.552
86.044
70.003
51.029
94.422
66.152
47.822
235.555
25.118000000000002
130.719
286.984
69.703
81.274
152.445
145.03300000000002
221.678
21.968
44.698
96.48
103.235
198.865
301.478
155.364
203.948
101.916
499.999
64.778
186.06900000000002
216.268
346.593
98.712
41.915
26.493000000000002
200.523
354.135
44.907000000000004
61.32
230.83700000000002
74.047
164.468
481.235
41.826
25.172
269.339
120.744
202.08100000000002
76.231
213.436
64.522
30.395
54.997
76.783
125.58
249.933
142.098
219.877
50.45
91.979
65.049
86.428
203.772
219.126
44.102000000000004
75.161
45.218
71.255
335.235
72.08500000000001
18.367
38.801
367.205
92.907
77.55
25.931
349.473
227.05100000000002
33.369
488.092
35.819
106.318
197.864
44.717
60.049
17.48
129.51500000000001
83.056
499.999
372.882
81.953
67.887
215.847
132.39600000000002
114.706
255.997
47.521
53.405
316.511
16.687
129.02700000000002
304.247
171.299
409.35
44.355000000000004
25.734
111.649
328.317
66.86
499.999
165.006
54.512
38.449
74.003
150.439
109.20700000000001
140.92000000000002
146.038
178.21
114.483
189.174
41.511
31.516000000000002
86.711
90.336
499.999
74.888
404.277
65.22200000000001
66.032
499.999
89.479
147.321
216.958
37.985
90.408
496.363
55.426
272.976
35.071
78.036
77.552
106.337
105.452
120.581
281.02
98.916
101.538
82.938
499.999
158.731
129.81300000000002
30.6
72.922
114.36200000000001
51.484
21.882
174.544
159.403
360.434
331.038
37.193
250.842
81.31
46.015
135.2
384.032
52.836
305.082
107.262
147.846
102.924
70.016
44.135
46.685
145.102
139.362
190.975
354.285
32.288000000000004
30.263
107.117
311.487
93.272
28.142
117.81700000000001
69.931
37.811
24.576
94.94200000000001
43.893
263.549
133.703
373.084
120.043
237.518
59.707
37.47
170.346
499.999
62.53
499.999
160.328
45.285000000000004
64.499
80.61
311.002
499.999
131.985
74.83200000000001
151.373
52.308
34.085
65.917
357.031
99.973
499.999
178.08
68.146
31.245
111.789
44.785000000000004
196.994
119.836
123.489
34.852000000000004
160.654
172.27
207.626
52.276
53.819
57.627
86.012
499.999
285.43
225.239
78.31400000000001
73.069
124.967
46.495
43.906
86.70100000000001
58.35
108.83200000000001
499.999
39.346000000000004
65.276
163.80100000000002
434.896
122.511
393.348
346.072
92.258
54.236000000000004
81.23
74.971
292.16
499.999
23.502
499.999
100.889
78.275
79.612
32.757
63.052
68.796
499.999
123.584
23.135
71.357
41.738
47.769
36.763
395.56100000000004
405.866
120.18
229.323
165.073
49.879
445.621
52.833
64.529
96.489
366.104
438.408
34.545
79.425
60.938
118.934
44.327
38.809
84.569
211.988
67.652
73.046
145.162
77.277
31.409
499.999
61.815000000000005
42.649
195.409
65.129
499.999
233.739
52.033
43.261
174.543
78.22
58.607
169.228
40.263
77.46300000000001
369.25600000000003
196.292
182.33700000000002
88.34700000000001
56.197
42.162
45.829
179.697
140.342
63.872
15.780000000000001
57.222
91.47200000000001
110.651
75.405
258.837
126.745
95.554
58.409
212.082
46.57
158.965
29.807000000000002
26.217000000000002
38.410000000000004
99.53
255.572
51.583
181.356
53.018
104.783
299.722
261.38
138.68
57.176
133.97
59.894
18.327
96.148
34.348
334.404
129.534
225.84
123.32900000000001
499.999
54.353
26.733
78.33200000000001
69.07300000000001
106.255
499.999
154.879
66.638
23.087
368.024
65.95100000000001
149.609
54.636
64.987
58.735
55.584
347.192
176.062
73.291
143.725
97.057
96.491
52.738
48.305
499.999
77.631
102.839
29.011
56.252
102.018
87.795
91.0
110.083
41.749
34.838
45.959
499.999
499.999
149.20000000000002
114.293
99.382
52.136
115.568
94.521
51.071
499.999
104.509
62.734
499.999
57.228
279.512
27.873
135.489
132.93800000000002
22.676000000000002
152.561
203.554
499.999
46.457
499.999
44.357
31.237000000000002
55.300000000000004
73.95100000000001
58.708
49.323
67.009
165.19
207.222
280.63
105.188
30.748
206.394
51.847
32.647
27.493000000000002
93.396
112.292
30.234
109.69800000000001
133.524
28.293
499.999
164.77100000000002
108.584
499.999
38.246
51.682
77.45700000000001
204.546
108.462
204.70000000000002
27.213
243.284
57.456
158.349
30.563000000000002
499.999
42.216
243.147
85.435
75.28
111.653
98.656
44.38
60.387
79.032
79.112
55.502
91.348
86.221
157.454
499.999
36.722
94.771
47.624
99.936
443.902
55.937
155.924
499.999
156.052
47.348
214.828
116.389
51.588
49.655
31.404
26.934
69.526
81.747
34.132
66.599
102.85000000000001
22.451
65.992
70.986
171.888
131.376
181.859
499.999
40.033
126.49000000000001
48.912
85.467
82.599
246.65200000000002
98.754
36.062
54.385
57.829
104.955
170.808
227.5
216.42000000000002
94.781
198.382
135.64600000000002
383.744
167.274
51.225
132.826
53.557
51.845
22.298000000000002
33.967
129.661
195.30100000000002
306.51
64.225
144.463
79.682
18.429000000000002
157.93
89.95400000000001
91.479
45.538000000000004
83.239
143.26500000000001
43.007
499.999
425.384
43.103
499.999
213.741
125.065
399.84000000000003
68.616
209.436
157.975
53.221000000000004
92.518
59.142
54.79
499.999
155.811
199.235
117.86
57.732
395.42
220.418
304.772
164.048
499.999
29.825
122.94800000000001
153.484
195.422
47.718
62.17
54.406
32.153
28.651
59.120000000000005
98.10600000000001
67.772
66.059
207.23000000000002
254.138
499.999
337.266
144.395
94.087
69.365
28.169
145.893
499.999
26.396
27.893
40.886
260.838
257.34000000000003
194.776
189.869
65.406
43.031
485.976
396.861
499.999
115.768
54.461
69.194
458.714
125.86
63.647
177.961
43.869
44.113
134.385
62.052
50.903
173.93200000000002
104.278
175.921
92.327
57.011
126.148
499.999
28.412
40.659
39.239000000000004
338.246
52.108000000000004
349.145
249.596
100.393
89.795
499.999
164.85
29.481
144.014
73.941
328.06600000000003
201.541
69.376
53.839
106.45100000000001
238.892
38.504
306.436
97.622
36.905
69.623
247.36
258.923
37.907000000000004
128.12
93.96000000000001
117.796
117.656
64.883
82.799
47.101
40.551
24.184
499.999
96.152
103.668
72.616
250.737
79.873
33.129
273.032
235.713
42.592
39.342
85.271
157.782
105.33
454.587
63.174
33.294000000000004
38.434
91.961
41.541000000000004
119.396
39.251
163.257
28.145
26.005
499.999
82.612
136.02100000000002
341.015
160.358
86.36
83.773
42.773
29.613
27.362000000000002
499.999
84.753
289.433
31.408
37.122
71.278
111.416
101.268
78.77
499.999
161.27
73.18900000000001
228.21800000000002
369.874
156.886
317.656
54.318
57.055
46.96
143.768
58.733000000000004
80.565
302.106
96.73
252.607
73.563
69.558
38.635
28.678
63.92
180.748
86.736
101.0
36.428
101.72
103.363
95.809
125.025
133.349
52.92
165.483
499.999
67.18900000000001
28.782
123.674
167.1
56.164
245.207
50.529
304.797
189.359
274.558
61.933
84.736
353.245
413.72700000000003
133.924
275.707
359.351
33.593
39.674
124.501
40.591
312.794
73.971
28.18
41.904
49.988
248.485
68.226
248.427
34.64
374.261
355.713
126.033
333.654
76.17
28.369
113.64
147.943
33.663000000000004
160.172
242.186
46.367000000000004
75.246
43.475
135.645
14.25
72.881
287.21500000000003
68.221
499.999
99.71300000000001
391.82300000000004
235.579
335.06
26.542
77.421
66.816
31.764
42.798
168.48
107.041
201.88400000000001
47.278
112.665
82.797
246.324
38.589
48.621
52.502
72.973
33.542
265.187
47.996
105.60600000000001
130.447
499.999
91.805
67.858
124.23100000000001
45.103
56.026
84.654
499.999
32.225
193.735
85.527
71.26
73.611
32.589
79.86
155.341
82.401
252.50400000000002
44.522
499.999
163.391
56.013
77.053
72.432
66.569
70.508
196.70600000000002
46.563
68.685
61.119
35.754
33.171
66.56
180.988
42.943
110.654
169.94
108.20700000000001
238.33700000000002
400.058
36.663000000000004
90.142
33.807
499.999
499.999
404.88800000000003
59.294000000000004
332.288
95.555
341.91200000000003
225.0
499.999
52.344
35.454
51.798
97.9
93.559
51.472
73.57600000000001
499.999
58.718
64.772
288.26
41.917
137.895
219.662
165.856
320.076
174.736
468.809
261.48
217.854
146.24
91.054
35.004
52.576
275.666
109.46600000000001
101.46300000000001
62.785000000000004
163.898
95.145
176.713
284.32
77.956
238.514
349.713
38.438
144.456
54.392
117.565
129.614
66.658
109.61500000000001
54.043
499.999
77.911
46.315
290.82800000000003
50.315
183.236
198.92600000000002
81.23100000000001
56.873000000000005
88.416
153.536
53.192
138.034
54.555
27.531
56.096000000000004
25.557000000000002
290.379
201.204
25.534
239.71
19.753
348.821
98.274
182.322
90.486
499.999
149.544
28.934
26.331
30.357
112.152
37.53
175.262
127.36200000000001
137.831
158.267
105.742
296.334
173.727
42.825
188.141
195.187
72.787
345.168
81.48
228.534
83.57600000000001
61.117000000000004
63.079
90.36
34.799
50.77
59.098
151.80700000000002
56.933
29.581
437.332
158.768
226.77700000000002
27.907
363.302
130.615
70.764
86.089
352.346
120.81700000000001
43.537
103.465
55.696
139.14600000000002
93.642
48.195
49.052
158.29
139.678
32.859
499.999
92.834
56.043
29.694
246.722
126.261
140.468
126.437
43.730000000000004
123.077
28.297
52.94
73.717
178.037
36.811
84.279
40.902
26.906
196.991
279.806
202.655
46.131
64.482
41.67
44.256
240.935
34.114
74.666
50.909
327.392
234.316
313.861
62.427
201.463
175.282
153.508
39.201
170.874
153.15200000000002
345.211
81.881
20.052
141.953
33.042
379.745
252.99200000000002
499.999
76.871
122.23700000000001
45.758
72.434
277.125
41.772
67.745
191.537
27.586000000000002
203.713
304.704
327.657
499.999
174.022
45.18
289.45300000000003
133.195
50.673
498.83
30.109
297.938
499.999
58.392
107.436
499.999
221.713
190.989
103.28
64.178
32.967
55.749
59.644
499.999
44.782000000000004
82.843
465.728
342.629
57.563
166.084
143.85
130.31
189.669
84.794
93.693
165.494
283.02500000000003
233.923
66.156
44.324
27.861
499.999
124.136
280.885
119.352
49.861000000000004
95.664
31.964000000000002
472.378
71.873
179.923
81.077
91.175
53.251
91.127
26.464000000000002
59.88
326.061
499.999
45.912
147.528
161.852
66.82000000000001
162.262
62.585
59.051
69.577
293.645
110.111
97.546
59.813
142.20000000000002
63.009
499.999
160.848
37.708
220.604
84.523
252.061
183.737
499.999
499.999
52.165
51.757
471.83
108.537
91.305
252.126
114.893
53.897
499.999
32.039
50.067
150.81300000000002
163.616
256.156
30.039
207.09900000000002
24.052
42.784
57.507
173.955
53.620000000000005
155.761
76.256
46.702
156.663
30.34
81.95400000000001
109.73
318.913
46.362
499.999
71.139
104.549
40.877
190.363
63.257
85.82600000000001
97.256
119.515
499.999
98.708
72.086
153.047
42.499
56.864000000000004
276.467
59.166000000000004
69.623
230.274
61.43
224.935
194.70000000000002
32.473
47.351
30.096
392.33
97.086
85.23400000000001
165.979
76.562
189.04
54.762
36.439
499.999
44.800000000000004
217.362
61.581
135.076
198.066
26.784
278.975
61.432
56.053000000000004
351.599
53.472
205.017
102.561
499.999
123.049
181.145
66.168
51.221000000000004
89.449
68.884
34.980000000000004
215.812
86.015
232.243
39.636
294.088
499.999
107.464
75.926
55.356
499.999
133.65200000000002
499.999
106.686
213.373
106.891
86.642
101.34100000000001
92.47500000000001
100.76
193.609
89.649
244.316
417.598
93.651
63.907000000000004
58.800000000000004
47.923
90.194
41.767
57.143
48.246
499.999
26.748
58.216
37.029
39.122
499.999
30.105
41.692
40.94
38.284
154.536
86.21300000000001
372.123
175.014
40.13
119.291
32.375
206.554
42.987
28.891000000000002
174.53300000000002
80.67
72.44
185.661
368.89
35.393
171.781
451.873
74.293
42.721000000000004
78.759
36.422000000000004
91.413
34.138
261.738
23.826
40.823
147.937
45.616
51.344
135.38
176.139
73.18900000000001
52.212
199.068
499.999
99.17
70.875
103.101
137.58
66.944
36.422000000000004
290.51800000000003
103.997
306.66200000000003
62.652
41.414
400.45300000000003
449.278
64.542
35.382
50.22
499.999
104.55
60.899
24.005
129.375
91.482
42.103
68.542
123.044
435.157
67.68900000000001
52.126
425.902
49.998
251.661
93.827
64.984
46.284
128.583
44.408
123.968
52.609
75.07600000000001
464.342
78.26
90.67
268.074
40.386
43.713
156.486
216.679
40.358000000000004
106.48700000000001
265.312
157.621
499.999
61.526
499.999
97.146
89.843
57.992000000000004
105.599
71.05
63.422000000000004
296.75600000000003
216.471
116.572
54.707
79.984
49.073
88.38
83.089
398.445
86.124
68.236
85.925
58.741
33.86
253.929
332.689
95.455
57.002
58.501
141.079
100.18
108.71900000000001
145.88
136.023
55.253
76.093
77.729
264.582
238.525
38.215
499.999
77.761
44.573
289.204
499.999
91.69200000000001
166.844
28.675
48.061
185.448
56.638
114.548
52.834
215.543
42.168
80.74
163.605
49.566
145.656
68.173
39.184
73.433
226.673
253.031
35.858000000000004
50.598
499.999
121.61
80.581
15.641
48.71
274.228
26.379
238.147
123.67
55.031
146.73
86.868
69.342
287.988
46.68
25.442
111.488
247.404
72.236
363.84000000000003
55.784
131.278
64.167
44.651
499.999
55.4
499.999
214.179
45.777
35.612
316.847
28.887
24.052
174.845
149.626
88.59100000000001
499.999
351.238
101.316
232.59300000000002
152.404
29.156000000000002
91.45700000000001
217.768
46.86
114.742
56.027
83.781
284.531
44.743
46.745
251.672
140.123
47.433
77.041
95.04
92.815
68.595
164.299
129.644
272.285
44.528
92.936
21.827
202.542
88.531
232.019
499.999
25.454
499.999
133.165
54.519
115.99300000000001
40.049
213.159
120.428
38.647
54.483000000000004
249.685
54.443
386.413
127.473
324.779
47.468
38.871
90.188
33.006
499.999
138.632
499.999
39.941
81.733
499.999
328.367
33.561
241.496
333.092
50.915
42.279
499.999
49.480000000000004
51.164
108.19200000000001
499.999
119.58800000000001
499.999
125.558
126.663
38.354
47.417
148.85
125.783
143.981
151.132
42.096000000000004
105.81
499.999
354.028
85.889
225.697
40.404
114.39
38.159
84.06400000000001
136.535
60.258
96.494
200.452
43.65
104.136
37.058
357.63800000000003
66.705
90.297
153.39600000000002
22.896
55.401
48.596000000000004
194.543
40.271
235.45000000000002
45.787
95.782
83.10600000000001
82.81700000000001
264.053
121.384
84.656
49.279
117.831
157.42600000000002
75.589
62.819
262.694
70.205
106.625
42.917
499.999
296.254
91.809
40.241
121.735
276.741
111.753
211.42600000000002
159.668
129.31300000000002
100.158
221.887
66.92
58.782000000000004
117.508
247.764
104.996
55.603
76.19
152.364
63.809000000000005
60.548
499.999
58.507
157.744
63.194
69.968
20.518
105.352
254.596
29.411
94.09400000000001
499.999
28.635
467.243
59.195
83.055
104.20400000000001
98.248
38.543
240.084
49.194
112.4
499.999
499.999
499.999
211.118
65.59100000000001
102.61200000000001
82.161
61.096000000000004
110.436
124.541
131.976
303.008
368.125
41.679
34.327
159.798
499.999
344.19
499.999
279.03000000000003
132.523
499.999
106.453
92.212
94.884
62.599000000000004
70.414
38.402
83.336
295.677
54.493
138.016
82.949
59.069
54.903
55.035000000000004
48.531
100.769
54.336
330.809
113.291
38.827
47.998
127.58500000000001
82.673
97.552
59.674
27.05
451.661
35.465
46.562
65.496
36.14
142.16
105.10300000000001
499.999
474.65500000000003
54.433
193.742
410.772
499.999
48.048
49.487
64.51
70.024
328.75100000000003
33.422000000000004
157.977
60.854
52.297000000000004
50.758
443.201
298.348
63.336
35.329
64.635
109.095
333.451
153.602
37.454
179.107
46.983000000000004
38.76
130.098
499.999
257.461
222.279
44.446
499.999
499.999
73.669
74.22800000000001
118.069
106.741
43.199
71.273
43.743
218.108
86.906
133.00300000000001
481.877
36.892
140.991
71.986
67.458
290.762
119.22
57.196
37.842
307.41200000000003
63.266
33.836
499.999
105.605
132.696
142.183
425.918
52.146
67.891
92.693
317.118
129.88400000000001
93.28
239.49
131.683
88.964
105.393
36.625
55.74
82.3
173.203
499.999
57.806000000000004
499.999
83.781
88.537
55.0
286.802
51.952
85.994
80.298
43.28
211.961
90.253
120.333
351.10200000000003
336.375
50.308
57.627
61.351
345.55
499.999
66.559
78.143
434.454
181.589
58.104
168.808
499.999
34.519
499.999
55.177
126.045
50.931000000000004
65.867
72.872
46.411
47.169000000000004
372.874
105.295
499.999
105.467
109.053
134.665
34.787
125.58
499.999
24.805
64.501
193.931
79.46300000000001
41.256
116.311
71.584
75.224
398.683
224.582
459.593
44.627
97.32900000000001
319.838
192.30700000000002
389.935
123.72
59.727000000000004
218.99200000000002
357.243
68.651
49.242000000000004
54.681000000000004
234.621
115.309
29.423000000000002
258.347
45.699
59.537
261.019
82.06700000000001
397.90000000000003
48.165
62.039
316.95
108.694
499.999
40.739000000000004
499.999
140.799
29.014
54.402
52.264
151.088
35.714
40.402
186.947
126.883
131.39000000000001
90.462
189.65200000000002
26.695
20.899
336.387
327.547
182.18800000000002
442.53000000000003
197.596
361.278
21.605
299.927
92.655
464.146
43.071
499.999
183.27
65.81400000000001
161.228
499.999
157.517
80.81400000000001
169.828
499.999
63.151
188.891
220.209
108.233
385.222
397.423
98.519
122.787
120.794
63.467
452.695
51.127
97.654
183.479
140.586
136.814
473.872
66.92
281.166
222.649
78.44800000000001
499.999
151.498
102.799
19.644000000000002
146.452
219.172
68.115
499.999
38.638
154.087
236.71800000000002
165.46200000000002
110.09400000000001
126.563
240.20600000000002
58.609
154.16
297.856
93.97
85.796
78.545
283.25
466.593
111.797
161.17600000000002
39.088
56.931000000000004
45.311
499.999
22.375
194.678
46.748
28.659
499.999
499.999
55.0
51.834
68.186
70.247
35.46
25.582
97.852
499.999
117.429
77.345
135.397
439.675
97.528
314.758
34.879
139.02700000000002
55.185
15.870000000000001
65.976
82.52
279.496
34.654
77.631
56.545
77.509
48.544000000000004
91.19500000000001
90.98
499.999
133.228
120.111
499.999
30.919
153.371
123.779
499.999
81.783
189.8
73.754
157.484
71.02
69.129
136.678
338.589
211.984
153.27100000000002
47.42
53.597
76.494
78.115
25.093
47.188
43.788000000000004
370.019
135.157
133.315
24.262
226.317
329.31
351.81100000000004
114.555
349.323
56.15
50.488
125.71300000000001
76.169
35.209
41.316
52.804
61.322
152.428
134.525
32.825
101.806
499.999
46.683
125.766
86.279
96.432
78.494
99.128
336.697
151.147
65.42
384.21000000000004
245.624
165.26500000000001
52.177
197.58
499.999
499.999
62.97
42.585
304.003
171.362
46.331
116.556
189.281
34.786
38.464
35.966
89.867
63.935
43.463
29.041
208.431
138.461
74.557
123.515
499.999
96.735
22.009
136.308
52.437
499.999
142.312
60.189
48.949
49.424
36.418
50.742000000000004
38.474000000000004
91.006
61.198
101.149
157.00300000000001
53.38
86.351
57.285000000000004
96.372
347.32
230.473
246.727
212.893
30.702
76.37
201.431
85.944
141.014
167.361
193.583
499.999
64.987
44.001
102.752
267.233
25.107
137.205
64.869
57.719
43.050000000000004
90.438
35.981
23.089000000000002
33.035000000000004
86.778
195.56300000000002
71.92
94.46300000000001
89.673
394.46500000000003
167.604
499.999
131.791
102.587
250.582
410.74
219.363
84.791
66.102
499.999
33.653
306.31
58.357
428.556
90.007
82.056
96.82300000000001
70.632
438.84700000000004
158.983
54.85
287.458
180.606
401.277
55.707
55.214
33.176
150.049
65.418
58.935
325.466
96.303
154.416
387.895
166.565
119.53
174.36
45.746
36.253
325.503
30.741
78.031
91.336
66.818
29.681
159.738
39.893
36.465
499.999
68.413
224.84900000000002
245.18
65.521
130.213
78.21900000000001
27.472
341.89
150.93800000000002
499.999
72.642
174.679
108.71600000000001
61.403
63.067
107.305
75.051
48.448
84.67
59.4
85.581
21.337
229.73600000000002
107.36800000000001
32.573
43.111000000000004
499.999
66.872
47.998
56.464
422.492
62.682
375.39
53.004
31.299
217.143
70.882
135.77100000000002
344.671
499.999
85.912
99.455
28.356
98.663
457.807
279.289
499.999
162.57
30.73
223.967
51.649
33.535000000000004
499.999
227.524
36.982
80.381
175.012
28.101
268.213
467.612
68.415
70.185
78.944
148.955
81.443
92.842
117.352
417.922
313.575
65.438
210.363
33.664
228.233
47.796
115.102
91.48400000000001
70.61
134.548
228.497
82.634
42.348
80.72
73.968
194.592
126.413
334.289
80.183
324.851
257.646
39.209
87.172
51.519
45.85
182.917
69.304
46.63
79.012
279.897
193.466
117.849
38.398
37.141
115.73400000000001
51.404
41.638
133.585
41.994
129.555
429.16200000000003
322.235
269.289
499.999
34.368
65.609
86.047
46.035000000000004
133.744
33.794000000000004
142.049
211.64600000000002
107.808
99.051
143.17000000000002
116.418
94.628
227.435
120.4
104.47200000000001
274.39300000000003
49.0
413.531
38.827
53.417
318.459
156.541
235.939
79.263
74.709
117.986
136.642
58.391
337.961
40.443
39.199
46.756
149.669
15.174
499.999
120.876
54.616
126.979
117.364
322.88100000000003
107.88
210.576
87.364
167.21200000000002
41.971000000000004
43.58
499.999
60.566
69.932
61.961
37.27
53.381
164.042
41.062
499.999
88.991
62.242000000000004
327.293
250.632
96.638
60.929
280.952
195.709
53.231
124.63000000000001
73.45100000000001
206.657
97.18900000000001
106.22200000000001
187.637
31.869
36.067
28.286
414.47700000000003
51.693
30.893
61.072
53.475
137.086
84.546
44.309
83.114
42.908
275.983
131.388
89.595
132.043
36.651
187.745
86.82900000000001
90.273
195.339
140.751
33.337
362.677
28.97
63.103
41.115
202.097
36.693
122.242
57.066
431.199
124.917
69.645
73.44200000000001
59.067
42.11
499.999
110.693
141.578
71.803
48.71
260.022
271.466
102.964
62.695
99.82600000000001
372.14
115.673
43.980000000000004
32.444
483.65500000000003
499.999
125.269
100.786
50.016
435.789
289.76300000000003
32.213
65.63
149.042
499.999
55.362
499.999
243.709
36.798
424.258
343.351
362.919
23.212
52.081
499.999
83.147
52.179
219.389
97.375
224.19400000000002
105.559
254.269
171.077
121.117
162.772
45.65
35.772
51.738
75.929
88.651
57.77
34.657000000000004
492.482
186.601
372.25
90.871
360.11
499.999
139.625
31.846
125.768
101.522
162.668
130.616
183.389
130.286
22.541
39.795
41.035000000000004
49.71
255.937
29.091
499.999
85.253
34.964
63.165
43.306
82.312
37.383
99.016
141.178
143.78300000000002
97.619
263.906
40.899
76.087
111.887
108.97
276.11400000000003
74.651
58.746
174.59300000000002
138.278
94.185
270.717
60.746
75.086
197.536
49.763
57.753
88.277
328.099
90.852
499.999
161.18200000000002
136.197
30.137
69.858
124.173
155.0
296.63800000000003
52.463
254.535
34.076
47.044000000000004
33.657000000000004
36.851
70.164
58.982
433.874
85.85000000000001
68.21600000000001
220.54500000000002
25.252
134.585
57.117000000000004
59.956
91.366
126.407
66.683
41.42
89.577
41.592
73.311
105.063
91.756
79.092
66.394
62.79
86.993
256.873
170.857
37.730000000000004
182.531
127.105
62.346000000000004
83.12
97.254
20.566
92.223
37.216
188.52700000000002
153.122
45.288000000000004
161.074
91.868
139.087
499.999
499.999
92.059
76.732
236.233
149.437
499.999
392.031
46.69
304.608
499.999
103.029
44.755
56.905
421.609
114.656
499.999
252.848
499.999
355.604
41.088
94.496
43.888
72.153
73.131
432.358
277.6
499.999
67.33
61.556000000000004
20.301000000000002
167.023
176.621
41.165
248.987
499.999
284.099
81.221
147.812
46.356
116.506
64.602
329.38100000000003
41.704
82.721
29.964000000000002
347.661
31.907
43.701
25.205000000000002
34.142
127.86500000000001
31.818
69.487
50.595
123.95700000000001
246.023
451.28000000000003
132.991
36.189
33.539
58.518
111.386
83.187
367.997
233.452
195.098
136.714
89.4
123.286
98.827
118.905
37.002
88.322
76.85000000000001
45.263
122.158
335.165
72.007
499.999
195.802
88.687
228.686
37.137
334.397
211.809
499.999
499.999
107.586
132.287
84.404
45.985
40.416000000000004
131.454
60.821
37.327
69.038
206.958
211.139
78.261
290.529
42.480000000000004
499.999
183.139
499.999
121.369
51.452
24.982
238.714
103.746
84.122
411.608
101.581
44.861000000000004
45.935
383.77
261.07
278.836
89.94500000000001
70.92
81.01
135.40200000000002
180.538
98.595
187.946
120.239
124.875
50.868
54.361000000000004
319.18
63.433
109.069
100.355
32.799
51.596000000000004
155.493
32.992
43.508
328.14
40.597
115.807
81.392
196.804
97.69200000000001
499.999
52.701
63.84
56.133
28.286
400.983
79.257
58.019
60.474000000000004
92.404
111.71000000000001
39.321
480.023
87.571
73.164
84.256
99.574
210.014
401.582
35.263
17.536
198.96
86.156
65.622
411.128
27.003
73.392
443.945
499.999
164.333
34.959
84.595
72.092
218.827
50.832
225.84900000000002
23.617
94.22200000000001
76.902
94.206
499.999
40.101
83.732
299.814
148.73
143.953
75.023
212.983
179.524
499.999
73.292
59.587
160.116
47.724000000000004
29.218
60.368
453.517
45.866
266.059
151.064
234.437
47.209
254.871
38.771
45.135
302.725
66.673
70.135
172.451
253.55
61.646
499.999
132.637
70.846
53.206
44.329
100.078
241.94400000000002
72.324
60.503
38.816
24.959
117.893
103.113
130.131
341.098
140.161
56.032000000000004
22.949
45.188
66.114
66.288
58.533
253.679
499.999
157.863
60.385
81.28
43.187
105.059
72.176
79.68900000000001
10.707
27.206
499.999
61.160000000000004
61.618
117.56
52.06
42.506
43.896
28.905
450.625
53.381
60.278
29.834
53.425000000000004
24.089000000000002
169.48
223.965
151.91400000000002
269.80400000000003
93.98100000000001
344.387
22.639
34.799
499.999
71.002
62.688
36.966
135.512
134.183
50.97
136.103
160.334
41.989000000000004
49.487
73.08200000000001
47.602000000000004
43.967
499.999
45.777
51.772
41.018
43.708
111.058
499.999
499.999
49.04
121.392
211.043
164.798
342.326
224.827
72.93900000000001
423.897
101.889
49.146
499.999
78.683
179.989
28.612000000000002
69.893
258.84000000000003
131.391
29.206
67.911
83.113
134.64000000000001
44.059
36.748
109.94
233.48600000000002
206.293
275.351
417.67
35.076
60.027
293.553
29.446
499.999
38.54
190.697
68.325
76.399
58.938
70.08200000000001
100.272
20.467
58.041000000000004
102.9
39.679
442.83
87.528
499.999
100.453
98.66
31.684
59.213
34.56
300.342
38.34
59.947
160.232
499.999
51.258
216.75900000000001
134.948
321.043
153.198
101.396
261.115
91.44500000000001
109.541
231.733
158.905
75.077
159.131
499.999
43.902
125.71000000000001
78.917
66.895
80.859
114.06700000000001
497.15000000000003
499.999
48.687
64.608
37.922000000000004
115.524
87.967
279.021
394.48
352.914
40.556
215.558
199.78
499.999
106.264
66.581
62.864000000000004
149.981
179.1
176.566
110.293
274.699
105.527
55.931000000000004
250.149
53.272
93.715
56.822
55.746
428.883
396.455
499.999
70.609
152.696
72.836
73.101
297.636
29.919
97.925
166.993
56.155
499.999
499.999
240.435
499.999
50.52
37.844
115.697
470.38100000000003
303.61
50.357
28.304000000000002
27.815
119.602
42.933
307.104
216.411
15.134
117.363
94.069
67.194
185.655
55.373000000000005
53.795
499.999
298.19
77.414
80.119
499.999
80.598
29.554000000000002
80.334
306.7
87.056
499.999
66.994
326.048
116.684
39.893
238.577
213.442
137.523
77.281
313.48900000000003
154.615
122.99900000000001
54.203
40.847
310.887
208.636
80.086
499.999
47.457
62.797000000000004
87.44200000000001
78.351
83.743
66.762
92.286
27.174
178.125
57.497
173.96
59.448
85.464
51.136
45.907000000000004
146.651
66.71000000000001
345.541
32.724000000000004
355.544
45.37
499.999
67.955
53.213
158.793
70.428
499.999
70.022
95.977
19.603
61.911
499.999
28.918
101.999
34.56
499.999
121.29
171.971
50.71
29.708000000000002
57.348
499.999
69.781
47.535000000000004
499.999
132.415
84.324
77.384
48.212
499.999
140.238
169.785
96.68
71.146
38.481
499.999
69.461
169.296
263.065
308.761
36.606
104.138
162.915
499.999
30.586000000000002
499.999
499.999
387.104
199.642
85.117
499.999
173.526
49.726
55.054
39.296
200.82500000000002
499.999
228.315
176.887
341.339
29.452
36.985
62.232
76.394
48.687
68.193
37.057
71.099
82.31
58.627
134.50300000000001
378.389
23.475
65.965
39.387
47.733000000000004
59.851
499.999
91.683
319.238
54.619
424.449
33.126
33.823
369.269
39.802
275.023
29.275000000000002
272.687
97.408
53.991
101.244
134.649
258.734
192.91
78.9
160.681
156.489
63.356
70.136
96.76
34.767
209.11
318.099
52.995000000000005
102.877
104.875
62.57
499.999
127.384
56.505
83.58
107.768
298.063
109.901
293.214
205.638
75.513
54.205
110.349
69.649
245.794
33.109
50.103
53.877
67.2
227.45000000000002
106.711
174.162
62.164
71.114
57.509
58.671
499.999
41.396
86.098
33.531
49.637
71.768
47.837
94.497
74.217
47.324
40.889
62.942
140.332
111.965
276.229
315.871
499.999
172.156
53.326
219.225
200.351
165.894
154.209
41.582
251.066
36.034
358.325
91.486
115.569
85.875
27.399
40.336
53.669000000000004
314.454
337.077
69.889
499.999
118.562
33.066
378.92
259.344
40.209
353.307
99.676
30.232
234.125
440.915
499.999
180.348
120.21900000000001
66.856
370.897
66.845
204.858
263.744
115.801
69.71600000000001
31.053
35.968
229.589
87.059
84.33500000000001
89.33500000000001
71.068
148.214
97.032
207.792
59.888
108.69200000000001
21.306
499.999
48.307
46.554
311.157
36.12
282.189
88.778
64.513
39.646
126.693
238.731
105.22
165.623
40.366
57.550000000000004
52.904
68.048
283.22
287.652
191.357
69.833
35.28
58.76
29.537
84.105
95.889
232.357
133.249
58.662
133.82
379.555
214.87
107.659
499.999
39.45
425.83500000000004
499.999
298.584
34.287
35.735
253.796
123.46000000000001
276.439
36.571
80.611
499.999
74.287
65.751
53.67
51.726
52.827
52.867000000000004
128.483
163.219
61.406
87.72
499.999
62.063
66.681
79.642
45.725
115.089
137.731
59.405
125.19200000000001
415.969
419.528
72.077
43.973
35.373
279.85
239.18800000000002
33.137
30.276
475.266
33.383
77.766
134.495
372.981
49.447
47.651
26.04
51.947
98.98
50.173
64.494
392.595
44.783
121.679
69.18
68.527
31.937
53.489000000000004
185.236
60.422000000000004
27.225
59.956
30.706
59.730000000000004
57.793
353.536
103.739
341.272
268.584
181.681
499.999
468.148
74.998
66.67
97.453
46.980000000000004
97.087
133.899
499.999
65.744
39.17
62.444
87.003
283.069
118.214
138.437
18.165
114.09700000000001
499.999
235.69400000000002
292.133
32.344
57.533
330.7
51.597
197.864
88.462
70.467
141.267
131.519
125.833
145.585
48.370000000000005
409.26800000000003
206.005
117.85900000000001
238.951
456.128
43.944
421.59700000000004
160.288
123.23400000000001
78.83
38.64
90.809
209.673
117.058
66.583
175.025
106.827
272.661
230.90200000000002
499.999
48.764
36.473
499.999
77.128
36.662
121.703
118.28
181.829
51.805
249.452
268.136
46.599000000000004
61.559000000000005
31.482
37.375
257.873
127.10000000000001
36.912
62.576
88.46900000000001
153.11
391.777
121.305
31.735
107.596
292.683
74.8
169.383
33.153
159.139
40.47
51.403
70.028
145.33
109.568
140.226
49.480000000000004
127.653
37.294000000000004
30.907
180.14000000000001
116.415
193.523
195.934
28.185000000000002
42.513
133.92600000000002
304.89
107.732
123.545
77.658
186.836
232.042
375.231
56.843
222.204
43.304
45.586
90.26
118.148
487.682
31.447
367.02
70.759
21.415
98.694
30.568
377.872
77.224
257.782
67.699
160.267
120.794
430.432
68.407
499.999
499.999
56.617000000000004
499.999
51.641
38.757
71.862
32.518
182.168
89.055
255.132
109.85000000000001
62.088
499.999
297.505
43.842
53.398
73.563
52.874
51.416000000000004
108.717
101.864
150.281
48.039
78.54
102.133
81.96000000000001
212.814
17.92
167.466
118.134
124.301
40.575
29.857
499.999
49.388
376.779
193.065
145.674
147.573
264.646
48.822
221.156
331.1
32.778
138.976
40.424
102.58200000000001
38.701
120.39
499.999
73.427
323.035
40.432
40.079
92.545
212.749
207.442
137.349
370.06
247.82500000000002
314.036
157.043
190.684
34.864
169.598
274.61400000000003
32.942
79.142
94.583
119.97200000000001
87.85300000000001
219.715
76.494
65.264
44.529
71.154
37.538000000000004
46.050000000000004
84.389
64.792
116.723
147.754
80.188
49.807
206.816
202.864
103.261
23.249
433.158
85.795
275.811
32.87
88.45700000000001
40.53
55.056000000000004
32.193
119.7
61.535000000000004
83.764
190.584
92.238
60.168
48.833
277.857
30.913
58.529
214.75300000000001
435.969
177.582
166.66
124.22200000000001
125.696
112.961
59.983000000000004
38.31
34.284
181.359
71.23
149.51
29.044
459.974
162.118
57.357
46.823
60.233000000000004
123.798
60.028
499.999
109.60900000000001
72.11
53.885
169.379
71.886
129.066
29.438000000000002
190.748
61.114000000000004
38.676
115.605
55.24
115.063
42.79
67.642
46.628
163.02100000000002
82.08200000000001
83.55
100.81
113.184
164.513
40.038000000000004
217.966
133.116
24.252
55.636
348.955
68.635
351.797
167.642
64.006
48.289
46.618
451.733
160.961
160.673
499.999
194.772
64.605
69.034
36.866
99.883
47.658
28.727
62.894
499.999
63.914
47.509
39.083
116.955
372.951
85.066
106.821
41.316
89.415
46.44
41.922000000000004
203.88
126.147
81.908
42.238
70.902
48.908
83.902
261.943
318.116
138.359
82.98100000000001
332.895
54.393
157.995
34.165
61.568
116.60000000000001
62.005
127.143
204.686
51.182
78.252
112.807
46.421
38.343
236.463
499.999
297.92900000000003
135.601
147.87
91.35000000000001
499.999
60.660000000000004
128.363
174.487
143.335
66.20100000000001
198.058
109.187
124.136
35.730000000000004
189.496
27.922
212.604
499.999
88.973
169.713
45.532000000000004
229.133
138.104
33.44
71.70400000000001
59.593
75.233
62.296
30.707
168.808
376.28700000000003
37.316
41.161
21.311
153.088
48.401
499.999
305.111
247.674
157.102
57.863
438.986
499.999
222.659
383.122
263.594
53.737
49.791000000000004
133.65
33.125
24.198
46.231
80.051
22.727
26.622
153.804
162.23
83.924
67.277
112.495
52.128
104.60300000000001
48.542
39.846000000000004
121.778
20.691
215.794
176.806
66.003
499.999
186.761
56.479
189.13
129.416
55.986000000000004
68.354
278.197
421.185
197.284
67.051
29.365000000000002
91.081
206.388
46.397
138.192
124.662
74.94
39.609
19.128
106.005
61.896
27.427
267.926
499.999
90.379
357.347
282.455
56.379
194.465
24.946
55.987
73.44500000000001
419.874
107.295
39.644
68.583
45.161
19.846
120.351
89.554
44.288000000000004
71.48
76.918
124.888
31.904
499.999
186.185
99.167
84.423
255.166
60.410000000000004
75.636
47.703
289.094
499.999
75.159
499.999
167.443
104.848
66.739
81.274
229.60500000000002
94.845
47.218
47.954
115.516
32.84
211.27700000000002
25.365000000000002
29.627
42.865
120.265
95.937
125.772
35.195
35.56
48.615
50.848
184.653
49.22
83.671
32.076
408.375
47.481
35.394
26.571
80.173
112.739
171.306
225.631
69.532
41.744
33.215
56.473
248.341
499.999
27.037
30.025000000000002
56.972
134.869
89.077
215.422
125.434
61.491
104.655
65.104
140.91
67.932
40.462
79.78
19.409
125.86200000000001
50.544000000000004
280.418
316.129
39.125
70.167
282.822
451.505
46.431000000000004
499.999
104.685
92.715
244.124
41.255
94.60600000000001
243.803
93.415
244.993
74.488
82.996
167.636
78.709
90.792
78.96000000000001
308.656
249.453
224.238
56.231
131.2
105.772
365.057
71.868
175.627
199.891
74.023
310.933
414.201
29.118000000000002
102.23
96.895
499.999
78.708
223.856
147.335
499.999
42.587
71.313
60.863
42.865
337.093
42.743
370.265
121.599
65.656
499.999
102.436
181.28900000000002
60.437000000000005
247.137
41.942
89.33500000000001
74.62
92.84700000000001
58.656
383.55
27.352
499.999
179.637
126.411
219.535
71.644
59.939
192.332
98.241
20.733
54.226
104.456
59.382
79.114
50.583
35.439
37.979
465.44800000000004
119.123
499.999
162.863
232.03
92.45400000000001
491.182
60.1
67.199
173.018
93.025
128.282
46.516
86.685
35.33
91.559
280.911
288.255
58.067
81.383
68.267
39.5
23.574
32.247
90.011
220.604
86.226
43.714
228.818
46.614000000000004
130.167
124.584
46.852000000000004
242.16
385.555
181.808
104.684
55.095
58.879
41.882
84.071
38.03
26.400000000000002
76.654
15.298
65.063
184.105
81.876
32.433
91.133
25.116
445.176
102.289
44.766
298.101
103.183
317.887
42.729
219.449
68.693
75.86
136.28300000000002
46.897
32.79
57.519
158.917
34.544000000000004
499.999
64.741
306.883
106.523
88.691
50.472
463.015
43.909
82.806
150.427
86.237
53.777
61.177
499.999
147.119
56.374
48.883
38.085
34.857
499.999
153.09
32.15
108.604
205.292
171.541
499.999
149.168
155.568
150.91
174.889
25.992
499.999
499.999
112.771
117.896
35.566
34.939
59.77
51.568
44.479
91.034
71.813
77.644
464.123
147.362
44.618
325.748
45.263
276.819
237.673
93.788
207.104
499.999
57.014
58.689
140.537
342.007
435.737
371.442
258.32800000000003
190.88
198.281
87.286
114.054
104.518
65.075
251.199
200.732
120.508
326.293
279.252
328.76800000000003
372.353
77.531
21.516000000000002
112.596
57.761
35.863
68.004
298.895
196.324
90.273
99.986
54.331
32.103
89.212
64.535
143.838
44.405
108.247
51.309000000000005
50.412
248.71200000000002
499.999
51.465
38.714
38.407000000000004
53.6
98.157
48.809
62.809000000000005
81.928
110.424
305.26
90.802
499.999
37.538000000000004
60.034
277.896
178.111
174.59
42.094
149.192
212.836
41.79
137.434
115.753
51.291000000000004
273.058
76.671
111.827
130.543
91.194
269.77
70.45
499.999
42.289
260.87600000000003
371.183
72.559
265.98
129.89000000000001
40.853
169.732
122.078
142.127
104.687
499.999
37.399
34.737
65.015
29.387
92.12
216.787
24.434
47.624
76.32300000000001
120.06400000000001
76.119
499.999
499.999
88.771
25.056
147.412
315.27500000000003
499.999
64.386
138.55100000000002
71.273
35.707
131.335
40.396
100.499
38.699
97.886
155.31300000000002
16.644000000000002
397.466
105.723
60.75
95.602
73.751
42.485
61.728
417.723
226.39600000000002
33.334
109.73400000000001
38.495
249.035
29.465
348.656
162.56900000000002
26.476
74.074
292.669
39.253
47.967
98.786
157.085
130.258
252.208
121.551
68.167
38.99
62.995000000000005
384.149
35.683
22.825
84.84700000000001
63.147
22.183
27.206
43.747
83.45
65.984
182.583
52.14
34.371
52.429
499.999
47.747
35.314
499.999
120.61200000000001
87.305
499.999
356.90000000000003
69.149
221.061
176.26500000000001
171.031
30.68
64.09100000000001
52.084
149.644
248.434
353.96
67.046
62.724000000000004
93.919
58.948
44.074
499.999
113.819
111.824
376.782
131.831
26.259
157.774
77.293
112.127
28.911
481.00600000000003
82.712
210.61100000000002
84.027
499.999
499.999
137.39600000000002
63.483000000000004
67.22200000000001
37.489000000000004
78.644
99.613
22.533
21.276
130.065
55.063
345.986
87.203
80.377
88.94800000000001
152.201
29.208000000000002
96.738
97.056
61.54
78.56700000000001
94.19200000000001
28.195
116.405
49.575
499.999
415.346
118.73100000000001
28.676000000000002
52.178000000000004
91.035
36.963
40.066
101.497
60.18
53.626
53.328
182.55
54.910000000000004
54.369
499.999
241.528
109.193
274.073
121.33500000000001
143.422
56.937000000000005
136.086
450.669
34.03
110.56
499.999
65.83500000000001
51.997
55.627
91.69800000000001
102.816
190.39600000000002
37.907000000000004
149.681
179.91
75.769
122.424
94.751
328.833
271.386
63.167
121.761
87.284
106.304
32.973
77.328
60.677
152.099
113.891
154.697
38.127
499.999
225.27700000000002
41.576
101.943
60.752
33.207
36.36
23.865000000000002
189.44400000000002
88.946
136.45
157.127
78.31700000000001
76.912
129.206
377.033
48.088
73.494
79.08500000000001
290.134
59.899
149.668
160.718
101.399
92.299
37.408
492.151
55.907000000000004
90.94500000000001
241.619
100.206
78.574
499.999
60.554
229.332
305.493
499.999
45.43
231.421
399.468
93.575
58.347
51.003
128.37
115.941
88.871
453.99600000000004
42.106
369.397
68.118
66.95400000000001
105.604
48.082
129.102
214.314
258.271
61.756
199.994
68.934
36.766
121.179
40.575
192.08
235.713
90.833
443.333
47.557
107.799
91.274
187.946
49.993
63.68
112.236
139.207
193.59
28.365000000000002
38.410000000000004
285.061
45.748
75.278
80.65
222.40800000000002
410.635
150.965
45.413000000000004
189.995
499.999
38.188
179.484
328.38
43.301
64.996
187.404
158.792
187.953
25.104
362.94
43.334
165.428
72.69500000000001
112.69200000000001
127.311
58.238
53.214
28.067
162.429
67.214
54.665
54.313
122.373
69.036
38.898
118.763
72.629
149.734
36.034
132.797
25.868000000000002
169.218
184.484
64.883
254.966
269.919
216.30100000000002
364.196
285.815
45.825
92.536
97.521
94.048
27.962
29.512
78.798
499.999
108.325
89.686
134.167
156.79
133.218
376.428
125.037
218.61100000000002
45.173
141.119
42.647
331.883
284.01
173.51500000000001
132.487
182.504
227.909
60.59
308.896
213.69400000000002
96.054
47.175000000000004
210.84300000000002
499.999
144.298
401.137
240.356
499.999
244.255
106.72800000000001
89.61
115.97800000000001
265.293
107.915
72.316
216.016
138.579
322.258
190.983
126.357
34.701
48.474000000000004
57.256
98.099
241.696
25.989
99.751
36.502
499.999
152.889
31.549
116.05
37.632
35.745
84.432
69.24
63.112
141.781
68.38
161.166
99.06400000000001
35.61
84.291
29.994
363.563
91.525
220.162
469.577
78.873
371.623
115.604
88.224
124.084
67.41
92.055
499.999
96.52
56.826
47.884
499.999
66.483
70.618
218.407
26.459
84.047
79.255
87.575
364.7
160.199
56.672000000000004
92.351
499.999
55.766
64.755
15.623000000000001
431.354
143.043
47.495
39.786
81.144
36.396
213.429
162.693
40.935
174.42000000000002
44.077
211.401
125.041
148.311
69.831
52.426
255.25300000000001
70.06700000000001
192.778
499.999
90.131
290.865
499.999
51.763
51.819
166.372
51.054
100.7
98.85600000000001
50.533
88.334
52.209
88.046
197.561
124.98100000000001
67.375
22.474
44.296
38.444
30.536
86.202
46.767
409.329
182.63
30.043
73.239
181.197
152.626
144.303
465.938
499.999
63.024
108.528
39.546
56.508
497.743
49.64
36.639
137.147
150.462
56.748000000000005
33.605000000000004
164.68800000000002
208.036
38.591
52.144
167.15
267.206
55.379
348.029
132.992
31.359
188.823
46.982
66.964
405.935
143.25300000000001
71.034
27.747
67.37
199.02100000000002
212.121
178.375
137.948
53.566
55.187
222.553
433.48
224.57
75.546
80.21300000000001
19.663
54.38
47.466
42.45
27.221
64.941
32.412
250.234
89.985
152.973
276.717
240.217
59.041000000000004
254.792
68.031
383.004
105.508
302.834
142.942
124.724
87.909
499.999
55.082
46.767
146.12
393.099
499.999
402.089
163.917
39.135
81.112
80.933
42.209
191.584
295.957
40.824
64.59400000000001
399.871
29.784
46.555
59.265
45.358000000000004
415.809
84.565
33.041000000000004
499.999
81.892
66.286
83.486
35.244
499.999
40.789
93.515
34.377
196.69400000000002
84.67
55.021
125.568
42.72
79.411
499.999
499.999
499.999
33.012
143.66400000000002
499.999
499.999
499.999
80.46300000000001
499.999
407.214
55.773
99.67
35.737
34.678
140.315
81.734
66.877
99.881
48.96
63.787
363.569
76.426
202.983
32.367
135.61
71.637
79.624
49.535000000000004
135.855
32.054
37.738
20.063
42.028
89.161
52.987
499.999
75.922
33.885
112.014
96.793
54.36
36.28
172.19400000000002
311.731
44.084
83.959
43.978
499.999
45.753
25.835
240.447
71.24
65.636
43.525
194.067
48.336
140.821
54.635
21.538
124.903
47.139
277.997
498.253
89.264
41.215
236.516
58.868
34.08
82.031
82.018
149.25
103.423
56.381
43.074
89.786
325.337
204.653
37.612
53.283
68.879
261.663
76.676
118.376
414.1
47.745
53.146
107.462
47.749
150.873
85.988
20.272000000000002
105.003
61.914
28.778000000000002
70.09
42.58
45.738
111.742
101.784
260.147
493.208
51.726
499.999
146.702
55.234
25.279
102.71600000000001
47.252
194.068
97.538
499.999
499.999
154.279
57.121
499.999
77.898
84.129
123.959
74.295
98.07000000000001
34.139
455.689
93.697
176.225
55.719
123.69800000000001
362.908
316.25
127.547
99.53
75.993
466.182
88.125
53.603
96.486
52.862
129.69400000000002
90.642
69.559
499.999
207.953
107.506
234.155
372.844
30.04
252.192
499.999
218.967
499.999
65.905
90.842
437.11400000000003
83.395
39.924
217.327
499.999
148.56300000000002
74.893
50.111000000000004
84.916
59.743
249.342
176.558
63.571
48.278
55.85
49.848
499.999
47.751
153.02100000000002
67.434
33.716
102.99000000000001
173.464
77.846
73.648
177.25300000000001
230.756
44.924
82.188
499.999
43.648
44.687
111.312
167.166
84.3
36.230000000000004
499.999
15.620000000000001
80.045
102.33500000000001
92.897
34.472
60.839
175.443
372.216
47.124
49.528
298.666
69.83
99.421
31.88
348.449
99.73
176.966
29.001
220.479
499.999
209.327
53.006
499.999
46.243
157.473
283.02500000000003
51.271
167.041
81.22
38.647
79.915
312.415
60.348
131.968
82.96900000000001
131.074
499.999
407.536
230.98600000000002
112.955
96.372
85.249
499.999
25.407
40.304
52.274
430.057
47.332
156.274
155.861
131.762
123.712
36.533
90.742
130.701
92.238
110.322
79.026
38.535000000000004
96.325
52.696
40.64
424.705
129.357
108.395
153.75
40.789
74.19
34.111000000000004
109.9
162.604
199.324
47.848
138.78
417.66200000000003
52.627
122.113
92.488
280.37600000000003
83.708
27.847
256.035
113.747
47.21
68.556
263.776
36.546
499.999
164.893
447.278
481.305
82.986
48.432
28.837
333.969
37.092
83.952
65.148
34.354
48.050000000000004
499.999
34.312
204.585
95.632
50.967
90.235
44.931
78.205
80.295
31.538
136.165
96.108
49.361000000000004
161.356
499.999
110.499
47.002
422.25
42.112
114.384
499.999
46.828
499.999
40.636
79.662
499.999
103.641
96.293
82.545
312.389
126.56400000000001
214.208
114.415
44.656
73.543
125.262
94.31
163.122
499.999
46.719
224.64600000000002
86.919
343.67400000000004
301.975
175.81
32.313
59.759
34.151
237.982
56.054
28.585
29.067
57.829
398.669
164.58100000000002
233.808
270.17
89.065
38.763
499.999
98.3
43.781
124.393
112.893
74.372
113.235
95.033
124.646
165.287
123.70400000000001
71.59400000000001
53.591
46.091
22.855
70.971
27.647000000000002
388.839
52.842
406.457
499.999
125.631
82.128
75.31400000000001
68.446
73.549
352.897
129.555
57.208
52.391
395.105
243.446
51.137
154.704
25.394000000000002
41.419000000000004
43.629
37.704
261.572
90.762
499.999
413.974
42.984
75.18900000000001
110.142
114.531
499.999
58.204
101.812
98.105
261.338
252.92600000000002
141.695
499.999
74.70700000000001
47.139
224.626
374.091
33.458
117.858
65.402
30.654
113.482
23.2
54.681000000000004
59.979
69.411
163.08
159.055
100.48
145.821
57.575
207.281
82.907
255.294
62.383
52.981
28.792
52.487
160.34
46.678000000000004
76.504
248.397
71.478
499.999
356.585
157.63
324.991
33.543
132.748
368.37
76.842
75.674
55.065
354.5
495.156
88.13
173.482
26.892
22.546
111.045
55.021
42.625
499.999
45.264
60.361000000000004
51.408
136.812
166.729
212.939
23.931
69.387
121.61200000000001
48.081
304.242
499.999
184.351
107.193
146.287
80.275
408.974
79.33
116.922
70.277
145.83
62.951
20.582
139.31900000000002
208.755
42.471000000000004
307.799
74.44
114.482
221.954
499.999
103.217
157.83100000000002
174.65
81.374
376.308
321.779
403.635
44.052
82.15
52.844
319.266
152.311
27.532
329.548
151.56300000000002
71.409
33.887
364.841
315.06
263.424
290.3
429.502
36.480000000000004
185.77
90.894
107.149
208.526
265.562
161.693
102.78
117.248
69.426
69.563
45.893
204.422
31.678
42.918
39.098
499.999
52.451
60.306000000000004
87.568
53.544000000000004
27.798000000000002
75.065
336.914
228.251
194.084
32.361000000000004
499.999
169.604
151.097
499.999
17.826
499.999
150.68
109.738
34.067
482.07800000000003
34.875
77.287
33.858000000000004
271.108
143.609
181.338
80.151
96.607
25.424
25.711000000000002
22.403
187.851
122.381
87.31400000000001
219.821
102.941
93.58500000000001
76.67
41.616
35.824
135.163
59.743
175.89000000000001
20.207
286.71500000000003
105.781
59.427
89.986
213.066
314.95
95.419
204.442
394.933
42.061
100.065
18.225
191.65800000000002
90.748
170.774
35.808
54.662
51.576
264.596
54.762
143.946
162.366
37.33
39.427
283.57
165.348
120.123
499.999
41.188
108.396
42.567
337.053
37.12
108.581
78.556
214.529
60.245000000000005
351.866
68.07300000000001
151.33100000000002
227.656
114.56400000000001
72.273
43.249
152.984
98.666
41.529
200.99
184.567
30.027
125.07900000000001
54.521
48.296
45.548
493.337
67.423
338.36400000000003
499.999
435.781
55.358000000000004
161.574
163.064
44.347
53.034
106.635
70.635
182.506
83.711
499.999
31.37
56.989000000000004
136.137
77.524
118.622
162.326
141.979
157.886
276.014
499.999
108.08200000000001
58.894
177.524
204.97400000000002
210.915
188.833
39.543
138.346
185.463
71.012
78.846
43.834
252.215
226.049
41.982
184.03900000000002
66.65
180.506
116.24000000000001
48.284
29.174
125.138
27.832
225.336
201.298
77.165
30.746000000000002
101.024
137.263
322.343
43.96
272.335
215.519
28.725
75.444
134.842
50.593
245.326
36.65
58.307
499.999
34.019
499.999
158.871
40.971000000000004
37.155
55.738
499.999
50.342
499.999
47.645
26.768
36.061
499.999
499.999
138.601
53.026
91.428
53.67
71.88
252.749
36.918
101.398
80.658
150.992
113.907
61.662
122.926
499.999
417.374
74.416
173.766
44.036
30.034
348.597
172.004
70.748
58.63
60.352000000000004
292.835
96.703
227.83
106.971
128.985
34.9
39.747
90.551
62.372
45.641
243.981
133.243
36.031
57.853
158.114
84.057
70.145
26.307000000000002
183.734
171.961
63.11
118.563
149.703
499.999
74.857
89.302
146.763
155.256
499.999
200.023
499.999
264.38100000000003
499.999
334.50600000000003
258.073
169.996
61.652
55.076
148.33
27.295
72.426
356.846
48.559
55.534
187.263
52.786
44.663000000000004
98.462
105.34400000000001
100.45
68.412
37.725
36.614
499.999
159.871
113.694
46.555
33.546
23.456
48.09
229.91
83.292
425.451
20.983
120.774
31.724
273.218
88.83200000000001
231.28900000000002
187.424
124.05
293.36400000000003
19.639
45.639
41.234
194.612
327.618
213.362
88.041
79.388
145.898
27.442
258.515
238.33
77.94800000000001
89.741
56.604
87.004
125.049
32.096000000000004
77.035
109.049
181.68800000000002
103.86800000000001
49.85
93.629
148.22
144.154
41.916000000000004
33.4
218.80100000000002
33.727000000000004
66.108
499.999
179.885
30.212
40.317
99.661
499.999
143.77700000000002
69.828
166.149
95.117
46.581
206.717
74.31700000000001
48.391
79.855
30.643
162.797
499.999
412.538
71.277
198.708
257.123
105.476
43.928000000000004
64.565
112.677
37.074
114.408
409.899
51.89
101.749
36.761
56.374
37.187
96.185
42.314
130.73
76.97200000000001
167.231
48.81
376.284
499.999
72.151
47.286
205.132
36.271
52.480000000000004
37.357
132.552
101.008
61.819
499.999
106.075
90.159
120.95700000000001
61.508
127.747
108.138
82.361
499.999
64.432
466.044
267.767
68.369
81.548
211.542
56.46
229.222
36.208
88.779
44.108000000000004
90.169
120.459
45.528
318.659
61.889
78.773
249.17000000000002
62.107
99.761
66.893
52.867000000000004
251.802
61.915
73.952
47.623
44.751
70.343
499.999
16.607
181.817
58.698
24.921
35.672000000000004
71.947
278.212
380.349
118.541
333.20300000000003
499.999
311.41700000000003
186.99
300.39
44.037
195.191
499.999
224.86
139.087
378.618
191.131
129.667
105.861
111.625
82.09400000000001
177.863
32.456
56.469
55.008
286.87
161.03900000000002
57.711
259.616
499.999
123.644
57.43
76.773
45.303000000000004
120.74900000000001
43.923
135.082
76.542
499.999
270.627
51.089
34.725
62.327
41.166000000000004
183.3
134.49
149.852
74.053
499.999
21.996000000000002
170.617
86.772
65.25
57.858000000000004
42.617000000000004
44.135
45.988
74.675
134.507
361.89300000000003
61.837
73.08200000000001
301.387
199.01
46.733000000000004
69.677
162.332
32.374
63.439
198.713
246.668
231.467
359.628
73.919
111.608
145.323
499.999
62.176
132.561
50.823
121.563
56.067
149.802
66.141
178.389
50.174
57.378
443.238
97.386
57.393
101.667
65.859
129.364
188.988
32.956
239.395
110.95400000000001
116.476
127.59
264.348
55.509
125.552
499.999
42.264
229.47400000000002
47.698
90.935
25.082
226.15800000000002
499.999
47.502
37.376
105.138
162.81900000000002
37.138
35.992
239.838
80.372
58.46
234.622
31.846
499.999
54.834
48.105000000000004
79.08
179.098
343.878
207.994
96.316
136.174
150.379
49.83
24.168
59.065
172.886
115.578
106.849
62.488
244.693
133.317
132.642
77.416
403.344
58.039
125.84400000000001
397.931
307.747
67.32600000000001
48.289
126.334
125.465
50.957
499.999
121.13
121.798
51.413000000000004
41.387
120.531
43.800000000000004
97.333
136.221
51.07
147.29
14.528
171.115
116.125
223.763
57.406
161.03300000000002
171.80100000000002
176.52700000000002
135.564
191.453
66.645
71.372
61.166000000000004
374.519
30.38
439.996
183.888
273.341
496.64500000000004
460.392
346.325
126.407
95.821
301.808
81.496
60.012
27.993000000000002
230.493
41.696
290.933
36.772
50.581
48.886
47.173
36.132
138.811
179.86
499.999
294.684
131.229
499.999
393.547
471.504
211.154
89.477
128.47
127.84
61.943
127.308
32.932
99.534
41.297000000000004
77.595
59.081
94.278
65.217
31.774
192.866
221.559
54.167
69.035
48.819
52.815
499.999
253.996
111.805
48.74
30.119
199.84300000000002
219.463
462.21500000000003
216.846
491.163
499.999
125.12100000000001
499.999
83.535
27.617
80.79
499.999
71.593
59.892
150.95600000000002
112.209
106.595
33.127
164.843
51.768
143.62
252.511
122.476
499.999
148.41
66.815
499.999
39.276
499.999
499.999
82.59400000000001
197.654
107.145
215.687
94.56700000000001
195.066
257.389
48.608000000000004
109.511
499.999
51.504
34.694
130.68
285.089
84.688
139.223
131.933
260.731
499.999
34.047000000000004
70.887
254.173
65.962
107.96900000000001
375.556
102.613
56.268
347.225
117.29
439.994
138.012
62.92
303.421
97.919
65.605
20.442
60.791000000000004
365.407
137.757
113.971
86.424
24.497
344.878
23.523
180.999
45.577
24.942
226.963
32.273
80.908
45.542
499.999
70.131
499.999
64.644
72.816
161.782
67.69200000000001
123.413
499.999
75.482
69.98
89.051
91.421
53.355000000000004
450.59700000000004
93.35600000000001
52.806000000000004
46.92
186.459
146.747
150.12
37.566
67.36
499.999
92.355
64.271
195.696
27.188
148.928
85.034
65.97200000000001
89.154
28.87
37.144
189.862
351.23
63.315000000000005
63.481
23.556
86.527
123.669
100.206
394.443
168.476
75.875
289.645
255.352
44.997
125.074
272.826
133.216
20.027
89.406
57.114000000000004
166.90200000000002
218.812
18.18
59.902
499.999
63.743
65.586
499.999
15.226
64.708
73.386
355.51300000000003
65.489
104.81400000000001
62.489000000000004
499.999
428.278
43.749
106.903
67.304
197.19400000000002
32.207
411.856
54.208
119.312
262.642
499.999
50.652
93.515
140.89600000000002
214.357
48.81
256.648
95.988
84.092
43.879
499.999
312.113
422.709
212.832
395.71500000000003
70.141
429.997
24.599
151.01500000000001
133.687
162.321
95.94
107.04
98.891
54.835
477.39
277.61
61.609
66.262
62.325
160.65
42.238
71.498
40.749
223.376
217.854
80.375
168.247
95.135
237.996
63.736000000000004
386.533
69.116
63.763
499.999
118.245
169.02100000000002
37.142
159.209
68.74
89.017
107.285
81.411
499.999
85.97
43.766
58.165
82.937
57.136
70.986
40.905
120.96000000000001
54.108000000000004
423.165
257.558
245.237
110.392
30.524
254.199
76.009
17.608
130.016
79.907
373.633
74.755
33.35
72.033
320.531
34.709
87.644
104.531
251.241
61.142
69.628
128.677
28.036
128.802
499.999
150.299
48.873
226.45000000000002
117.869
345.533
271.747
213.358
185.013
454.112
86.271
62.678000000000004
107.005
171.08700000000002
39.601
42.462
296.308
197.124
153.892
499.999
59.382
354.451
30.952
34.794000000000004
50.197
92.672
34.672000000000004
33.788000000000004
51.255
65.858
96.492
185.335
94.876
499.999
76.01
56.252
69.387
198.161
60.863
73.08500000000001
84.36
413.22
66.006
28.548000000000002
75.218
358.846
59.445
193.857
87.533
132.758
163.867
75.607
58.795
141.81900000000002
33.74
261.51800000000003
46.428000000000004
43.52
51.138
42.931
55.324
55.286
79.907
146.872
104.004
118.114
45.159
499.999
218.02
53.793
52.64
348.307
294.89300000000003
117.087
146.40800000000002
111.592
187.46200000000002
279.362
499.999
242.132
58.065
81.129
103.827
122.867
42.208
144.704
169.287
184.77700000000002
60.596000000000004
229.141
52.456
44.68
111.747
247.278
28.697
169.317
431.18
310.009
26.348
34.468
93.991
33.536
499.999
113.705
50.955
46.096000000000004
96.184
35.277
113.764
45.918
317.903
164.138
151.497
39.156
499.999
155.836
89.94500000000001
57.53
60.945
73.385
32.726
87.93
38.480000000000004
41.525
138.691
43.004
60.759
265.197
45.175000000000004
116.282
111.56
129.481
211.262
42.739000000000004
54.85
96.685
229.39000000000001
148.291
43.83
499.999
133.963
102.385
33.845
42.800000000000004
251.997
191.553
499.999
45.009
326.133
392.252
74.812
187.116
66.752
209.233
74.34700000000001
85.325
365.264
162.898
44.528
284.697
69.537
43.313
29.053
75.679
94.57900000000001
146.204
309.204
60.402
36.802
127.123
63.974000000000004
52.611000000000004
35.251
96.419
264.497
88.673
59.957
81.652
42.413000000000004
93.59400000000001
323.843
106.758
153.095
52.238
28.941
41.242
91.086
50.484
51.957
499.999
499.999
107.06700000000001
97.493
391.016
47.061
97.172
61.908
37.505
61.478
62.309000000000005
60.598
64.74
35.001
44.925000000000004
79.925
67.803
135.861
52.648
33.743
35.364
59.108000000000004
499.999
333.966
39.211
34.67
75.988
138.241
327.737
499.999
194.299
99.188
348.865
260.84000000000003
50.447
88.378
93.757
209.269
66.65
123.75200000000001
277.755
80.565
286.235
277.017
66.714
113.641
36.660000000000004
89.999
32.19
136.55100000000002
70.675
115.584
74.168
269.74
159.48
45.421
52.457
66.037
35.902
260.147
20.399
57.723
66.224
33.527
148.374
499.999
91.806
56.833
37.15
113.769
69.492
41.554
44.333
81.703
263.254
146.726
77.062
18.591
244.764
28.784
101.311
56.356
79.73100000000001
366.407
107.239
67.258
28.805
22.932000000000002
63.02
418.75
30.026
87.94200000000001
327.493
499.999
102.44800000000001
52.9
49.143
94.932
50.655
229.21
499.999
499.999
58.026
234.781
67.759
29.684
338.468
44.311
25.552
52.527
43.615
245.931
76.918
429.01800000000003
208.95000000000002
86.154
83.44500000000001
184.866
38.179
131.892
44.783
114.302
299.5
39.298
173.44400000000002
499.999
141.073
61.371
64.34400000000001
43.846000000000004
131.607
62.615
141.29500000000002
367.961
57.038000000000004
203.754
228.916
50.778
71.8
96.825
47.411
98.36200000000001
33.609
151.824
499.999
70.643
323.872
40.555
37.663000000000004
54.21
194.947
32.427
17.933
349.416
67.75
48.033
72.67
83.878
104.915
81.907
324.317
72.813
82.175
50.332
456.231
37.894
118.10900000000001
64.136
89.363
53.481
280.165
94.461
329.666
45.491
76.578
58.88
282.878
168.685
50.268
137.894
192.631
149.81900000000002
373.433
50.592
170.56
232.199
172.705
75.202
57.402
281.779
201.991
220.804
226.984
110.554
57.044000000000004
123.911
237.627
135.921
88.023
342.533
53.391
208.739
127.412
322.992
31.528000000000002
159.461
94.017
89.119
69.384
137.047
42.636
206.413
240.618
37.991
28.182000000000002
55.199
198.481
124.904
58.563
366.399
55.223
154.648
122.339
434.04
125.065
189.762
54.001
487.302
499.999
50.679
47.962
144.829
499.999
391.355
99.58800000000001
44.69
162.886
69.561
28.186
499.999
85.081
499.999
67.756
194.74
112.24900000000001
71.08800000000001
353.493
158.799
57.282000000000004
136.03300000000002
100.11500000000001
282.794
330.38100000000003
176.90800000000002
89.982
146.133
75.813
86.145
172.076
46.83
499.999
32.128
107.134
253.731
48.989000000000004
484.286
67.071
382.765
167.561
44.031
53.598
499.999
87.69800000000001
141.559
71.487
249.559
34.206
53.037
175.50900000000001
272.636
75.857
406.035
499.999
28.187
249.489
134.47
15.415000000000001
85.772
243.45000000000002
221.666
339.423
106.381
49.833
49.024
178.80100000000002
192.728
122.717
61.852000000000004
109.825
52.383
37.475
79.889
22.902
166.8
72.311
93.182
135.26500000000001
220.131
37.835
499.999
36.207
345.367
112.171
50.5
499.999
56.800000000000004
37.731
44.647
499.999
48.334
71.926
315.931
479.42
114.236
80.72800000000001
499.999
157.243
34.496
43.789
73.659
116.42
313.13
278.54
62.441
179.97
23.923000000000002
289.01
39.114000000000004
41.763
483.692
200.55
27.990000000000002
51.217
329.04200000000003
111.287
36.944
127.895
58.376
28.411
72.303
27.404
268.101
85.905
458.731
248.269
24.37
229.354
61.582
128.743
45.509
58.465
73.55
148.73
204.857
171.774
70.815
39.212
247.821
60.14
223.09900000000002
63.027
84.224
80.768
499.999
99.94200000000001
103.538
107.183
499.999
66.865
166.227
47.681000000000004
31.598
105.83800000000001
44.272
97.507
89.605
46.34
116.251
499.999
499.999
391.826
416.574
33.836
23.900000000000002
114.748
139.848
118.513
92.546
32.655
310.176
92.032
233.735
62.382
42.514
339.59000000000003
57.482
190.594
108.2
108.98400000000001
39.799
93.264
142.763
251.141
36.472
66.4
234.791
56.051
340.074
50.599000000000004
39.341
58.044000000000004
63.732
140.912
117.979
54.839
52.565
72.09
98.275
104.257
31.388
43.464
118.711
165.126
143.561
256.978
108.955
184.50900000000001
499.999
339.246
81.09100000000001
56.72
58.224000000000004
151.17600000000002
28.869
55.429
107.806
52.606
411.487
190.84900000000002
176.469
30.771
56.638
378.52500000000003
47.112
277.063
222.011
131.611
67.768
93.66
26.543
83.52
100.727
173.008
79.702
99.491
263.863
64.938
277.584
264.3
499.999
94.434
499.999
284.738
37.276
34.728
77.865
57.999
78.656
75.59
345.788
173.40200000000002
278.386
499.999
67.156
22.989
240.89000000000001
72.956
103.703
32.03
189.754
46.477000000000004
17.317
32.693
223.155
233.793
62.75
33.366
42.363
71.328
52.849000000000004
78.637
213.35500000000002
499.999
473.902
51.124
113.437
46.955
56.637
42.651
440.095
43.083
129.75300000000001
86.493
45.2
463.427
29.047
295.619
254.114
131.778
39.443
412.755
56.788000000000004
54.037
48.478
225.687
58.828
23.451
103.752
37.361000000000004
137.999
81.292
68.592
139.749
250.10500000000002
499.999
82.34400000000001
103.595
247.70000000000002
54.778
338.36400000000003
79.376
74.788
92.22200000000001
43.187
72.051
89.538
55.06
33.947
46.712
40.808
63.84
285.563
422.392
113.921
113.295
291.346
162.94
37.666000000000004
70.045
22.097
29.604
49.948
68.652
64.575
322.702
154.425
221.251
50.263
54.089
118.534
135.523
499.999
428.514
66.668
71.427
208.78900000000002
159.93800000000002
138.605
54.359
226.809
98.837
164.737
175.75
44.32
94.941
125.873
66.979
149.324
43.846000000000004
159.355
288.556
45.899
95.373
59.21
56.924
147.487
60.493
60.023
58.743
499.999
57.874
37.819
430.33500000000004
92.625
91.60900000000001
66.986
85.16
163.811
499.999
268.81600000000003
156.56900000000002
199.497
33.509
499.999
42.47
116.028
171.79
122.49900000000001
499.999
113.278
57.120000000000005
55.104
209.661
57.204
85.22800000000001
106.706
25.317
124.315
75.944
499.999
85.503
139.831
302.819
50.305
64.08200000000001
499.999
78.82000000000001
371.90000000000003
57.363
39.447
160.861
480.285
209.354
100.995
253.633
86.152
269.653
47.472
394.855
142.285
68.474
100.885
31.584
154.785
69.033
388.782
76.641
99.495
366.204
102.82900000000001
88.038
48.995000000000005
97.2
52.942
68.696
274.23900000000003
341.145
56.79
28.784
57.326
63.72
42.351
114.792
44.458
133.809
210.275
155.58100000000002
72.387
360.367
423.249
38.079
26.577
224.965
181.247
499.999
77.666
434.577
193.742
172.80100000000002
141.151
72.178
200.05100000000002
304.808
48.059
33.784
103.095
92.402
57.281
124.292
455.55
63.091
82.119
59.18
59.701
107.873
285.121
67.19500000000001
35.517
190.15200000000002
52.518
44.649
306.91
95.968
231.387
23.13
69.94500000000001
92.9
499.367
35.379
25.696
70.577
26.825
98.21900000000001
89.699
81.369
84.774
18.161
56.837
32.032000000000004
27.744
35.106
32.853
499.999
65.952
184.78
140.581
84.986
88.895
30.687
58.588
190.635
80.443
178.427
114.77
174.699
71.462
29.386
95.946
76.19
114.055
165.886
499.999
119.509
26.608
297.35200000000003
78.481
87.742
58.596000000000004
127.408
225.966
351.296
81.413
67.504
45.835
59.618
68.483
96.515
59.428000000000004
50.966
86.746
75.384
102.82000000000001
484.226
204.195
92.81400000000001
70.246
169.91
212.365
41.167
41.978
130.273
421.057
158.537
101.752
347.632
43.079
312.414
57.506
50.056000000000004
52.682
48.066
100.885
52.745000000000005
65.104
47.263
382.528
97.412
46.427
107.608
499.999
114.935
44.494
51.255
293.885
499.999
62.397
94.693
499.999
50.365
499.999
61.434000000000005
73.25
499.999
285.541
157.968
31.596
55.913000000000004
68.735
58.196
60.901
444.403
499.999
71.628
499.999
50.646
31.032
138.692
40.476
139.811
336.52500000000003
123.771
123.681
98.71900000000001
163.078
351.711
163.66400000000002
499.999
499.999
43.834
80.538
147.147
57.879
105.129
130.084
147.012
352.27
341.368
219.354
46.866
47.76
56.57
121.894
44.552
172.285
72.293
79.772
176.677
296.639
186.505
109.138
31.715
98.60600000000001
78.47500000000001
75.235
73.318
94.002
499.999
127.011
357.345
79.925
240.489
350.946
50.684000000000005
23.598
67.057
21.026
147.113
106.74300000000001
51.181000000000004
85.743
137.206
104.345
138.603
109.358
149.835
173.46800000000002
499.999
107.671
476.833
27.181
499.999
50.541000000000004
85.015
223.485
44.721000000000004
365.221
488.944
219.73000000000002
229.552
60.859
76.57300000000001
63.081
165.949
45.309
499.999
72.715
499.999
499.999
26.225
119.554
225.948
48.804
40.682
93.85600000000001
289.305
26.736
89.923
27.402
119.381
76.82000000000001
499.999
132.472
499.999
102.909
499.999
183.076
23.861
499.999
101.33200000000001
147.497
49.156
178.98
105.646
31.614
499.999
74.07000000000001
64.258
24.212
32.246
58.347
38.389
85.605
323.44100000000003
33.326
38.563
102.907
111.392
62.556000000000004
78.95400000000001
36.206
150.514
159.832
332.56
73.793
360.354
45.739000000000004
499.999
37.557
95.696
181.056
146.972
49.644
52.841
100.703
29.567
200.19400000000002
100.515
136.787
122.967
125.71300000000001
37.335
43.35
144.747
119.769
82.226
151.874
51.432
81.379
125.545
53.557
499.999
39.37
85.93
24.778000000000002
49.792
70.69500000000001
67.051
86.449
248.405
95.902
54.185
43.11
499.999
208.26
184.678
42.77
74.521
30.412
116.358
47.37
60.482
69.498
68.65
104.24000000000001
36.302
102.622
70.411
466.6
43.89
33.306
85.438
251.437
499.999
390.373
24.741
74.869
400.216
37.455
189.189
66.225
85.077
68.992
94.871
96.8
104.756
31.518
320.325
63.038000000000004
177.54500000000002
165.1
38.7
56.576
82.628
98.73100000000001
225.38
109.98400000000001
40.775
375.538
57.249
275.03000000000003
154.997
32.631
29.316
101.66
53.302
34.465
415.57300000000004
28.72
417.011
196.871
39.198
499.999
34.191
166.567
133.624
80.69
286.291
55.821
53.355000000000004
330.108
49.428000000000004
20.194
102.465
216.433
37.783
49.524
47.745
59.346000000000004
79.182
159.469
46.218
30.702
55.046
106.867
53.501
46.37
30.181
99.226
499.999
94.59400000000001
113.024
42.935
62.083
32.769
86.615
89.33500000000001
107.111
243.024
105.483
118.059
40.481
136.078
89.208
187.383
61.339
128.30100000000002
350.547
41.228
86.455
477.34700000000004
142.221
68.327
165.47
92.366
39.306
29.150000000000002
95.188
397.594
173.001
170.65
134.861
110.628
47.892
190.745
188.754
451.44
249.005
72.938
103.46600000000001
62.296
168.519
37.686
51.919000000000004
499.999
112.791
29.369
142.715
35.294000000000004
135.812
137.205
66.409
68.357
205.91
48.145
98.301
270.984
136.593
175.08
48.7
280.961
50.024
62.691
115.23100000000001
25.562
127.467
344.909
58.832
55.013
39.891
143.68800000000002
354.547
38.421
186.629
41.502
173.441
95.739
66.386
173.785
69.72500000000001
206.32500000000002
57.675000000000004
499.999
53.127
72.76
136.77100000000002
102.024
175.38
36.775
235.207
499.526
302.516
194.67000000000002
112.601
110.851
27.17
25.038
70.03
189.534
36.725
56.763
71.635
39.377
499.999
67.578
273.37
87.909
49.102000000000004
34.853
499.999
58.234
499.999
35.339
117.009
106.485
222.621
63.757
54.622
85.931
42.539
70.603
72.299
58.047000000000004
448.156
499.999
51.156
62.827
23.447
267.153
67.812
58.817
85.393
396.294
57.134
84.287
237.75
18.021
53.242000000000004
42.978
129.952
59.238
47.429
471.65500000000003
178.103
169.036
499.999
27.006
57.855000000000004
499.999
122.83800000000001
96.369
43.745
122.37700000000001
499.999
285.639
55.051
42.219
70.738
39.407000000000004
76.021
176.017
255.802
498.942
292.895
45.198
165.961
93.523
369.743
131.15800000000002
142.987
82.284
96.71900000000001
24.808
179.70000000000002
67.586
223.602
62.910000000000004
67.989
71.903
324.407
35.088
499.999
63.289
58.873000000000005
56.917
67.045
82.265
23.809
49.584
222.452
59.455
33.519
40.86
107.523
40.595
66.006
29.187
74.8
72.816
268.512
259.32
50.343
26.589000000000002
29.939
71.46600000000001
41.194
117.60000000000001
252.062
74.19800000000001
361.13100000000003
32.327
53.736000000000004
101.047
114.922
87.416
55.274
173.58700000000002
452.399
108.441
83.028
499.999
132.916
499.999
150.472
80.182
62.606
25.134
351.426
281.933
184.229
259.908
23.984
80.46300000000001
387.521
499.999
64.944
39.142
84.785
133.879
68.607
55.604
62.49
381.124
499.999
499.999
499.999
321.345
37.379
109.13
85.244
73.322
499.999
62.372
179.969
199.55
158.16
311.219
309.587
259.145
67.292
36.348
402.082
88.29
128.885
47.857
39.763
76.891
126.99900000000001
62.169000000000004
233.645
76.608
436.003
178.20600000000002
53.752
102.07300000000001
118.691
72.348
88.275
171.65
89.146
51.993
438.01800000000003
39.394
182.52100000000002
49.324
51.036
82.595
37.173
48.311
70.542
70.061
177.302
229.491
239.25
92.044
168.037
394.915
83.033
96.423
62.263
479.041
499.999
459.551
499.999
499.999
137.64600000000002
23.268
49.178000000000004
228.572
53.535000000000004
191.45600000000002
209.216
210.876
205.678
130.546
105.677
125.166
96.218
93.368
232.961
48.282000000000004
360.697
46.826
26.908
51.244
499.999
103.848
32.986000000000004
199.767
39.464
46.569
174.553
42.061
86.49
112.271
31.489
103.382
499.999
271.665
171.774
91.298
72.879
96.202
33.405
76.015
42.717
221.663
252.239
103.191
54.249
125.961
54.664
164.333
27.539
77.308
59.512
207.154
488.553
52.368
296.873
68.598
237.162
179.207
428.91
60.5
369.883
499.999
115.488
58.655
47.098
120.334
15.540000000000001
68.923
29.549
101.055
100.263
315.394
153.92000000000002
62.183
499.999
223.745
64.497
61.772
29.492
161.936
139.83
237.94400000000002
114.708
258.838
153.993
109.227
92.002
72.139
99.319
146.44
38.186
81.624
499.999
56.291000000000004
53.784
74.27
51.854
147.52700000000002
254.544
81.013
17.298000000000002
42.385
385.134
144.081
36.241
499.999
32.536
88.303
156.969
210.905
29.994
499.999
302.144
51.035000000000004
134.739
57.352000000000004
37.84
493.761
106.176
61.388
110.94800000000001
56.642
176.18
67.661
86.759
31.487000000000002
47.416000000000004
466.721
42.016
55.241
32.338
58.872
31.26
52.379
69.321
67.05
82.254
79.502
36.301
81.76
155.526
321.164
43.79
84.34100000000001
56.135
267.702
213.71
471.22700000000003
499.999
269.266
61.208
126.659
110.4
145.672
425.874
54.208
55.480000000000004
120.571
247.095
499.999
300.672
145.037
112.834
126.04
499.999
57.63
161.535
148.698
415.13800000000003
72.803
60.569
47.681000000000004
32.885
39.834
20.792
93.383
66.772
419.44800000000004
53.327
82.092
320.895
499.999
63.025
26.803
77.985
203.19400000000002
130.639
128.5
499.999
358.012
122.782
212.029
234.947
80.01
155.53300000000002
79.674
82.76
32.61
65.316
268.58
85.78
241.086
86.296
61.102000000000004
22.414
360.372
134.906
85.191
166.309
226.565
386.932
30.304000000000002
280.633
322.308
38.65
117.804
39.362
131.177
106.025
350.926
23.978
86.145
499.999
216.56
65.308
83.515
44.4
197.909
38.692
108.159
27.687
62.197
150.58100000000002
157.258
47.147
49.039
55.451
144.364
56.435
163.193
26.02
216.633
20.19
78.666
108.372
30.09
499.999
499.999
42.474000000000004
189.714
181.16
223.373
55.457
145.847
96.354
74.20700000000001
384.178
121.816
471.212
133.171
207.821
499.999
97.21000000000001
18.209
65.71000000000001
31.895
29.17
155.91
58.980000000000004
357.94
29.837
83.799
81.928
57.688
499.999
253.16400000000002
105.322
127.031
70.618
351.536
193.608
46.621
329.074
485.922
56.22
89.044
115.95100000000001
200.492
499.999
223.01
104.63
275.636
392.22
74.024
187.381
118.289
61.764
53.856
499.999
272.544
136.723
227.98000000000002
30.328
20.659
28.209
106.158
124.386
89.099
62.802
105.717
63.064
60.187000000000005
72.511
199.03
61.789
28.747
20.318
31.98
193.821
81.678
33.205
199.189
135.1
40.205
82.165
302.185
64.112
80.437
38.653
281.829
224.756
297.78700000000003
392.416
52.463
171.556
69.633
85.968
212.39600000000002
230.53900000000002
499.999
40.788000000000004
59.419000000000004
45.151
255.466
214.072
191.082
219.693
499.999
47.029
263.052
212.339
77.056
88.058
80.419
139.72
56.371
299.446
153.37
38.744
68.662
77.586
73.252
78.452
49.719
181.817
28.403000000000002
428.59700000000004
111.20700000000001
91.754
34.399
72.066
84.051
189.425
74.641
158.196
97.761
69.436
33.975
155.27700000000002
32.199
72.032
32.702
51.712
171.463
102.775
23.068
99.47
133.09
159.247
153.815
40.64
230.484
25.721
76.919
127.504
125.873
50.813
46.421
53.615
300.855
310.66200000000003
90.93900000000001
429.058
194.23000000000002
44.47
131.413
31.321
106.634
499.999
76.331
51.861000000000004
354.69
253.622
57.413000000000004
53.077
68.11
147.931
36.092
176.645
72.569
493.44100000000003
35.08
98.59100000000001
92.93900000000001
80.2
69.559
34.581
135.147
395.472
175.83100000000002
125.273
33.822
59.278
20.758
83.93
161.241
76.63
38.703
79.77
50.195
71.309
109.669
163.097
214.382
82.732
46.258
499.999
51.345
61.644
56.406
45.202
499.999
499.866
333.095
277.55400000000003
164.65
175.853
79.397
123.22
263.42
144.604
53.227000000000004
21.645
226.89000000000001
35.706
420.407
261.189
41.217
72.21900000000001
100.183
37.032000000000004
225.709
34.447
182.893
499.999
123.97
44.783
397.41700000000003
305.455
71.822
499.999
39.954
94.426
178.423
499.999
499.999
356.73
133.25300000000001
143.156
372.454
124.162
56.396
24.178
68.596
180.076
89.70400000000001
140.532
79.183
272.145
121.726
169.883
184.028
29.763
70.157
30.621000000000002
251.827
191.811
21.217
187.921
40.773
33.821
55.428000000000004
304.277
499.999
284.343
31.863
56.375
129.394
94.85000000000001
67.226
81.025
210.418
98.019
80.671
53.736000000000004
40.845
56.331
128.584
66.94800000000001
43.201
187.572
499.999
346.73
163.776
85.82900000000001
45.019
25.807000000000002
35.566
90.614
197.668
499.999
51.848
65.761
367.741
134.548
200.465
69.434
146.072
57.09
108.973
153.464
191.524
499.999
65.093
28.103
220.54
136.352
181.111
83.771
34.415
157.809
453.808
29.334
40.666000000000004
158.699
164.163
201.735
106.655
109.367
80.647
105.574
65.44
91.94800000000001
41.461
24.588
55.909
82.55
165.19400000000002
393.902
309.855
220.619
93.61
27.195
27.923000000000002
499.999
110.407
143.267
59.206
72.987
100.15
39.844
87.182
170.13400000000001
87.258
356.93600000000004
141.861
499.999
307.894
499.999
196.09300000000002
145.55100000000002
53.585
159.992
141.979
57.906
54.01
36.015
98.476
49.386
99.896
298.672
141.492
77.934
185.701
300.582
107.316
302.246
148.082
170.029
70.221
166.273
220.913
49.086
499.999
132.098
344.873
111.086
207.552
499.999
94.482
47.667
97.631
211.72400000000002
65.054
98.162
111.529
31.378
84.206
71.223
155.934
26.751
43.425000000000004
499.999
499.999
499.999
22.013
57.215
83.063
70.5
54.293
49.799
134.996
61.928000000000004
170.589
77.083
58.551
109.745
31.914
138.336
86.815
84.07600000000001
121.20100000000001
157.352
143.174
74.831
69.284
28.674
143.969
202.764
499.999
108.964
77.059
21.578
467.173
61.284
70.154
274.383
499.999
171.196
48.837
138.288
259.467
88.483
374.733
145.5
55.709
99.44200000000001
95.458
444.897
499.999
86.655
122.25
57.936
41.706
233.499
86.473
26.197
150.096
187.004
210.242
378.678
259.62600000000003
83.18
50.093
17.346
382.219
104.239
47.459
28.374000000000002
111.773
126.433
118.59700000000001
49.192
67.866
499.999
321.832
107.507
75.191
416.705
118.87700000000001
33.439
68.13
126.50200000000001
62.833
80.649
45.781
61.859
117.57900000000001
36.914
35.176
346.356
31.651
35.965
31.573
279.373
216.872
328.422
49.897
44.94
74.139
307.785
263.808
204.38400000000001
29.103
44.494
499.999
499.999
37.385
130.016
127.241
81.147
202.883
188.70600000000002
107.637
123.008
54.612
57.813
187.606
86.493
28.613
34.302
60.093
105.617
110.248
188.268
499.999
499.999
98.08
130.299
27.995
172.11
179.752
239.734
172.126
499.999
499.999
63.377
99.497
43.892
56.583
156.897
380.389
260.372
61.458
29.368000000000002
126.37400000000001
124.397
239.409
69.187
84.516
116.735
219.372
178.622
111.828
400.724
499.999
260.884
245.625
73.694
32.099000000000004
44.249
37.505
80.81400000000001
412.446
26.04
38.718
77.538
98.129
116.214
91.543
399.113
263.47
21.098
105.877
347.00600000000003
226.02
499.999
61.374
61.99
52.681000000000004
191.83
169.049
93.39
43.497
82.253
85.96600000000001
27.563
87.66
499.999
54.334
61.084
119.687
85.155
112.916
499.999
33.494
499.999
43.436
240.586
158.934
99.452
81.665
363.43
96.566
45.064
30.694
40.069
250.38400000000001
72.941
45.527
87.541
61.184000000000005
345.219
66.268
347.033
499.999
147.57500000000002
34.429
428.837
33.726
104.33800000000001
53.68
71.687
174.332
162.632
499.999
40.88
28.338
499.999
27.678
61.543
52.17
101.645
33.713
118.264
48.532000000000004
499.999
113.308
97.006
499.999
54.435
154.131
45.567
463.01300000000003
100.48100000000001
34.372
41.388
139.75300000000001
27.399
49.899
165.548
403.03000000000003
27.111
93.229
121.346
461.56600000000003
98.749
91.028
306.273
34.413000000000004
250.94
129.846
39.196
55.78
158.264
98.375
149.90200000000002
388.795
499.999
24.286
90.97
42.375
164.73
119.071
62.771
136.27100000000002
40.225
147.58
73.391
123.522
93.028
138.559
114.661
499.999
499.999
75.105
41.824
148.401
200.954
55.268
481.41200000000003
38.291000000000004
183.81900000000002
22.733
42.596000000000004
75.84
90.483
113.61500000000001
499.999
261.663
50.514
84.566
40.871
146.77700000000002
235.505
168.555
51.572
499.999
68.621
264.457
48.865
77.155
182.96200000000002
137.935
239.78
115.629
291.832
267.081
34.309
58.550000000000004
49.064
83.208
189.126
126.656
112.561
222.21
59.594
499.999
30.726
62.634
328.826
211.832
499.999
164.03900000000002
499.999
34.656
27.531
29.035
27.217000000000002
109.73100000000001
105.769
499.999
51.534
38.901
55.347
91.602
115.584
138.78300000000002
95.428
84.176
499.999
23.671
49.372
170.513
112.946
40.234
74.232
72.861
179.571
73.308
76.361
46.054
112.773
92.251
223.614
102.022
166.979
143.184
499.999
65.875
101.298
86.257
99.187
175.623
101.35600000000001
97.436
31.604
28.858
152.101
59.342
221.46800000000002
57.428000000000004
210.799
68.146
43.512
212.604
53.441
80.245
362.29200000000003
48.593
80.045
31.902
357.038
63.1
58.408
239.647
57.408
54.662
376.629
48.33
499.999
138.933
70.922
182.008
128.459
91.024
19.583000000000002
229.201
90.89
230.466
320.379
216.48000000000002
52.057
77.027
66.892
178.607
71.737
66.33
238.278
192.986
144.808
144.28300000000002
199.50900000000001
382.231
123.673
69.819
221.065
74.18900000000001
417.645
53.698
124.061
123.804
499.999
56.82
215.67600000000002
41.455
168.714
68.18900000000001
37.683
84.548
279.933
106.04
43.68
284.306
41.462
178.024
69.122
28.021
77.559
43.160000000000004
66.561
205.421
70.33200000000001
499.999
45.083
499.999
77.306
92.873
46.408
130.618
58.045
125.336
29.329
56.009
112.455
57.602000000000004
159.673
63.771
35.404
230.547
398.54900000000004
170.302
420.432
34.579
493.202
482.168
264.817
54.728
268.748
78.944
499.999
214.231
280.896
67.56400000000001
29.093
270.617
32.359
370.579
55.277
25.035
109.486
85.526
99.667
61.961
33.839
201.943
171.258
75.053
461.882
39.728
193.75900000000001
106.74000000000001
196.677
50.53
243.904
254.202
251.08100000000002
138.901
224.172
154.054
64.868
93.99
18.754
113.752
356.26300000000003
72.051
201.746
136.387
499.999
250.369
37.6
158.383
347.954
143.192
137.119
223.21800000000002
224.993
200.14600000000002
37.787
31.444
209.504
104.789
269.771
159.528
134.656
39.213
60.553000000000004
56.843
52.81
51.448
67.09
242.50300000000001
170.96800000000002
220.719
234.553
108.12
60.158
499.999
72.811
256.424
73.2
66.669
28.579
114.968
93.625
40.063
42.517
80.938
28.364
40.217
17.144000000000002
54.53
108.923
52.21
53.9
101.57300000000001
214.632
270.698
182.023
56.044000000000004
40.230000000000004
74.819
50.682
67.086
162.785
335.404
92.18900000000001
78.535
69.84700000000001
231.394
24.553
24.585
31.349
57.506
87.903
27.91
27.828
38.264
27.233
108.557
88.039
499.999
20.089000000000002
261.579
83.702
216.906
55.634
70.97200000000001
190.234
130.571
123.372
68.118
44.264
229.316
168.698
46.244
36.101
209.157
56.230000000000004
172.663
129.339
38.272
311.805
54.705
499.999
81.427
163.071
35.293
41.979
118.446
99.943
77.029
233.303
76.274
30.486
49.387
21.292
273.733
20.122
56.915
175.34
208.266
127.349
499.999
414.827
95.056
41.494
105.70100000000001
24.964000000000002
499.999
63.571
45.357
499.999
481.59700000000004
79.619
34.685
54.435
101.511
135.103
22.123
41.377
46.855000000000004
77.272
59.419000000000004
103.223
499.999
125.10300000000001
195.14000000000001
66.158
21.286
90.798
34.463
68.773
208.44400000000002
93.706
52.318
30.78
84.035
44.112
121.315
31.581
148.649
42.22
40.797000000000004
71.18900000000001
103.933
40.054
499.999
33.836
29.192
57.892
129.42000000000002
126.403
74.33
151.81300000000002
218.911
55.928000000000004
134.897
55.543
494.92
209.741
70.877
32.512
67.012
44.93
118.044
86.575
499.999
246.074
29.682000000000002
139.512
202.25300000000001
30.496000000000002
67.81
85.29
499.999
82.19500000000001
59.659
373.231
244.906
37.741
255.3
118.779
254.292
81.399
163.064
78.172
39.342
62.827
240.327
144.17000000000002
159.838
86.241
160.149
35.482
65.182
83.653
31.993000000000002
280.547
78.095
59.604
139.75300000000001
120.825
79.285
211.346
49.137
483.479
195.66
154.53900000000002
188.732
84.443
79.708
33.235
65.602
120.555
174.13
182.235
110.174
284.431
58.269
100.87
44.151
218.746
499.999
226.901
218.665
269.022
222.708
99.497
44.793
499.999
146.849
38.761
44.38
233.076
28.241
62.839
337.173
173.312
393.196
160.619
85.627
46.118
112.97800000000001
72.196
44.846000000000004
235.02
132.89600000000002
133.422
30.665
113.364
172.666
164.431
184.282
265.289
72.99
134.314
499.999
29.891000000000002
34.872
95.009
57.695
31.818
226.67000000000002
90.931
231.709
84.737
89.71000000000001
93.589
185.332
194.024
83.036
33.2
367.301
54.25
24.917
41.663000000000004
39.989000000000004
50.876
38.550000000000004
41.379
70.991
91.022
145.494
60.215
499.999
365.856
214.455
23.068
211.73000000000002
32.276
123.886
43.725
309.683
249.936
64.912
21.893
247.881
106.019
70.379
429.096
44.505
72.658
33.493
201.179
302.315
499.999
322.104
49.323
155.986
499.999
114.762
174.37800000000001
31.957
302.797
114.806
49.841
364.019
62.136
25.041
113.167
58.499
188.877
20.861
45.45
499.999
43.422000000000004
29.917
175.767
92.105
36.713
249.11700000000002
167.856
22.078
58.713
149.394
22.528
47.988
24.343
214.02700000000002
76.858
195.223
36.585
52.778
229.536
94.923
52.954
362.395
50.836
499.999
93.625
19.963
77.45700000000001
46.369
85.006
40.99
96.414
43.619
62.160000000000004
29.283
40.892
224.844
499.999
157.279
256.224
140.204
47.799
133.745
79.316
54.83
286.66700000000003
41.585
26.810000000000002
58.678000000000004
87.615
63.684000000000005
209.40800000000002
48.684
144.728
33.685
437.53700000000003
52.608000000000004
87.298
156.38400000000001
265.5
289.754
199.911
35.72
25.243000000000002
97.007
66.299
186.702
204.91400000000002
140.19400000000002
256.932
172.77
49.19
188.149
203.559
88.59100000000001
62.284
105.265
285.472
132.568
104.805
43.656
77.118
51.452
285.413
282.64
104.552
115.97
186.038
65.28
84.065
97.291
122.998
322.13100000000003
59.550000000000004
76.003
87.102
40.261
140.266
47.583
57.996
157.482
243.55100000000002
59.961
29.759
28.959
67.793
181.605
31.357
143.929
58.053000000000004
262.556
61.709
62.730000000000004
42.868
106.052
123.855
111.53
118.544
202.219
86.013
86.557
53.249
101.014
39.039
74.771
93.358
91.921
156.11
499.999
131.082
58.71
134.885
72.021
499.999
277.062
61.914
190.858
272.145
46.838
199.894
113.916
499.999
126.902
98.494
214.597
46.046
415.761
99.69
117.44800000000001
150.014
496.886
49.173
85.315
61.524
226.8
187.735
54.573
66.93900000000001
39.345
65.652
499.999
25.088
395.01300000000003
67.316
46.152
31.193
268.231
320.951
36.015
22.295
140.614
225.389
37.892
114.066
41.241
233.51500000000001
273.492
103.379
161.76500000000001
48.391
315.73900000000003
30.876
122.051
86.01
50.679
101.73100000000001
79.379
499.999
140.604
68.514
68.547
41.602000000000004
37.445
83.35600000000001
128.643
156.865
264.175
70.917
37.578
166.529
174.195
84.959
36.18
228.43200000000002
60.358000000000004
68.12
293.811
143.78900000000002
303.139
35.192
149.52100000000002
465.695
171.35
153.356
44.212
56.981
120.25200000000001
499.999
277.407
192.222
89.979
290.79200000000003
169.199
71.45
35.191
61.824
58.569
17.616
86.409
212.31
45.097
22.155
177.098
62.211
111.256
160.755
35.071
82.806
108.84700000000001
35.355000000000004
37.818
81.08500000000001
38.443
27.843
186.226
118.788
97.995
24.284
23.333000000000002
17.717
22.468
249.466
265.896
59.983000000000004
68.69800000000001
163.34
56.117000000000004
190.02100000000002
140.30700000000002
54.629
99.384
83.009
139.088
89.645
53.783
197.566
74.715
91.70400000000001
262.005
49.965
52.039
74.184
499.999
41.061
38.764
22.176000000000002
62.877
89.726
127.095
331.266
209.126
75.542
22.519000000000002
123.546
274.704
83.98
116.813
52.769
49.114000000000004
32.212
84.33500000000001
82.791
37.537
122.211
74.658
65.548
499.999
162.77
69.97200000000001
186.615
499.999
425.123
224.713
53.801
41.197
66.397
220.59300000000002
113.46000000000001
186.266
90.615
51.916000000000004
40.622
329.375
49.211
52.797000000000004
209.796
73.081
57.410000000000004
194.202
103.337
185.083
133.043
320.882
93.938
26.580000000000002
53.843
153.8
499.999
63.637
40.575
143.326
66.961
63.964
384.944
486.354
78.487
230.376
197.835
182.64600000000002
499.999
58.752
188.78300000000002
205.511
121.066
56.605000000000004
206.55700000000002
120.227
89.521
27.858
100.605
134.15800000000002
499.999
59.504
38.559
72.862
30.214000000000002
326.747
51.546
108.022
38.519
176.26500000000001
140.647
138.633
140.826
499.999
344.435
499.999
71.905
127.745
224.095
33.941
35.323
362.874
47.964
155.049
67.73
75.831
445.211
99.503
86.843
216.973
426.15000000000003
32.28
65.82600000000001
82.81400000000001
72.756
74.875
48.848
66.749
23.867
64.342
33.362
42.452
319.023
123.182
272.924
48.616
44.584
52.228
37.407000000000004
28.531000000000002
173.181
13.104000000000001
83.763
45.605000000000004
55.378
79.197
54.143
115.21600000000001
322.353
95.378
82.764
281.69
59.730000000000004
36.968
27.89
77.776
91.788
89.929
79.542
267.901
257.432
206.27
39.629
499.999
200.81300000000002
107.483
284.535
239.401
28.6
168.643
357.848
102.105
50.312
34.035000000000004
267.144
205.56
499.999
97.266
171.461
20.227
71.537
99.26
46.147
115.805
131.587
315.82
72.928
284.443
63.939
92.736
499.999
102.412
67.904
48.353
63.538000000000004
42.538000000000004
348.218
36.782000000000004
88.283
57.697
490.087
240.85
44.957
499.999
29.401
499.999
53.648
180.238
127.245
43.075
499.999
499.999
266.531
29.198
355.653
137.644
87.706
74.703
87.81400000000001
99.87
325.607
98.205
210.98600000000002
157.806
118.56400000000001
35.146
30.961000000000002
25.964000000000002
24.959
26.887
218.07500000000002
38.977000000000004
42.981
83.167
56.533
56.396
106.664
21.635
41.345
79.888
51.52
65.734
139.084
499.999
116.08800000000001
97.45
61.587
61.838
34.922000000000004
190.288
256.865
168.804
499.999
50.106
46.194
23.487000000000002
46.343
81.82600000000001
81.539
103.789
111.914
499.999
133.86
224.37800000000001
185.135
103.45
499.999
38.185
33.173
231.63
66.749
64.19500000000001
113.447
94.084
56.514
154.558
75.78
418.899
72.98
499.999
70.851
24.383
123.08500000000001
160.835
89.283
301.887
132.764
23.757
274.40000000000003
115.278
246.96800000000002
73.84700000000001
48.403
128.184
421.926
39.375
147.866
48.449
89.971
63.225
52.125
352.108
133.413
202.824
240.689
110.909
66.31700000000001
21.457
342.486
264.194
133.05
250.434
341.195
278.772
222.814
31.18
153.33
80.069
19.427
183.078
309.794
52.379
66.512
59.616
161.005
116.294
207.053
121.09700000000001
53.746
22.446
189.144
76.248
21.607
133.623
131.272
48.337
73.166
55.539
88.476
32.886
71.517
111.206
50.802
46.114000000000004
60.929
184.393
141.653
149.92600000000002
124.68
93.931
47.852000000000004
67.95
45.356
118.095
388.669
179.739
198.192
499.999
112.938
37.597
499.999
26.969
111.081
102.577
80.122
235.084
83.717
35.864
322.351
73.736
46.251
109.934
120.176
163.618
56.577
331.596
499.999
64.605
91.76
234.562
52.215
129.326
229.547
124.188
499.999
92.455
72.95
66.407
71.06400000000001
209.883
107.545
40.501
125.423
264.867
32.037
285.894
108.482
74.94200000000001
86.056
40.913000000000004
98.811
206.184
83.515
53.741
63.410000000000004
33.905
127.108
99.921
26.67
499.999
66.113
40.951
102.09400000000001
110.514
154.954
75.022
499.999
63.925000000000004
38.047000000000004
67.016
499.999
56.480000000000004
135.65
43.825
90.721
162.18800000000002
124.199
113.053
26.45
48.917
48.424
94.976
134.18800000000002
270.326
223.489
48.653
83.687
120.416
47.098
46.115
72.179
58.169000000000004
37.977000000000004
33.56
60.411
118.239
499.999
139.899
107.709
197.949
106.23700000000001
467.587
40.905
181.245
30.959
151.018
61.297000000000004
35.686
125.427
37.969
89.369
52.311
111.435
353.61400000000003
118.985
499.999
226.978
82.217
25.512
244.937
62.45
499.999
145.805
93.73400000000001
93.877
120.162
64.59400000000001
234.221
70.94
82.884
75.16
62.42
53.745000000000005
96.311
142.519
41.584
496.315
41.417
40.445
111.093
189.114
139.538
325.533
58.002
45.512
42.629
36.326
158.011
294.999
182.068
73.368
186.398
57.999
84.431
180.879
86.718
31.137
45.459
45.306000000000004
62.153
58.143
62.669000000000004
49.823
499.999
71.74
26.928
499.999
222.05
60.992000000000004
29.599
154.224
143.613
140.32
205.79
44.628
499.999
154.224
493.197
185.671
413.956
63.486000000000004
179.211
49.623
26.832
125.169
53.162
125.903
42.699
103.73400000000001
70.188
48.822
114.322
415.273
123.94200000000001
46.125
38.44
493.314
385.217
499.999
229.359
317.894
90.787
81.081
267.323
47.705
42.743
32.579
73.306
75.175
65.128
88.001
499.999
70.631
64.32600000000001
68.998
436.735
37.441
155.317
56.537
77.886
44.753
122.22200000000001
26.855
66.07300000000001
38.989000000000004
47.761
35.483000000000004
108.102
262.17900000000003
26.663
126.521
102.611
241.227
39.483000000000004
40.753
100.94200000000001
92.221
420.575
61.744
124.709
311.644
137.803
44.37
190.136
91.60900000000001
95.553
143.05100000000002
55.639
139.995
185.933
217.246
118.73100000000001
19.479
44.143
84.497
224.223
140.24
208.863
347.385
499.999
125.771
499.999
223.037
39.035000000000004
499.999
53.546
36.852000000000004
170.703
81.131
198.4
193.853
71.365
499.999
132.781
339.247
262.101
387.015
150.863
116.922
350.438
39.512
66.871
66.062
74.989
25.763
35.664
64.95100000000001
111.931
384.309
306.123
30.799
45.372
52.366
135.114
49.92
58.958
54.571
109.523
328.572
91.129
119.006
426.971
35.606
499.999
60.127
85.074
257.594
113.98400000000001
119.884
116.538
42.832
106.913
38.642
60.845
273.866
29.543
69.762
190.942
96.898
486.765
28.597
78.159
23.711000000000002
107.87100000000001
499.999
51.386
55.793
103.174
114.447
71.631
104.46900000000001
96.559
41.261
227.726
88.059
59.78
145.098
177.874
114.485
92.053
30.455000000000002
59.898
74.982
162.56
92.637
69.46300000000001
127.485
499.999
147.37800000000001
106.05
48.304
143.083
94.70400000000001
107.377
499.999
149.492
53.707
28.368000000000002
26.299
75.321
70.489
65.558
499.999
36.755
417.306
56.057
499.999
499.999
49.222
94.842
126.137
407.053
63.196
499.999
38.605000000000004
98.162
54.338
191.735
109.06400000000001
111.404
60.161
72.014
443.528
232.44
161.58
106.081
21.855
24.591
44.862
125.33
148.87800000000001
58.596000000000004
223.383
499.999
101.905
66.065
95.217
328.694
132.537
141.87
114.012
65.512
499.999
59.101
50.005
94.19200000000001
39.685
161.955
150.234
71.162
100.07600000000001
22.307000000000002
155.685
147.013
293.3
86.531
51.363
213.138
111.513
44.466
222.09300000000002
264.455
87.665
53.789
379.057
174.338
190.661
65.985
158.268
225.556
30.711000000000002
99.726
89.284
145.05
40.986000000000004
65.696
395.961
188.577
314.607
207.879
499.999
30.779
73.351
41.777
40.71
224.016
89.895
109.126
22.492
71.182
499.999
490.93600000000004
39.485
371.342
100.34700000000001
264.286
138.202
23.705000000000002
185.75900000000001
85.036
499.999
58.403
98.389
77.292
42.137
26.144000000000002
57.396
413.384
47.838
26.439
65.157
219.519
43.616
88.129
499.999
91.423
35.575
138.346
202.983
295.656
170.697
104.52
39.597
88.065
98.397
181.781
85.275
90.546
332.119
56.182
51.615
214.584
36.437
85.465
94.652
34.079
83.842
42.869
429.209
85.271
112.382
50.455
43.428000000000004
40.062
33.013
373.173
499.999
499.999
258.738
302.702
155.806
57.788000000000004
128.946
55.615
93.355
393.668
140.35
76.989
46.582
499.999
79.32600000000001
499.999
46.956
76.756
216.395
55.719
91.786
199.957
60.95
129.875
76.215
49.756
350.22
48.021
40.075
133.613
34.524
317.27
17.508
198.636
87.11
339.446
144.261
143.871
371.38
312.02500000000003
57.86
42.314
48.451
44.388
202.958
80.253
102.212
174.873
499.999
66.167
270.329
154.43200000000002
53.612
65.16
109.232
52.425000000000004
121.267
81.779
497.66700000000003
499.999
27.312
33.649
33.495
38.258
41.735
165.376
263.221
46.773
65.772
35.699
230.356
58.066
112.946
40.278
181.793
78.833
428.685
260.642
279.955
84.331
59.963
98.512
65.978
230.821
155.08100000000002
120.837
39.660000000000004
144.311
190.656
234.196
268.872
499.999
29.671
122.638
198.53300000000002
73.002
418.241
37.009
68.278
154.483
59.593
499.999
101.10600000000001
63.940000000000005
46.21
56.697
33.874
74.671
179.849
64.69800000000001
232.996
94.884
53.234
61.941
189.497
316.187
67.791
430.705
76.272
183.21200000000002
155.695
83.967
44.094
68.777
67.348
88.605
110.931
499.999
252.459
190.703
72.68900000000001
499.999
58.921
37.076
266.156
67.51
62.228
82.304
24.611
115.302
34.05
131.505
36.442
50.593
499.999
216.46
72.989
246.47400000000002
74.493
222.698
364.587
90.453
92.937
74.855
23.851
304.52
40.997
60.287
283.068
89.429
298.447
43.660000000000004
88.43
202.141
49.061
185.29500000000002
118.946
499.999
119.66
499.999
39.13
53.834
41.154
25.657
483.136
61.573
24.995
98.281
136.666
499.999
478.546
81.784
156.846
81.506
177.808
43.887
49.403
185.834
49.753
131.153
155.917
59.313
34.506
319.77500000000003
57.987
58.872
82.919
268.966
110.423
104.3
80.765
116.384
217.353
168.185
69.22500000000001
96.931
54.199
83.409
35.198
45.137
353.32800000000003
70.82900000000001
55.49
90.979
122.873
100.48
499.999
254.673
79.043
184.475
217.46200000000002
41.853
252.993
59.425000000000004
177.609
217.339
114.648
81.802
82.426
100.83800000000001
48.007
94.038
69.295
275.594
69.553
307.56
39.5
60.036
37.261
23.66
219.89600000000002
49.84
61.268
176.481
66.386
43.393
451.134
148.107
55.215
154.78900000000002
40.513
59.031
135.493
499.999
40.527
210.065
27.913
252.91400000000002
105.97800000000001
31.046
146.36
56.013
224.418
433.661
499.999
237.19400000000002
68.494
104.44200000000001
40.175000000000004
154.714
126.366
180.947
76.351
75.94500000000001
83.063
232.452
26.342000000000002
140.012
54.623000000000005
55.128
96.557
71.577
499.999
242.372
72.69
389.019
26.083000000000002
238.446
113.59
171.324
175.662
347.65000000000003
326.468
22.51
328.632
66.937
299.909
153.023
51.596000000000004
45.538000000000004
75.245
343.718
84.474
35.317
211.645
62.303000000000004
225.916
48.434
105.693
56.989000000000004
88.89
55.458
45.774
499.999
67.737
101.931
200.352
136.92600000000002
52.22
35.156
43.851
95.361
64.09400000000001
342.094
287.45
499.999
77.449
228.484
98.452
92.684
108.892
499.999
80.34100000000001
417.231
92.729
150.40800000000002
38.491
46.125
130.572
37.626
42.551
88.818
285.003
41.508
41.805
32.109
124.21300000000001
88.895
56.588
178.89000000000001
107.169
103.345
29.964000000000002
306.878
62.392
33.747
280.678
199.80700000000002
33.259
45.818
62.438
442.47
113.409
499.999
35.160000000000004
74.101
31.611
45.546
89.69500000000001
36.999
71.429
171.83
125.46600000000001
43.439
58.891
101.904
52.199
224.363
129.522
17.354
31.943
94.262
37.727000000000004
82.32300000000001
48.376
210.103
53.293
175.282
53.764
137.078
499.999
46.469
151.137
107.665
122.268
499.999
91.899
166.814
32.273
35.961
19.873
499.999
499.999
71.46000000000001
320.193
305.06
80.743
147.257
192.578
51.88
87.46000000000001
134.672
168.381
192.308
499.999
30.982
68.343
35.050000000000004
88.799
46.543
98.796
135.78
61.457
46.386
167.637
51.663000000000004
69.857
134.338
70.53
91.372
78.057
131.167
347.955
127.724
34.659
89.169
357.366
46.69
108.986
499.999
63.351
31.38
399.392
131.866
86.099
61.332
65.629
141.214
178.28300000000002
65.402
499.999
268.073
83.759
91.928
231.99200000000002
77.072
40.771
183.09
499.999
51.693
67.039
69.328
127.434
38.876
185.371
80.857
136.487
54.222
134.812
55.479
42.906
201.601
98.258
79.176
499.999
122.753
64.988
68.902
165.372
30.122
145.698
23.917
93.883
62.646
103.171
442.172
103.541
129.63
499.999
37.889
385.439
69.255
275.325
21.586000000000002
219.154
56.598
149.031
35.106
43.46
64.553
137.036
124.23400000000001
76.161
182.611
72.974
251.167
260.26300000000003
269.904
169.491
81.507
68.161
144.018
72.136
42.128
68.477
61.562000000000005
203.89600000000002
96.071
31.096
37.035000000000004
199.207
190.084
72.223
80.10600000000001
215.076
35.818
15.269
100.786
499.999
41.905
68.805
181.196
73.638
71.805
53.764
21.46
313.91200000000003
42.442
30.728
107.107
144.62800000000001
52.662
23.97
48.438
125.446
30.658
104.46900000000001
42.229
84.10000000000001
107.648
98.787
69.036
473.539
69.768
499.999
117.953
499.999
55.036
499.999
251.872
52.259
114.13
100.729
27.856
499.999
193.61
53.168
50.068
47.473
361.487
112.009
43.592
113.74000000000001
254.786
363.511
41.935
240.702
44.17
94.308
42.446
170.389
53.696
219.279
156.168
36.9
35.542
36.777
251.266
110.412
89.159
38.923
158.187
54.482
103.812
28.865000000000002
499.999
308.742
96.304
329.306
61.913000000000004
80.768
108.806
121.989
67.381
91.708
48.167
80.473
36.577
68.131
499.999
59.217
36.594
47.986000000000004
133.911
97.816
56.046
146.032
112.31
499.999
28.112000000000002
117.91
306.752
66.937
38.937
126.577
44.899
53.468
497.509
67.444
192.695
119.123
499.999
499.999
86.517
82.66
415.173
20.8
53.978
396.01300000000003
499.999
330.394
31.248
43.568
238.09300000000002
65.925
48.288000000000004
43.27
74.313
499.999
60.048
262.923
35.728
33.084
95.10300000000001
40.683
37.521
98.331
76.967
59.535000000000004
94.238
72.538
50.944
117.058
499.999
193.698
90.003
46.149
73.003
218.123
75.96300000000001
97.355
80.334
237.579
87.202
226.951
266.347
133.964
281.51800000000003
145.446
217.591
99.014
325.90500000000003
131.05100000000002
169.675
94.386
324.271
254.699
71.296
29.097
125.622
205.083
185.76
62.921
45.837
124.833
499.999
305.052
43.636
499.999
84.108
85.586
32.084
67.789
46.381
46.448
282.933
46.786
49.846000000000004
70.792
203.079
407.933
102.825
38.625
96.126
83.18900000000001
37.651
76.83
36.281
456.90500000000003
499.999
48.155
85.619
19.463
73.034
116.721
499.999
156.053
106.45700000000001
99.431
96.672
63.659
304.395
107.799
80.92
49.751
34.191
237.294
131.363
31.281000000000002
140.24
150.898
50.499
109.593
163.18
261.77
499.999
499.999
127.96900000000001
164.56
70.211
187.073
243.69
305.72700000000003
111.026
140.69400000000002
127.132
62.442
54.163000000000004
154.616
76.102
198.57500000000002
127.581
34.685
280.821
22.12
26.362000000000002
31.653000000000002
31.773
240.147
151.052
105.424
150.934
98.756
50.987
104.779
291.265
91.138
157.332
373.104
499.999
20.643
499.999
56.178000000000004
47.015
471.796
496.337
39.569
203.883
207.336
167.958
203.61100000000002
63.721000000000004
89.714
90.699
87.221
43.057
217.629
49.536
190.84
100.908
46.607
71.028
295.79
73.394
108.461
80.078
67.64
116.663
109.918
37.796
29.816
33.249
41.973
37.972
23.51
37.931
422.189
55.264
28.724
56.173
499.999
240.383
46.749
499.999
53.621
96.33200000000001
298.836
172.47
49.51
161.958
171.95600000000002
88.138
176.56
215.529
399.526
100.467
36.81
499.999
29.414
108.637
77.56
124.59100000000001
48.791000000000004
62.086
151.184
101.949
63.43
61.799
160.122
60.757
37.386
49.606
100.733
376.608
375.07300000000004
384.149
227.667
288.346
111.018
31.266000000000002
42.103
23.911
49.132
94.361
86.862
41.68
312.198
242.935
499.999
104.879
227.879
147.919
169.129
41.385
54.022
91.688
376.68600000000004
413.298
365.181
36.292
78.68
117.763
171.852
104.351
24.981
321.225
30.191
73.265
21.856
230.409
141.956
157.46
47.443
42.548
41.646
255.028
36.791000000000004
44.933
44.89
159.218
291.827
499.999
208.68800000000002
121.312
57.873000000000005
96.72
35.99
499.999
86.288
46.485
70.401
380.016
87.778
52.664
135.785
214.288
34.925000000000004
41.828
86.943
47.015
138.987
161.709
48.969
134.80700000000002
433.422
66.914
124.458
139.738
64.487
188.888
247.945
143.677
41.565
29.134
79.486
37.7
159.03
29.206
136.224
75.72500000000001
107.24600000000001
34.778
165.314
25.284
84.296
72.81
387.31100000000004
38.728
122.679
371.315
62.829
499.999
107.557
38.591
334.74
130.139
398.462
55.217
499.999
40.894
24.119
193.257
161.625
38.172000000000004
36.226
330.26300000000003
71.59100000000001
65.732
32.733000000000004
306.70300000000003
499.999
42.68
234.913
123.663
50.462
46.512
173.565
117.515
176.501
241.046
85.638
420.03000000000003
46.173
100.12
88.732
77.44
99.60600000000001
336.636
60.435
254.345
134.591
286.204
190.89600000000002
104.55
43.724000000000004
65.728
499.999
499.999
130.31
96.872
104.071
63.887
64.59700000000001
25.187
187.721
172.441
370.833
499.999
122.974
425.725
499.999
499.999
43.269
58.513
102.84
41.2
33.951
47.553000000000004
499.999
97.718
112.85900000000001
88.163
186.80100000000002
31.962
110.32000000000001
88.038
405.339
43.974000000000004
99.614
76.4
44.642
44.507
499.999
25.38
200.833
499.999
499.999
137.249
89.799
72.374
41.439
297.439
492.243
53.702
53.201
112.72200000000001
228.499
30.595
51.267
84.257
189.761
429.06100000000004
347.51
85.245
213.727
85.47800000000001
57.785000000000004
323.402
499.999
165.09
41.106
328.063
499.999
182.683
51.495000000000005
296.898
42.359
16.703
383.01300000000003
33.887
157.785
499.999
23.003
34.672000000000004
65.188
184.89600000000002
53.367000000000004
324.47
165.14600000000002
37.096000000000004
43.073
48.941
57.871
344.887
139.951
63.796
121.56700000000001
144.423
282.276
77.399
29.136
137.772
499.999
29.036
27.894000000000002
499.999
294.48900000000003
36.634
48.194
33.035000000000004
48.526
445.26300000000003
77.054
54.21
98.733
72.856
499.999
235.232
65.083
499.999
62.598
235.87800000000001
42.372
72.433
28.830000000000002
79.24
499.999
48.567
28.995
353.154
45.842
196.334
50.661
50.0
118.11
103.808
74.781
22.902
133.517
499.999
26.903000000000002
80.699
288.778
52.25
285.837
106.878
218.644
89.489
137.213
205.59300000000002
60.038000000000004
118.699
63.664
76.508
160.49
209.232
58.054
332.065
49.624
50.281
94.645
174.63
112.831
53.796
45.337
95.912
176.683
28.915
29.78
62.129
58.575
80.781
68.479
90.94200000000001
45.322
241.294
88.333
33.02
88.235
48.636
48.819
52.022
73.233
28.97
248.321
499.999
45.048
57.731
136.85
299.54200000000003
77.24
192.245
393.478
48.497
77.94500000000001
106.087
228.781
227.553
296.791
48.024
81.69800000000001
51.505
41.789
70.387
113.041
101.586
41.015
499.999
57.807
123.46300000000001
331.021
85.693
52.956
269.169
158.445
87.35300000000001
146.292
74.291
66.253
50.631
161.19
67.639
73.418
56.556000000000004
82.462
27.772000000000002
48.392
373.385
209.65
155.31
55.551
71.732
112.165
24.964000000000002
107.031
36.093
75.87
54.946
109.33500000000001
36.663000000000004
291.303
110.992
72.525
87.94800000000001
99.789
94.47200000000001
167.445
46.58
47.575
499.999
499.999
69.867
165.302
354.38
499.999
27.684
34.469
43.562
32.341
499.999
216.616
35.313
40.556
171.6
477.824
448.669
39.734
148.198
63.082
252.705
213.31
56.18
82.18
53.454
87.273
499.999
161.423
34.422000000000004
30.083000000000002
54.689
114.69800000000001
233.24
355.64300000000003
68.359
161.657
499.999
32.728
497.237
62.412
45.678000000000004
45.517
90.241
499.999
70.999
131.05700000000002
103.264
499.999
68.092
200.537
23.066
237.334
499.999
41.194
87.307
499.999
181.661
299.36
300.799
88.71000000000001
56.601
309.369
498.265
352.75600000000003
38.837
66.44800000000001
81.831
186.714
148.792
58.097
263.899
179.507
250.279
499.999
88.414
281.43
32.312
30.752
362.027
33.192
141.498
184.70600000000002
157.294
26.384
314.753
84.374
314.934
499.999
78.78
39.857
62.593
41.146
43.903
57.026
109.727
132.199
151.274
83.399
155.662
22.684
33.069
41.774
405.724
145.68
206.78
271.10200000000003
448.122
157.434
77.419
235.967
499.999
118.193
431.806
45.42
227.362
100.044
307.733
144.12800000000001
136.058
167.189
117.532
85.72200000000001
98.168
29.667
80.798
499.999
21.687
499.999
249.40800000000002
47.113
119.123
149.034
47.753
499.999
181.675
440.09000000000003
83.165
228.746
106.944
32.099000000000004
39.904
86.581
484.495
89.773
37.519
32.195
82.34400000000001
78.266
46.278
451.327
50.314
51.067
122.233
46.979
70.077
48.014
248.60500000000002
118.272
105.539
80.926
152.292
169.207
437.56100000000004
53.466
88.065
56.042
224.985
37.660000000000004
279.562
77.518
499.999
499.999
34.884
107.613
57.480000000000004
49.892
98.566
103.261
288.385
47.015
98.583
322.39300000000003
125.854
37.566
51.266
39.983000000000004
50.496
204.991
273.317
234.625
55.277
40.145
97.752
56.113
499.999
499.999
44.317
65.011
144.314
156.916
167.296
176.475
499.999
25.554000000000002
286.974
117.405
34.311
147.975
57.864000000000004
69.736
45.652
27.411
59.273
309.194
42.556
499.999
58.031
67.361
255.38400000000001
60.617000000000004
91.058
64.377
81.557
275.978
73.953
29.069
499.999
69.818
36.564
198.999
329.875
69.958
124.781
292.461
101.428
72.283
28.442
170.796
51.504
499.999
59.255
86.348
60.327
72.679
114.015
19.192
30.219
64.426
76.179
499.999
100.857
332.356
34.611000000000004
75.992
82.39
188.131
499.999
49.566
101.379
78.9
261.35
58.109
64.669
486.83500000000004
51.138
129.603
248.448
344.183
56.106
364.707
115.054
63.069
42.753
143.525
38.556
172.754
158.883
30.912
35.607
31.933
128.46
29.169
499.999
499.999
49.018
295.079
260.111
47.825
37.009
180.898
33.536
33.957
48.775
68.375
38.652
181.657
33.316
65.426
304.649
96.479
52.712
68.985
247.538
83.68900000000001
106.322
120.973
243.348
357.823
294.412
38.482
102.23400000000001
77.361
499.999
67.19200000000001
425.29
499.999
49.275
66.263
389.358
118.183
143.327
78.066
162.722
84.894
184.244
422.252
105.382
45.865
426.83
76.115
49.085
81.831
57.808
114.753
24.808
36.594
25.474
499.999
190.912
45.257
83.855
68.20700000000001
122.947
358.86
84.792
50.347
27.805
50.625
264.88
32.876
336.418
325.466
34.346000000000004
93.822
89.621
160.828
499.999
215.65800000000002
96.409
89.291
85.619
62.274
331.526
54.769
151.837
160.525
119.884
34.274
63.753
131.185
70.4
145.379
433.509
40.115
94.514
130.552
200.858
173.867
142.025
277.434
56.182
178.724
33.873
77.885
343.88
475.57800000000003
48.557
37.913000000000004
70.176
63.214
28.465
97.764
45.599000000000004
62.718
43.833
156.959
87.792
364.463
124.22500000000001
91.528
103.884
123.546
72.99
46.441
120.297
32.947
170.758
480.00800000000004
56.364000000000004
221.195
36.46
52.493
87.09100000000001
48.872
63.819
262.436
176.616
75.768
111.396
88.0
107.72200000000001
64.06700000000001
39.991
189.344
25.314
215.35500000000002
37.754
434.958
248.88
77.07900000000001
63.314
128.94400000000002
37.837
292.668
64.538
88.289
71.697
499.999
69.47
45.102000000000004
230.82500000000002
305.479
25.405
76.544
185.216
58.084
138.22
71.305
70.84700000000001
44.578
217.354
115.953
120.665
171.888
48.554
434.762
499.999
264.37
71.245
278.46500000000003
65.069
380.32800000000003
188.022
326.41
110.881
87.688
271.56
42.482
35.735
52.476
193.925
34.271
314.082
326.935
40.569
31.297
49.096000000000004
27.559
67.324
54.18
58.428000000000004
73.625
124.272
119.552
50.603
267.047
101.69800000000001
89.148
65.589
41.147
431.183
46.889
105.638
98.863
159.125
214.43800000000002
18.184
259.015
91.194
40.677
394.702
46.584
430.071
31.486
54.819
28.754
116.96300000000001
42.182
31.116
52.737
130.667
182.614
63.019
36.818
30.465
53.892
230.583
101.647
23.93
184.535
43.193
117.96600000000001
60.822
128.925
89.292
25.401
65.08
179.685
47.674
39.752
103.99000000000001
33.034
51.421
499.999
76.702
60.941
42.85
499.999
274.89300000000003
165.562
130.865
448.035
218.185
67.211
54.622
65.251
178.248
56.177
52.996
30.359
96.032
499.999
125.239
89.429
40.947
49.395
499.999
54.011
103.055
94.563
181.236
110.842
499.999
82.008
89.912
248.53300000000002
499.999
99.36500000000001
133.442
203.833
75.402
37.574
38.379
69.575
61.84
182.292
254.257
61.335
80.221
91.271
48.524
79.021
35.885
57.79
40.417
106.36800000000001
207.049
368.745
114.706
413.684
55.932
292.871
35.006
499.999
499.999
286.653
22.097
212.058
80.363
366.01800000000003
53.305
77.21300000000001
144.342
499.999
313.092
37.9
126.824
146.651
180.44400000000002
79.781
88.2
107.242
139.973
126.00200000000001
108.95400000000001
499.999
65.897
104.185
86.186
35.946
161.333
63.194
74.501
499.999
153.743
465.863
99.36200000000001
30.983
315.207
422.728
139.538
148.339
84.063
75.259
70.029
190.79500000000002
119.48
57.371
155.368
134.00300000000001
202.035
36.985
63.366
90.819
118.48700000000001
119.661
67.283
267.971
86.235
40.022
499.999
86.671
40.338
59.429
113.664
233.684
46.266
32.994
111.352
499.999
45.866
299.859
48.38
51.008
166.743
311.872
356.597
499.999
252.38
78.855
166.036
158.695
44.626
82.852
44.821
35.9
499.999
160.773
499.999
58.605000000000004
499.999
53.173
164.93800000000002
159.479
499.999
122.95400000000001
252.66400000000002
36.579
66.746
55.17
41.268
62.61
160.663
69.986
33.799
41.081
50.54
85.292
145.67000000000002
147.835
319.988
51.004
55.451
89.732
55.921
147.17600000000002
60.163000000000004
297.366
245.316
70.77
58.272
39.174
138.516
115.041
205.34
195.56900000000002
97.214
254.437
293.26300000000003
36.001
182.461
63.651
138.999
160.374
133.315
20.676000000000002
499.999
134.248
68.426
285.782
43.245
226.07
57.882
28.393
157.948
88.565
40.714
51.189
143.161
50.464
160.202
125.816
41.213
133.644
55.329
102.566
63.972
106.063
378.644
78.133
49.322
22.927
127.548
33.132
129.304
114.209
24.069
67.95400000000001
499.999
191.4
193.552
246.072
78.535
57.613
82.052
216.044
34.505
61.416000000000004
80.589
36.862
452.30400000000003
38.736000000000004
155.552
106.09
78.27
243.721
81.199
72.284
64.312
499.999
94.563
193.078
256.092
225.385
32.511
83.81400000000001
38.138
47.307
132.474
48.733000000000004
420.523
116.34100000000001
69.931
32.236000000000004
199.463
139.641
23.883
209.585
31.478
114.965
106.657
22.956
96.809
148.723
92.277
269.557
53.185
39.77
238.918
83.264
54.461
30.823
161.463
105.509
499.999
311.493
136.897
35.792
57.789
340.78700000000003
98.827
190.629
111.68900000000001
294.195
141.32500000000002
45.2
86.382
245.891
122.388
59.637
30.596
289.594
25.86
182.113
94.31400000000001
499.999
68.569
155.70000000000002
23.131
123.396
132.73
60.651
32.794000000000004
108.658
67.32600000000001
104.11500000000001
499.999
89.084
48.086
61.505
37.802
35.293
367.534
303.914
38.255
132.642
39.417
70.09100000000001
91.785
114.5
133.202
60.157000000000004
53.647
82.91
499.999
112.348
48.788000000000004
250.274
23.448
26.065
499.999
98.456
85.287
393.752
221.43200000000002
332.947
256.158
42.451
499.999
75.452
487.446
82.217
42.353
53.33
499.999
136.76500000000001
378.498
159.193
39.089
48.86
74.071
452.572
499.999
50.812
137.76
54.406
51.048
63.742000000000004
48.061
499.999
445.19100000000003
32.586
403.19100000000003
36.381
71.12
27.688
381.608
88.843
71.604
75.411
97.065
440.732
92.135
84.278
197.471
118.60000000000001
228.542
56.271
195.458
243.095
43.346000000000004
499.999
28.387
184.14600000000002
398.608
70.897
140.458
62.985
65.726
190.552
39.616
47.050000000000004
499.999
356.059
318.163
44.661
148.615
499.999
190.366
499.999
83.294
63.092
336.007
36.442
34.489
263.82800000000003
35.01
39.772
57.001
37.554
30.253
121.941
54.487
79.677
197.964
86.34100000000001
39.764
60.748000000000005
199.41400000000002
168.556
75.854
280.366
60.517
499.999
64.048
47.434
85.232
499.999
30.677
96.887
57.099000000000004
57.861000000000004
82.358
89.34400000000001
45.937
499.999
86.828
499.999
70.646
177.529
77.825
67.134
93.578
499.999
29.375
262.707
97.436
39.657000000000004
147.923
159.389
85.768
43.737
499.999
56.632
63.979
499.999
476.966
253.941
422.72200000000004
52.786
55.255
215.345
76.665
85.365
181.898
35.943
117.037
132.463
71.165
92.039
32.147
158.88400000000001
257.841
499.999
499.999
191.479
53.019
103.495
167.75900000000001
141.587
46.943
60.076
61.219
81.621
94.476
69.03
287.764
499.999
62.923
66.596
128.559
174.264
50.655
73.741
338.204
45.621
170.62800000000001
166.125
74.516
42.938
31.301000000000002
110.498
311.835
217.898
56.373000000000005
297.624
141.074
43.668
41.287
65.462
37.052
314.669
222.70600000000002
32.819
39.562
56.856
499.999
145.142
499.999
50.096000000000004
48.354
26.446
50.803000000000004
62.446
69.935
85.66
335.314
118.373
148.683
75.517
102.667
46.388
160.822
338.053
98.554
250.40200000000002
55.654
163.785
128.55
26.7
461.88
38.15
37.985
102.62
121.614
40.629
86.736
210.797
87.324
387.15000000000003
53.822
39.63
159.308
25.117
59.106
277.14
78.748
159.135
137.843
135.93200000000002
432.209
132.237
97.059
20.026
30.751
67.795
63.764
45.784
203.304
29.441
72.797
480.964
131.988
42.87
49.968
22.233
22.948
402.516
45.535000000000004
180.70600000000002
160.508
499.999
49.480000000000004
57.208
499.999
320.27
165.988
368.246
253.166
75.828
105.191
499.999
499.999
218.911
53.285000000000004
38.922000000000004
92.931
96.732
83.298
202.251
60.988
193.33
292.868
184.848
54.438
45.535000000000004
263.89300000000003
29.59
236.858
164.471
36.248
38.132
197.618
128.827
45.176
47.898
41.661
499.999
104.351
85.407
448.05
122.675
34.498
105.593
499.999
34.296
29.142
227.747
455.057
104.848
499.999
46.781
88.601
157.002
288.011
198.315
84.782
499.999
27.116
113.532
252.624
225.65
278.673
63.929
214.288
27.884
391.184
102.709
282.895
74.803
349.312
27.968
53.398
403.06
435.90500000000003
141.591
53.718
134.488
97.039
50.216
149.63400000000001
91.62
188.157
37.46
59.016
499.999
34.894
153.805
61.4
64.259
400.43
109.666
75.556
339.22700000000003
56.233000000000004
41.964
224.654
50.976
40.931
87.702
128.187
291.793
144.237
40.083
300.627
309.023
152.08
499.999
93.042
101.752
156.518
267.717
130.335
499.999
80.778
369.527
15.904
60.827
88.605
129.41
66.266
90.864
317.118
33.342
335.003
23.786
79.431
44.098
335.022
70.647
168.751
67.433
61.805
320.2
127.75
147.095
66.422
499.999
53.635
146.111
37.779
153.554
279.963
32.27
29.68
84.0
95.019
422.188
24.545
245.422
104.4
48.334
47.772
499.999
499.999
79.397
93.075
96.70700000000001
78.461
44.727000000000004
357.37
90.34
379.927
441.113
33.813
124.799
52.549
83.316
213.315
119.08500000000001
44.084
87.846
110.146
33.768
63.457
54.598
499.999
499.999
36.142
71.419
148.803
31.933
453.883
23.400000000000002
68.083
132.458
39.812
64.369
162.822
37.566
187.518
120.20100000000001
114.186
357.696
333.65000000000003
57.687000000000005
113.55
401.82800000000003
168.329
131.996
36.106
499.999
23.849
499.999
128.79500000000002
43.186
85.613
264.136
109.111
31.613
156.593
112.015
268.119
48.513
74.999
70.261
108.266
143.918
36.336
110.313
229.98600000000002
499.999
38.416000000000004
352.526
71.785
31.482
51.862
60.655
45.045
193.76500000000001
214.231
103.986
86.151
130.56300000000002
61.477000000000004
245.895
499.999
34.516
64.102
116.037
65.066
105.525
41.737
176.437
49.493
38.67
162.147
177.565
276.777
59.732
88.632
199.242
272.338
71.33800000000001
185.428
117.574
36.621
136.614
136.308
343.315
499.999
47.994
57.228
27.448
289.25600000000003
499.999
76.418
496.853
499.999
49.637
291.403
300.944
62.123000000000005
95.763
395.03000000000003
66.9
165.67600000000002
316.94
37.105000000000004
67.059
38.421
120.654
35.388
264.742
94.42
263.51800000000003
488.28700000000003
29.164
450.94100000000003
70.72200000000001
60.907000000000004
74.533
306.148
219.245
20.278
77.027
499.999
166.201
395.109
186.38400000000001
41.069
74.473
51.528
329.184
139.125
32.094
247.017
42.322
113.622
161.133
193.747
394.25600000000003
50.868
90.822
214.858
92.774
63.075
167.227
405.95300000000003
61.373000000000005
67.843
104.974
50.528
256.625
70.013
138.558
86.752
32.264
134.467
164.897
59.142
477.13300000000004
63.384
133.586
290.419
499.999
22.514
499.999
83.021
250.75
499.999
97.44800000000001
49.134
33.397
57.946
54.057
94.412
113.169
86.263
82.018
134.745
429.39
34.591
408.468
160.92600000000002
251.197
85.414
69.374
78.274
171.949
22.727
115.251
102.965
54.031
22.834
170.939
122.271
104.052
75.586
61.162
255.083
406.188
35.591
124.25200000000001
127.767
252.054
39.273
295.236
330.79200000000003
78.729
76.802
281.856
38.587
154.048
263.962
228.25900000000001
24.865000000000002
146.529
209.903
107.60300000000001
83.802
53.308
499.999
72.46300000000001
240.241
56.122
155.121
47.238
76.58500000000001
46.577
125.764
34.324
110.926
137.587
40.963
499.999
39.868
54.656
58.787
61.486000000000004
186.278
97.221
59.324
50.924
411.7
32.686
54.966
115.414
54.153
339.865
144.654
127.575
208.641
73.534
214.502
140.99
499.999
499.999
84.667
66.422
205.41400000000002
30.235
83.033
38.122
77.505
172.449
55.483000000000004
56.283
71.244
66.44800000000001
191.052
108.373
43.883
196.52100000000002
117.306
51.191
155.238
357.711
145.748
77.158
186.223
236.101
270.146
34.019
147.862
41.729
499.999
60.01
93.389
425.998
55.159
37.452
499.999
112.75
60.204
33.567
116.60000000000001
499.999
350.198
46.181000000000004
121.515
259.90500000000003
91.092
157.556
185.741
70.56700000000001
50.526
140.854
339.835
56.661
22.818
59.183
20.759
60.275
41.816
91.85900000000001
212.60500000000002
280.624
172.68
224.068
59.589
67.796
48.382
42.894
167.285
151.08
162.415
113.313
70.22200000000001
120.998
24.588
203.373
202.344
79.601
41.105000000000004
71.461
58.928000000000004
41.867
63.979
97.677
59.238
46.247
80.425
46.444
80.156
64.06400000000001
64.357
67.07000000000001
188.769
236.556
79.816
119.196
40.523
157.226
47.368
66.879
239.187
210.999
187.84
61.036
161.802
33.774
48.583
36.987
45.584
118.158
86.833
23.593
79.97800000000001
98.156
43.889
373.982
69.868
296.06600000000003
223.654
134.63
25.683
72.656
98.033
31.068
71.36
142.92600000000002
41.666000000000004
60.042
368.795
499.999
160.23
325.845
54.739000000000004
499.999
54.058
499.999
95.351
56.764
273.261
133.023
230.511
41.163000000000004
136.157
70.892
339.823
38.159
26.516000000000002
22.601
52.466
499.999
63.603
35.011
88.947
104.352
269.56600000000003
333.761
56.261
69.934
119.069
42.725
96.833
39.634
150.372
499.999
115.018
57.876
130.173
40.529
37.484
89.873
499.999
184.31900000000002
85.424
286.226
190.511
79.503
62.899
90.782
57.103
124.063
117.726
33.252
360.475
28.744
47.242000000000004
60.891
174.407
72.88
138.496
45.942
26.427
36.38
188.725
499.999
440.841
21.782
249.728
155.02
461.235
109.736
499.999
33.442
162.578
31.275000000000002
55.741
24.617
242.552
238.494
45.567
64.606
35.885
128.736
18.986
137.772
55.667
83.551
56.365
37.966
55.974000000000004
120.709
84.56400000000001
116.55
134.39000000000001
174.296
185.845
253.299
133.671
106.153
97.57000000000001
406.73
499.999
221.651
73.551
108.44500000000001
38.327
148.727
97.249
195.84300000000002
177.942
77.513
312.426
79.491
84.246
499.999
134.288
166.377
132.468
499.999
77.424
102.299
35.319
499.999
330.088
30.132
177.45000000000002
163.607
33.636
499.999
499.782
61.898
52.236000000000004
271.72700000000003
73.277
37.456
379.76800000000003
392.945
474.71000000000004
278.472
56.32
61.511
77.801
105.179
139.089
312.434
240.87
35.709
87.184
92.586
28.328
20.218
138.163
203.065
69.211
258.51800000000003
77.072
50.495000000000005
44.811
92.223
77.128
125.798
109.992
465.946
403.69
398.946
60.003
46.835
86.19200000000001
118.848
499.999
90.21600000000001
94.575
499.999
91.06
365.586
60.597
76.412
45.918
20.347
424.29900000000004
40.654
45.064
79.21900000000001
29.599
58.806000000000004
409.958
263.845
185.90200000000002
45.544000000000004
44.789
202.139
107.269
60.863
104.801
160.435
22.752
86.294
124.776
88.73100000000001
65.334
139.68200000000002
74.21900000000001
56.632
91.236
62.158
70.424
56.677
114.331
157.174
54.417
70.237
177.977
32.667
499.999
104.471
31.521
59.422000000000004
46.233000000000004
248.436
150.099
196.16400000000002
56.467
110.77
67.868
38.949
125.767
330.60200000000003
178.95000000000002
35.991
53.237
55.52
70.231
208.604
335.045
284.241
155.386
75.575
456.90500000000003
185.247
127.151
33.941
87.113
109.943
69.729
61.488
211.985
26.384
22.565
119.98700000000001
92.118
28.386
28.422
290.434
119.205
275.738
249.018
120.914
284.437
226.715
146.947
150.30100000000002
122.528
27.461000000000002
46.326
54.022
54.337
112.194
40.681
48.626
408.433
155.671
56.844
122.392
166.496
84.388
29.386
100.947
31.186
499.999
48.79
88.834
89.993
82.571
35.404
69.017
63.599000000000004
55.461
51.793
178.03300000000002
128.62800000000001
470.5
133.179
81.818
55.448
57.004
41.037
201.94
42.300000000000004
134.425
389.718
160.223
499.999
107.683
114.11500000000001
27.369
408.692
92.729
286.744
77.819
119.322
45.563
91.424
342.897
132.228
222.18800000000002
259.933
456.413
42.901
499.999
69.125
138.473
140.026
403.593
40.031
99.46300000000001
55.308
42.813
499.999
499.999
91.03
51.924
37.481
134.195
75.04
232.793
48.088
54.947
78.991
165.18200000000002
69.623
179.279
114.494
39.873
105.549
133.94400000000002
28.746000000000002
55.023
28.002
315.39
499.999
31.302
31.882
34.704
164.866
39.883
48.011
52.28
44.994
372.683
129.27100000000002
73.389
272.865
67.757
64.20100000000001
72.014
145.566
83.36
41.367
106.366
464.183
94.45400000000001
82.087
96.808
57.647
150.546
76.226
38.007
81.415
252.876
163.046
71.837
168.177
109.572
242.001
261.307
161.281
103.598
35.642
266.293
50.633
248.832
468.021
139.31300000000002
499.999
34.399
113.617
39.589
54.519
156.77700000000002
67.705
42.696
326.78700000000003
47.749
76.664
326.076
42.105000000000004
256.877
34.008
155.43800000000002
336.015
76.313
248.352
100.63
181.256
128.583
61.383
108.49000000000001
43.725
345.914
130.51
229.154
35.848
58.103
37.508
466.71500000000003
122.53
52.841
499.999
80.406
230.965
74.11
49.325
36.069
290.397
462.324
60.493
249.127
73.285
24.521
71.729
32.656
231.868
240.013
47.168
44.459
31.702
171.147
200.139
50.744
42.817
71.498
34.13
100.025
138.507
291.165
147.654
166.82
214.811
143.75300000000001
123.012
58.154
248.526
499.999
269.722
161.167
170.484
88.865
178.245
499.999
27.534
76.905
65.583
44.249
223.476
131.42000000000002
33.686
499.999
93.24
212.15200000000002
192.311
121.11500000000001
27.702
24.298000000000002
117.43900000000001
341.962
35.02
36.453
59.102000000000004
41.571
106.997
478.259
220.517
54.931000000000004
19.008
35.24
243.098
240.53300000000002
94.009
67.284
110.828
357.13
57.135
57.236000000000004
96.496
282.644
310.958
66.274
39.678000000000004
48.028
57.9
21.887
105.651
103.21900000000001
154.648
91.799
85.658
42.172000000000004
57.163000000000004
150.907
125.9
115.23
48.541000000000004
297.78000000000003
305.069
45.243
87.643
66.848
148.18200000000002
80.105
96.895
72.739
93.25
437.845
269.038
142.648
59.063
438.041
91.766
118.211
357.839
107.253
105.94500000000001
54.118
499.999
499.999
41.224000000000004
132.87800000000001
34.592
95.129
499.999
254.964
100.898
382.82300000000004
225.33
208.595
211.84300000000002
177.372
139.911
110.778
37.543
158.346
75.014
184.004
137.909
26.701
96.85300000000001
250.681
107.668
246.93200000000002
70.68900000000001
499.999
114.596
67.649
300.784
116.787
499.999
58.288000000000004
381.293
100.447
111.837
58.84
105.22800000000001
120.28
30.714000000000002
112.83
27.905
37.714
416.16200000000003
52.192
499.999
73.21900000000001
149.12800000000001
179.017
38.549
22.787
82.666
205.638
56.937000000000005
53.828
94.574
250.891
33.125
141.425
216.059
84.747
86.827
187.762
120.919
499.999
205.623
82.19500000000001
146.54
148.619
114.043
27.333000000000002
157.906
145.234
288.563
163.626
37.021
41.293
196.367
164.661
82.729
246.381
266.576
93.622
147.585
185.979
201.566
102.511
109.64
138.635
55.934000000000005
79.153
61.402
59.235
70.893
92.438
88.69
112.429
99.27
214.308
18.504
284.014
129.635
101.674
85.993
53.418
66.081
258.224
499.999
65.461
43.35
46.218
178.778
39.97
24.241
71.46000000000001
88.066
499.999
50.196
462.60200000000003
53.949
51.071
39.892
112.22800000000001
61.597
214.119
26.256
17.063
176.64000000000001
36.514
44.673
81.312
238.923
112.82900000000001
109.233
136.51
499.999
29.803
315.222
38.046
191.437
86.827
133.335
205.977
499.999
499.999
25.848
70.812
42.611000000000004
187.348
31.727
49.038000000000004
23.932000000000002
389.664
112.015
15.403
37.494
144.993
85.57600000000001
30.655
62.442
113.086
499.999
291.039
70.661
45.676
235.88400000000001
122.807
499.999
53.474000000000004
155.849
64.017
499.999
61.685
499.999
170.383
103.383
45.892
88.415
61.789
154.019
29.072
72.773
84.211
499.999
55.428000000000004
69.625
67.811
34.512
405.02500000000003
148.375
51.156
131.964
180.114
499.999
38.083
46.846000000000004
52.798
219.209
93.301
97.797
137.001
332.75100000000003
404.553
161.159
146.105
77.527
499.999
53.065
275.56600000000003
151.674
35.792
47.873
247.663
79.933
206.341
72.742
47.868
78.982
153.246
230.052
29.059
268.237
349.503
405.574
33.745
233.601
100.72
35.051
375.523
156.985
33.997
318.419
499.999
136.066
379.163
64.985
51.83
499.999
357.724
340.796
30.999000000000002
107.165
499.999
343.40500000000003
64.91
48.665
376.532
39.137
176.84300000000002
42.535000000000004
146.546
388.704
89.622
61.388
124.423
68.464
154.162
84.138
182.653
94.996
390.278
60.795
131.593
41.365
50.984
47.62
42.543
52.693
25.458000000000002
100.959
367.105
83.363
49.584
140.587
57.458
53.945
94.194
143.751
68.977
61.215
39.442
202.1
34.116
67.762
35.384
57.624
115.291
68.995
179.145
37.883
203.754
150.723
86.144
66.724
259.997
157.683
169.473
109.369
139.624
58.553000000000004
499.999
315.403
129.197
78.124
499.999
209.118
245.90800000000002
158.685
74.82000000000001
65.301
55.125
236.091
63.358000000000004
54.131
62.774
87.976
61.308
96.436
79.19800000000001
84.47500000000001
110.34400000000001
102.43
310.67900000000003
34.42
499.999
135.395
109.81
82.928
113.263
499.999
34.866
38.706
180.97
30.504
45.126
43.919000000000004
80.176
123.306
62.657000000000004
69.285
47.361000000000004
499.999
33.124
41.118
364.02500000000003
64.611
233.436
75.065
55.464
38.573
499.999
325.74
91.16
101.418
104.75
48.572
499.999
499.999
499.999
29.356
29.2
121.047
243.293
32.389
35.818
99.922
71.624
233.042
92.381
103.415
146.548
56.95
70.147
158.73
499.999
76.28
28.38
499.999
59.561
499.999
48.872
52.871
61.845
58.731
38.448
47.895
499.999
46.318
29.07
199.22400000000002
499.999
294.17
56.041000000000004
499.999
92.94500000000001
121.132
25.963
22.275000000000002
135.992
126.168
29.045
35.748
85.917
45.108000000000004
124.162
54.987
53.938
343.119
27.496000000000002
43.833
375.23
34.362
296.96
328.942
150.817
166.43200000000002
43.6
205.12800000000001
149.81
279.919
44.465
207.507
126.994
49.445
90.811
57.229
23.947
113.134
127.357
21.433
499.999
218.215
29.032
499.999
46.145
441.269
415.746
374.019
34.681
124.045
499.999
31.799
45.549
40.633
499.999
64.252
59.702
229.62800000000001
110.255
127.819
111.242
101.096
499.999
37.302
76.181
87.9
97.489
499.999
499.999
81.255
23.778000000000002
174.866
30.434
201.004
83.903
499.999
251.958
119.819
69.458
71.581
68.70400000000001
377.96
60.631
236.35500000000002
76.176
108.72500000000001
47.653
97.01
270.76300000000003
235.814
82.656
153.008
172.094
272.37
75.871
385.254
80.135
98.398
207.48600000000002
61.448
59.891
72.631
127.896
499.999
33.951
363.90500000000003
39.182
407.07800000000003
21.496000000000002
55.324
267.5
86.38
499.999
192.91
136.692
37.886
202.816
87.45100000000001
138.96
55.344
276.056
71.44200000000001
77.616
147.689
436.492
177.589
139.005
367.478
92.73400000000001
31.985
134.743
101.295
71.622
128.174
38.957
62.940000000000005
390.237
41.374
243.195
196.365
77.397
89.89
291.36400000000003
36.669000000000004
58.242000000000004
175.493
202.09900000000002
111.321
34.521
22.471
78.869
37.197
182.43
58.411
291.676
75.144
65.628
78.065
77.776
25.787
154.995
157.496
122.295
190.256
335.853
92.852
77.636
67.502
46.254
404.128
42.866
53.237
62.603
317.358
94.71900000000001
185.393
238.899
499.999
383.556
499.999
66.191
70.83800000000001
73.191
77.257
247.941
292.545
26.452
79.95100000000001
30.57
38.357
41.265
109.176
104.223
72.478
38.891
267.812
57.303000000000004
92.055
230.99
97.196
306.189
229.626
295.687
64.384
59.604
97.377
145.88400000000001
145.742
84.065
117.318
179.055
39.556
137.995
156.234
187.357
51.147
68.415
92.543
85.289
316.379
33.141
95.58200000000001
291.807
63.376000000000005
328.039
34.977000000000004
71.281
47.906
106.48100000000001
104.22
282.099
112.69800000000001
72.581
97.042
120.055
75.796
499.999
258.243
499.999
146.594
426.649
30.825
114.781
468.403
98.22200000000001
44.409
62.041000000000004
78.678
499.999
163.33
65.983
69.065
35.01
56.694
140.314
135.675
100.871
126.497
67.9
188.40200000000002
72.131
499.999
499.999
94.22
34.289
97.807
54.651
43.782000000000004
201.192
111.575
25.315
89.83
61.606
40.241
51.979
80.33500000000001
148.705
35.144
176.097
306.172
31.258
60.701
87.51
31.433
78.7
140.86
101.09100000000001
66.931
499.999
46.883
37.391
125.197
427.529
110.375
107.932
114.35600000000001
332.618
70.319
37.977000000000004
248.699
144.863
145.67000000000002
59.227000000000004
29.118000000000002
43.807
284.75600000000003
499.999
454.719
130.13
485.981
94.908
172.38
62.643
125.789
33.482
79.958
151.964
473.732
349.265
456.568
57.021
489.856
82.06700000000001
161.696
48.055
29.886
146.76500000000001
156.729
51.182
87.25
38.409
320.204
113.754
291.79
43.5
32.718
64.283
413.805
88.688
129.345
137.65800000000002
25.539
73.499
499.999
46.34
98.57600000000001
83.47
52.549
143.202
126.774
94.962
135.92000000000002
115.511
220.05
18.033
53.874
342.182
58.199
120.92
232.79
38.259
37.727000000000004
25.887
78.43
342.772
107.566
129.781
61.022
88.07300000000001
183.191
83.83500000000001
325.39300000000003
50.351
113.24900000000001
48.905
70.794
74.54
65.772
53.095
35.69
114.43900000000001
314.351
87.503
54.302
73.426
126.062
87.063
126.542
81.657
161.243
122.772
44.908
70.181
50.611000000000004
50.493
125.363
155.279
37.38
242.577
54.053000000000004
499.999
22.122
125.061
35.11
77.983
238.67600000000002
84.819
448.223
167.538
118.82000000000001
105.773
47.811
48.788000000000004
215.308
38.14
77.45
103.78
334.286
69.875
86.712
499.999
274.479
154.267
499.999
104.10600000000001
98.333
499.999
76.285
25.428
48.415
50.028
41.03
41.162
29.943
499.999
174.0
83.266
135.359
25.639
167.669
65.167
205.48000000000002
127.264
175.618
202.774
51.674
118.37100000000001
45.941
57.293
45.766
88.145
327.123
114.482
157.448
76.165
31.131
107.316
108.861
121.813
65.431
499.999
499.999
218.496
87.465
477.732
34.003
49.588
499.999
122.031
384.223
89.048
314.241
119.238
499.999
39.856
34.225
112.98
56.987
148.39000000000001
52.638
96.185
192.481
59.909
68.604
72.547
149.246
499.999
59.214
161.463
170.101
114.43900000000001
47.274
56.177
300.66700000000003
499.999
154.346
56.982
45.891
95.973
185.21200000000002
41.238
499.999
25.886
73.70400000000001
87.403
78.26
198.913
186.243
128.73
119.392
54.016
214.901
49.488
94.663
251.936
118.63
246.303
38.293
380.654
128.618
90.016
85.83500000000001
34.247
32.646
81.07600000000001
25.552
33.494
145.002
75.476
499.999
484.81100000000004
105.471
36.808
45.674
55.983000000000004
56.108000000000004
255.663
132.126
47.971000000000004
53.323
259.968
59.594
174.404
100.993
227.618
134.657
28.113
50.734
59.162
87.159
78.47200000000001
278.56
98.836
364.994
164.55
91.802
41.65
109.93
70.94500000000001
499.999
24.197
54.102000000000004
73.013
58.787
61.101
76.652
135.767
57.81
42.281
499.999
53.905
88.2
238.262
166.15200000000002
101.881
38.335
152.078
208.20000000000002
76.175
52.317
54.495000000000005
258.089
126.72
51.044000000000004
29.771
499.999
122.21300000000001
110.552
76.139
499.999
40.816
49.807
62.331
147.01500000000001
56.958
56.505
191.964
159.824
499.999
60.121
58.963
106.56700000000001
45.271
314.60200000000003
39.109
467.29
30.330000000000002
64.999
97.32300000000001
77.294
112.768
98.822
75.888
115.098
76.234
40.108000000000004
84.88
33.927
225.02
460.516
76.95700000000001
175.951
237.75400000000002
133.494
151.953
75.684
23.809
399.73900000000003
370.75100000000003
319.184
129.905
35.564
499.999
51.653
61.802
166.435
84.545
25.958000000000002
66.593
67.071
72.731
37.115
59.999
55.671
150.927
88.233
166.282
25.754
77.746
158.898
55.371
166.78900000000002
172.351
229.178
28.264
82.586
83.976
200.951
499.999
105.645
101.908
431.443
116.512
484.399
105.033
499.999
164.41400000000002
499.999
33.535000000000004
499.999
51.219
100.387
96.562
64.519
78.09100000000001
499.999
63.921
149.615
98.555
36.735
30.838
66.309
17.299
88.318
319.043
399.718
45.235
469.921
56.301
125.946
27.444
87.393
499.999
69.365
118.158
107.187
30.954
178.67000000000002
116.46900000000001
123.53
499.999
184.172
83.498
75.046
57.029
96.661
138.241
131.433
177.90200000000002
406.689
279.461
296.79
28.847
268.69
86.098
363.649
436.077
122.227
499.999
86.271
160.576
99.06700000000001
112.081
40.309
105.364
216.471
167.743
52.673
252.695
428.254
259.8
279.48900000000003
36.575
442.817
122.974
66.269
69.426
65.20100000000001
58.047000000000004
499.999
66.665
115.036
53.458
82.262
97.165
245.36100000000002
159.69400000000002
199.70000000000002
83.051
95.433
68.47200000000001
86.407
499.999
499.999
134.778
499.999
239.189
100.267
63.628
38.184
80.672
499.999
57.009
147.028
58.047000000000004
85.85000000000001
499.999
63.837
499.999
66.705
42.331
260.341
68.657
69.339
50.636
81.126
56.433
58.427
37.093
312.491
84.32600000000001
499.999
32.293
29.403000000000002
46.721000000000004
175.809
62.826
288.997
54.838
107.322
23.96
137.591
499.999
337.918
84.158
173.208
121.155
40.82
74.712
68.958
68.902
378.75100000000003
53.354
75.599
104.685
438.11400000000003
39.991
125.58800000000001
87.58200000000001
57.039
84.756
52.643
418.595
29.053
101.81400000000001
56.438
164.415
194.6
108.929
77.444
39.206
52.742000000000004
57.501
143.949
38.816
499.999
33.161
50.203
94.962
135.77100000000002
432.729
99.09
108.202
499.999
55.799
499.999
43.763
35.375
160.675
34.725
203.202
47.17
137.019
107.391
287.553
59.521
499.999
38.499
225.031
105.593
100.75
499.999
499.999
499.999
137.287
25.07
34.778
60.706
48.412
55.325
59.646
88.305
57.599000000000004
193.879
187.143
151.478
107.134
52.082
131.96
224.808
227.794
39.214
44.083
202.56900000000002
180.121
70.027
30.427
206.127
140.03
499.999
173.14000000000001
464.854
127.401
96.537
213.281
52.512
18.35
194.673
141.389
108.393
67.975
29.063
39.59
19.650000000000002
77.676
20.288
407.732
58.628
70.212
135.159
67.456
44.013
97.052
408.653
255.056
304.833
54.35
36.019
45.283
43.152
107.037
81.022
27.408
87.158
174.42600000000002
499.999
40.977000000000004
37.386
50.789
499.999
130.863
420.437
74.795
56.838
57.151
51.233000000000004
81.729
160.564
22.549
499.999
211.3
378.67900000000003
499.999
34.341
62.081
127.628
26.994
445.451
78.664
111.497
499.999
62.377
289.64300000000003
219.169
53.711
31.878
28.904
64.543
237.761
163.168
499.999
499.999
16.904
244.62300000000002
219.306
487.28700000000003
241.29500000000002
161.514
24.127
54.246
49.424
60.372
37.186
90.99
30.330000000000002
269.504
129.814
108.636
41.273
100.165
80.548
37.665
86.003
499.999
29.724
164.112
499.999
164.449
63.294000000000004
195.209
499.999
45.294000000000004
166.485
44.517
85.973
106.755
77.218
33.412
499.999
297.86
47.546
300.422
86.17
108.146
258.362
34.154
199.30100000000002
91.031
183.153
99.904
88.113
244.684
423.63
34.794000000000004
101.177
34.265
139.018
150.91
46.053000000000004
236.147
98.065
78.756
38.052
499.999
61.668
161.971
158.689
67.69200000000001
499.999
259.312
399.728
77.316
114.397
499.999
146.645
62.669000000000004
39.015
38.15
499.999
100.019
101.537
36.609
62.032000000000004
86.016
25.449
85.072
499.999
68.636
45.81
37.727000000000004
34.364
209.229
72.568
53.658
43.32
93.912
31.712
60.995000000000005
49.756
85.868
59.964
127.917
484.75100000000003
50.407000000000004
108.011
223.616
36.08
309.437
67.075
106.95
271.194
190.095
167.684
50.178000000000004
165.18
37.661
147.184
143.568
134.582
175.143
175.357
305.67900000000003
499.999
82.705
39.208
40.641
84.128
14.52
77.188
307.632
35.563
310.90500000000003
126.842
160.643
70.764
462.612
182.755
499.999
51.835
27.291
54.657000000000004
54.605000000000004
37.42
276.028
75.418
258.646
45.105000000000004
24.125
149.614
366.124
99.989
78.956
105.789
51.433
45.637
76.301
33.569
90.105
116.136
156.014
75.982
123.773
52.154
96.419
499.999
38.766
64.489
51.459
193.841
133.39000000000001
371.234
39.651
33.995
78.776
59.337
44.773
499.999
134.802
118.97200000000001
45.188
32.863
499.999
115.673
279.635
50.049
499.999
126.48400000000001
104.175
53.874
112.904
90.56700000000001
129.18200000000002
30.490000000000002
119.003
81.062
46.118
135.75
36.411
158.362
218.548
42.92
96.412
38.855000000000004
133.245
287.592
35.699
80.846
36.848
29.527
238.853
175.39600000000002
433.543
127.47
56.268
76.197
106.147
265.199
129.562
116.267
79.464
45.982
53.516
23.149
59.844
309.492
48.308
215.578
33.052
413.79
40.712
107.548
157.522
474.458
319.67900000000003
44.635
232.802
88.638
499.999
93.108
147.29500000000002
191.33
173.953
64.184
245.716
88.552
499.999
193.72400000000002
499.999
95.834
499.999
105.33
24.118000000000002
122.058
91.753
81.633
71.552
218.416
240.661
273.716
108.94800000000001
107.586
242.27100000000002
25.358
113.774
157.579
174.78900000000002
34.221000000000004
66.854
95.269
65.084
127.629
22.95
64.25
91.43900000000001
164.826
43.024
148.332
45.106
499.999
71.416
118.45700000000001
33.74
93.769
55.999
64.297
38.204
122.703
51.871
33.719
24.581
120.364
259.028
115.345
499.999
43.543
292.571
41.611000000000004
160.395
95.496
45.515
36.499
451.024
55.823
43.116
66.33200000000001
46.221000000000004
499.999
65.386
50.066
62.322
35.892
71.20700000000001
109.918
251.685
37.784
72.97200000000001
149.47
315.212
98.646
21.199
122.25200000000001
71.857
26.809
105.918
499.999
147.126
64.93
79.943
130.632
67.738
74.321
52.426
246.863
130.794
41.596000000000004
499.999
35.526
136.081
47.987
271.466
52.054
402.104
249.107
26.989
77.355
97.88
390.591
110.676
59.637
65.33200000000001
139.703
63.442
79.09100000000001
499.999
272.581
85.964
239.33100000000002
234.256
46.603
409.673
499.999
193.799
115.08500000000001
27.915
108.96000000000001
61.124
499.999
100.337
111.973
130.31
196.216
32.593
133.174
45.002
499.999
72.069
136.336
44.709
216.002
29.32
53.751
105.411
27.387
260.69
448.639
213.16400000000002
20.614
114.263
81.21900000000001
35.857
67.924
174.458
350.045
363.59000000000003
85.996
47.657000000000004
250.508
143.379
121.61200000000001
247.83100000000002
32.425
248.172
50.764
106.529
26.838
92.452
185.70000000000002
63.524
264.572
38.546
241.043
50.677
80.96300000000001
226.25300000000001
38.748
66.794
187.592
46.229
499.999
53.413000000000004
90.8
57.212
499.999
128.142
50.961
35.927
112.406
37.306
41.676
121.617
76.19500000000001
219.709
48.685
361.395
355.934
196.66400000000002
334.92900000000003
198.697
72.361
147.961
45.763
188.842
50.681000000000004
149.80700000000002
56.624
87.949
228.347
65.801
96.72500000000001
99.714
77.444
122.46900000000001
223.334
25.778000000000002
127.798
82.092
118.422
77.421
174.715
62.433
64.554
49.49
44.13
201.294
47.181000000000004
228.743
38.446
99.993
215.086
87.506
40.18
185.864
163.736
499.999
80.958
38.112
75.381
105.08800000000001
32.042
34.789
197.404
90.991
81.562
161.593
37.713
499.999
129.06300000000002
16.531
228.70600000000002
61.11
141.125
196.993
55.808
86.275
143.232
73.856
103.403
499.999
112.474
371.66
206.506
56.415
81.515
109.273
196.719
48.356
257.491
23.508
76.654
315.76800000000003
44.672000000000004
36.160000000000004
46.411
121.861
187.467
51.525
171.121
42.223
33.455
218.175
74.313
381.216
306.445
57.583
86.628
432.035
57.453
58.991
210.465
128.017
93.498
151.668
49.481
32.899
41.474000000000004
24.175
82.256
68.485
74.177
68.244
64.462
65.046
93.365
188.186
54.043
84.359
40.687
362.856
70.37
148.955
486.079
77.767
58.237
266.711
56.721000000000004
215.11
153.45600000000002
216.547
87.316
56.538000000000004
72.997
28.583000000000002
113.391
93.874
44.612
499.999
73.456
142.852
17.875
257.355
165.899
76.45400000000001
55.883
309.468
75.655
74.20400000000001
81.11
82.614
107.788
499.999
103.84100000000001
115.522
57.233000000000004
182.648
428.271
460.668
196.717
334.789
298.116
185.184
234.246
21.934
91.886
29.208000000000002
175.198
47.121
319.734
490.64300000000003
323.50100000000003
105.058
67.47200000000001
35.185
42.376
88.367
173.251
98.136
48.338
86.918
256.051
141.416
499.999
499.999
424.683
361.801
36.168
106.15
30.172
223.669
163.704
39.573
193.496
49.264
392.236
20.548000000000002
45.322
82.819
191.55700000000002
131.864
169.839
288.125
248.316
108.176
96.092
26.006
499.999
71.056
81.437
499.999
30.482
499.967
149.403
94.709
72.609
127.355
344.982
35.639
55.336
89.373
177.243
54.449
53.556000000000004
133.254
240.811
108.361
73.822
246.883
462.533
48.505
37.035000000000004
244.243
34.468
67.815
19.904
69.054
199.13
433.122
75.513
157.536
32.913000000000004
64.694
85.38
212.535
48.038000000000004
97.418
76.645
169.90200000000002
196.836
153.70000000000002
62.289
165.391
55.339
96.077
64.432
101.854
128.185
90.816
33.156
47.947
449.788
52.86
270.089
41.293
80.627
179.38400000000001
204.04
51.047000000000004
220.256
64.399
45.277
169.73
146.764
129.997
90.177
70.687
117.098
71.374
72.66
40.901
20.382
42.361000000000004
204.195
499.999
44.848
48.763
294.459
499.999
285.446
109.66
175.519
106.852
81.746
72.274
110.757
499.999
74.697
100.879
42.337
154.471
171.92600000000002
26.593
181.494
138.684
41.223
495.866
88.656
131.848
53.345
260.212
41.113
41.694
104.586
68.538
33.771
55.349000000000004
91.516
120.654
26.044
87.15
107.86500000000001
50.355000000000004
391.61
286.123
155.871
112.551
55.049
125.875
127.333
20.374
63.734
243.358
90.084
31.642
113.35600000000001
68.181
127.636
196.955
395.029
25.291
229.054
50.602000000000004
163.722
157.57500000000002
74.711
101.685
63.71
29.726
97.058
82.613
41.689
19.752
499.999
285.75600000000003
152.018
72.766
57.281
142.451
64.639
43.543
219.007
59.906
74.17
499.999
38.11
499.999
192.333
41.475
170.991
59.044000000000004
38.89
499.999
397.529
38.122
248.906
76.523
25.696
64.58
115.446
85.962
94.453
114.434
124.5
53.480000000000004
142.564
40.285000000000004
221.124
107.071
243.975
471.939
37.921
121.459
69.676
30.159
28.905
68.813
82.821
186.025
125.512
499.999
83.234
56.901
103.061
159.912
52.898
499.999
289.254
499.999
71.103
499.999
61.584
140.871
201.671
274.289
119.401
43.76
34.889
170.755
48.74
66.218
130.258
136.431
499.999
63.489000000000004
451.014
149.13400000000001
131.303
165.327
212.776
247.722
36.773
64.404
351.526
43.06
125.02
121.974
142.336
99.75
169.793
118.418
41.109
17.192
72.82900000000001
135.859
37.272
380.624
499.999
202.454
20.128
143.143
177.042
39.403
37.454
212.177
41.828
441.183
426.923
79.321
137.82500000000002
21.59
165.04
38.497
86.274
112.352
250.141
46.428000000000004
185.046
39.997
167.05
89.243
220.273
499.999
20.939
338.047
38.728
499.999
45.788000000000004
144.178
255.032
159.643
69.886
192.192
321.186
280.677
212.761
27.819
135.804
50.07
48.515
69.735
109.976
64.226
59.125
45.917
230.93200000000002
73.102
35.427
362.69
181.573
58.721000000000004
177.20600000000002
271.779
189.388
136.047
82.45700000000001
54.889
111.837
48.67
112.211
426.318
499.999
49.505
117.151
36.215
66.107
18.988
153.047
32.235
63.728
23.07
38.835
499.999
128.862
307.07800000000003
31.57
89.679
75.596
41.958
24.449
60.391
135.79500000000002
68.504
217.84
119.652
101.284
108.815
66.07600000000001
28.759
119.233
379.796
120.86200000000001
69.677
493.695
499.999
36.197
484.016
32.643
72.57600000000001
66.584
198.596
499.999
67.248
143.077
62.455
54.053000000000004
59.366
207.174
43.575
164.471
499.999
41.385
72.821
240.159
34.803
75.23
159.511
76.545
277.734
499.999
95.493
33.347
228.703
20.404
244.606
63.615
33.097
81.684
40.29
176.751
142.55
64.182
212.998
124.33800000000001
174.187
76.383
357.04200000000003
27.283
271.757
460.607
38.097
128.24
55.275
413.773
66.161
499.999
66.146
108.35900000000001
22.275000000000002
34.117
141.954
246.241
66.173
37.545
499.999
203.157
125.458
223.76
55.739000000000004
41.866
400.857
149.175
20.213
67.043
210.749
102.289
93.715
53.653
94.129
60.327
21.995
40.973
499.999
49.963
76.855
73.799
54.815
351.886
41.658
36.188
107.537
135.407
499.999
462.01800000000003
63.122
124.303
51.684000000000005
33.185
62.862
102.86
429.099
121.027
61.178000000000004
70.548
35.88
499.999
99.672
62.417
182.407
57.127
499.999
236.244
339.959
211.028
499.999
56.319
101.525
389.962
499.999
381.673
499.999
499.999
152.235
362.78700000000003
68.13
29.392
46.487
120.255
45.527
112.014
41.538000000000004
105.054
41.351
43.205
60.808
134.07
119.247
79.276
29.875
122.518
75.156
62.293
135.27100000000002
117.717
34.796
101.665
32.008
84.267
111.479
395.371
348.033
335.872
499.999
117.34400000000001
32.841
499.999
71.172
73.609
60.049
55.388
72.321
70.792
163.689
100.516
201.685
38.513
239.151
86.271
162.493
71.156
296.262
32.603
30.894000000000002
39.599000000000004
499.999
351.79
129.679
209.299
499.999
42.423
69.456
42.652
29.299
41.397
99.12
16.169
397.77500000000003
68.44200000000001
48.617000000000004
238.653
143.535
58.461
73.09400000000001
36.637
89.715
74.706
499.999
191.995
70.06700000000001
34.336
162.324
499.999
29.691
434.878
219.131
50.237
328.357
67.97200000000001
264.743
457.39
66.524
38.677
499.999
145.55100000000002
125.132
76.622
216.32
499.999
432.374
246.55100000000002
51.2
94.615
35.873
42.755
499.999
87.612
49.782000000000004
499.999
92.026
96.896
403.51300000000003
499.999
150.225
269.871
194.752
272.422
90.547
35.79
50.205
51.575
29.167
144.008
36.657000000000004
96.173
50.464
53.426
465.146
117.449
438.975
61.039
42.158
72.173
200.852
52.728
28.625
37.058
95.60300000000001
208.464
286.33
49.002
47.812
42.474000000000004
41.337
29.782
73.489
214.85500000000002
72.98
491.68600000000004
306.639
41.050000000000004
499.999
420.575
55.823
64.866
48.566
26.477
18.708000000000002
499.999
499.999
40.368
33.277
44.93
77.608
160.514
333.19100000000003
269.395
61.912
244.573
79.7
32.392
65.621
205.181
244.385
197.184
130.883
120.09400000000001
84.112
54.726
492.688
411.96000000000004
28.399
175.995
68.483
100.133
459.54900000000004
114.783
343.142
137.78
427.833
23.990000000000002
286.091
259.572
168.211
17.043
58.507
106.21600000000001
499.999
72.418
327.29900000000004
39.964
499.999
86.327
147.434
88.182
112.391
304.057
54.544000000000004
89.46900000000001
129.854
46.29
57.733000000000004
22.244
48.369
59.639
37.896
43.307
51.486000000000004
44.75
39.821
42.583
47.367000000000004
499.999
42.001
33.372
53.09
133.393
64.185
95.537
52.595
499.999
90.098
499.999
198.63400000000001
230.549
65.71000000000001
70.06
279.835
171.524
180.714
44.003
62.399
499.999
427.97700000000003
41.117
445.635
60.242000000000004
251.348
136.912
97.87
283.172
113.587
66.35
279.163
20.426000000000002
100.427
66.446
145.157
222.27100000000002
499.999
130.193
45.366
39.169000000000004
72.52
36.825
51.447
140.792
178.04
45.26
43.608000000000004
84.12
54.014
41.017
499.999
89.946
224.508
188.429
76.88
147.573
79.089
207.222
93.365
42.484
99.424
41.727000000000004
419.07800000000003
66.75
168.641
32.755
29.826
67.007
152.358
35.123
63.429
202.29
91.24
27.395
349.962
234.898
347.843
38.437
71.065
153.931
114.507
137.434
54.609
75.837
219.892
499.999
36.692
89.393
303.88
170.749
23.469
56.581
57.427
499.999
106.2
72.016
108.337
90.205
78.899
69.728
272.46
499.999
52.265
133.421
418.83500000000004
74.98
235.312
422.45300000000003
250.745
103.857
100.229
92.632
69.952
499.999
36.075
49.052
49.541000000000004
62.839
133.585
66.787
26.082
85.191
239.391
80.255
204.23000000000002
348.082
113.9
134.117
221.72400000000002
63.859
156.728
65.911
30.619
156.08100000000002
32.455
50.933
87.638
67.353
59.486000000000004
213.602
31.515
379.29
56.868
82.767
142.75300000000001
141.754
40.412
499.999
39.692
262.855
55.091
354.297
241.809
244.542
32.343
54.754
56.11
90.891
97.768
147.719
94.73400000000001
56.081
83.518
225.204
102.301
99.014
128.999
40.13
42.192
210.816
96.83800000000001
140.117
499.999
30.22
31.348
86.57300000000001
141.847
152.136
27.879
129.314
499.999
36.117
65.855
239.345
112.944
32.985
499.999
70.89
55.798
266.414
492.545
78.711
80.304
93.43
76.697
34.012
62.508
317.053
50.158
81.625
499.999
499.999
54.29
43.014
499.999
87.519
117.274
61.887
68.086
30.961000000000002
425.40000000000003
36.859
76.081
28.562
37.752
135.715
29.39
42.078
188.26
110.018
74.867
137.238
499.999
42.486000000000004
333.475
32.136
102.034
45.691
257.794
209.87
26.111
499.999
97.86
83.647
174.173
322.451
302.19100000000003
94.273
155.136
146.484
167.006
40.327
84.86
59.092
226.60500000000002
499.999
117.387
499.999
32.268
47.756
77.247
109.34
196.25
139.19400000000002
499.999
54.054
36.062
27.303
230.23600000000002
494.767
180.495
121.759
329.176
83.264
137.102
72.499
499.999
136.89000000000001
74.749
60.851
113.66
36.355000000000004
386.259
51.931000000000004
173.991
73.727
83.02
152.064
51.894
63.03
148.5
80.372
281.384
46.465
86.586
84.677
242.636
50.233000000000004
224.047
38.157000000000004
59.889
72.258
391.902
207.22
78.509
25.986
116.785
353.706
194.713
25.554000000000002
76.398
284.544
499.999
47.672000000000004
111.096
148.621
81.726
490.419
51.787
142.782
82.633
72.377
20.235
82.262
49.302
306.958
132.363
146.608
76.44800000000001
42.672000000000004
88.553
41.824
314.86
53.159
499.999
167.047
499.999
277.279
497.613
31.236
38.58
168.448
64.28
480.52
499.999
109.818
38.441
48.108000000000004
81.432
31.498
32.547000000000004
335.035
103.35600000000001
78.193
164.58100000000002
45.183
38.732
86.254
105.873
90.415
273.789
37.381
56.902
181.79500000000002
42.971000000000004
230.672
271.897
437.636
77.818
146.169
39.49
95.761
60.292
499.999
55.018
52.318
259.037
33.584
83.07000000000001
226.494
38.421
40.772
53.017
245.52700000000002
46.631
46.659
113.882
56.839
59.617000000000004
53.33
38.307
136.321
251.511
452.774
145.808
64.028
74.121
64.376
323.238
83.534
92.774
96.869
139.001
348.319
148.943
89.18900000000001
59.143
125.68
83.922
365.286
386.107
332.369
126.09700000000001
365.552
91.56700000000001
68.96600000000001
84.07600000000001
114.627
177.854
355.957
51.401
73.21600000000001
202.715
46.004
441.651
102.331
75.999
212.30100000000002
191.441
44.833
50.621
242.887
280.075
87.858
57.480000000000004
34.408
25.247
34.788000000000004
115.586
208.604
30.972
263.027
142.099
136.943
290.529
110.808
97.151
107.49000000000001
53.077
99.14
95.09
20.789
150.632
287.871
197.419
200.278
78.133
61.583
46.253
36.324
37.42
499.999
499.999
23.705000000000002
70.937
78.086
121.656
264.17
227.453
40.333
24.718
146.643
86.22500000000001
63.844
188.883
98.872
295.27
325.16200000000003
316.17
84.828
499.999
169.43800000000002
51.516
61.642
67.626
298.05400000000003
479.212
179.20000000000002
499.999
275.326
64.71900000000001
18.457
315.13100000000003
74.747
34.95
27.366
45.782000000000004
75.747
105.014
275.02500000000003
86.305
80.35000000000001
226.07
81.964
41.518
22.375
62.072
40.652
432.723
45.816
58.427
499.999
32.048
124.205
499.999
436.083
48.781
36.713
199.357
68.621
41.89
34.312
499.999
499.999
92.548
51.497
127.363
54.546
499.999
232.516
131.367
279.454
42.154
55.079
499.999
71.931
80.217
22.747
35.892
37.795
90.796
134.523
91.724
46.224000000000004
128.797
40.654
86.251
157.484
324.824
419.442
144.838
31.576
40.332
103.741
55.327
138.201
85.394
50.077
499.999
499.999
32.125
429.788
86.016
25.088
72.978
87.114
499.999
50.847
72.965
178.732
97.143
27.437
48.159
224.741
40.088
36.627
56.943
389.212
499.999
77.154
44.292
81.117
55.522
464.603
103.069
102.063
189.663
200.866
499.999
115.009
168.659
36.814
86.75
84.607
135.468
96.299
58.796
413.321
499.999
276.296
80.271
358.558
71.69500000000001
181.71800000000002
141.72
230.711
60.076
111.043
188.928
51.86
72.231
80.22500000000001
65.648
144.348
154.838
70.107
35.079
60.241
103.415
174.019
274.845
78.658
50.288000000000004
190.949
81.17
34.102000000000004
124.98100000000001
99.802
28.653000000000002
113.394
499.999
499.999
66.781
80.694
378.635
175.637
94.34
176.886
41.83
22.876
187.866
65.345
44.724000000000004
159.613
361.81600000000003
40.245
118.761
72.871
197.373
56.120000000000005
169.01500000000001
117.998
126.449
227.12800000000001
74.268
99.476
196.731
122.639
108.306
40.878
411.255
72.489
136.782
111.869
208.162
76.696
43.046
69.653
32.602000000000004
134.705
139.359
334.355
220.318
79.62
76.8
78.84400000000001
34.161
41.594
102.289
106.297
400.53700000000003
103.458
78.98
75.29
499.999
50.07
82.09
357.08
53.998000000000005
136.258
51.387
61.977000000000004
122.851
325.926
499.999
94.44200000000001
101.461
46.854
173.55100000000002
281.371
49.373
91.53
407.523
63.767
499.999
199.649
202.685
499.999
499.999
85.854
79.578
294.823
172.525
95.85600000000001
65.096
38.861000000000004
54.701
174.455
77.122
69.5
40.088
44.764
175.372
499.999
50.047000000000004
195.552
114.762
129.936
179.738
72.809
245.818
160.357
95.069
38.266
53.414
147.184
499.999
16.424
38.892
110.905
59.954
104.075
499.999
499.999
499.999
499.999
51.099000000000004
51.935
79.631
146.828
499.999
42.882
132.078
93.171
157.052
65.869
233.153
60.516
66.91
45.376
81.671
44.15
171.363
164.886
38.37
82.82300000000001
44.926
40.947
164.638
44.057
479.044
98.795
97.266
89.723
62.52
128.066
102.361
226.208
125.54
80.165
46.639
38.587
98.09
160.28
78.808
194.606
102.134
88.206
334.692
42.31
150.008
390.798
28.691
486.273
160.471
344.007
33.604
499.999
62.126000000000005
251.776
499.999
122.785
37.798
95.35900000000001
499.999
87.587
406.841
76.62
39.094
51.68
218.984
94.162
37.251
37.097
385.791
58.57
475.85
75.561
499.999
110.59
187.148
33.841
297.029
122.281
163.178
499.999
87.136
59.851
169.334
160.65200000000002
72.796
52.499
179.986
225.596
63.491
44.612
197.934
105.098
103.541
318.616
35.941
122.145
97.15
67.965
16.932
86.183
154.036
106.941
153.626
499.999
121.696
160.397
29.14
81.766
82.632
103.62
53.438
499.999
33.007
29.944
25.228
50.7
53.282000000000004
355.17400000000004
135.855
154.707
61.178000000000004
187.024
38.71
151.39000000000001
65.169
133.68
249.852
60.819
78.19800000000001
32.227000000000004
100.403
84.245
66.07600000000001
335.766
490.50600000000003
66.38
106.035
355.559
339.181
117.01
162.06900000000002
499.999
63.67
176.786
45.117000000000004
125.965
414.62600000000003
107.551
57.881
46.901
178.614
67.334
418.278
181.514
97.068
21.563
65.808
95.07300000000001
499.999
33.588
44.706
47.286
495.661
66.778
122.20700000000001
67.615
35.454
228.025
435.358
92.851
98.598
100.622
251.934
33.9
60.655
112.194
371.54
54.225
499.999
187.125
49.388
25.926000000000002
48.232
172.824
73.128
44.508
32.18
103.092
66.51
499.999
75.70400000000001
499.999
40.848
244.197
223.83700000000002
62.885
42.484
33.215
190.77
33.172000000000004
48.014
198.066
67.75
60.141
68.274
245.857
58.733000000000004
77.377
331.90000000000003
63.61
499.999
341.70300000000003
153.624
104.027
61.005
125.662
218.803
92.653
169.16
499.999
449.11400000000003
33.184
43.098
64.417
76.423
137.235
499.999
214.954
33.67
391.83
250.047
179.693
104.696
152.04
43.35
19.301000000000002
413.38
115.417
117.571
336.342
105.575
47.032000000000004
24.638
175.959
97.285
294.27
90.277
195.273
247.96200000000002
77.482
137.108
156.154
107.519
75.246
499.999
158.144
48.936
53.169000000000004
80.99
53.591
75.523
466.81600000000003
73.456
149.055
36.476
58.172000000000004
59.121
222.209
49.235
38.977000000000004
69.735
499.999
197.627
77.779
381.41700000000003
481.069
104.84400000000001
89.173
499.999
247.832
80.09400000000001
126.105
159.05700000000002
76.586
121.608
92.881
49.289
401.05
380.244
182.519
53.882
48.192
400.808
210.038
37.141
160.386
93.406
107.081
379.46
492.934
217.935
187.797
47.953
44.761
73.388
80.893
100.392
499.999
499.999
26.779
77.644
24.925
97.821
91.20100000000001
278.021
118.12400000000001
499.999
132.178
47.427
51.811
159.982
67.592
224.10500000000002
499.999
262.418
60.071
306.99
71.609
74.527
240.141
227.531
99.167
132.802
82.01
75.369
38.268
162.30100000000002
56.171
74.128
91.819
154.823
425.767
34.094
65.386
110.24600000000001
38.532000000000004
146.518
499.999
135.244
499.999
205.354
74.312
265.511
352.031
44.647
89.733
30.46
54.33
46.407000000000004
82.962
154.75
349.746
111.995
107.629
90.31400000000001
50.087
26.212
79.19800000000001
35.752
158.5
421.762
46.592
310.28700000000003
159.996
47.817
74.354
225.59900000000002
84.723
122.514
32.763
117.128
160.612
43.185
185.167
94.072
115.383
153.135
31.103
61.389
137.719
113.92
94.767
72.992
333.547
216.883
499.999
120.935
39.428
32.948
258.744
68.428
499.999
33.444
112.38
50.181000000000004
210.53
17.55
110.95
68.206
499.999
88.122
499.999
22.337
66.484
79.008
173.954
95.253
46.349000000000004
175.21
77.022
73.802
123.989
101.683
221.653
105.185
103.72800000000001
65.912
471.685
59.126000000000005
34.056
42.087
160.383
55.035000000000004
389.413
106.205
328.004
308.336
185.689
118.227
93.139
18.163
64.798
33.321
25.47
58.229
184.496
60.824
117.5
212.622
176.67600000000002
77.519
348.11
273.97
19.902
72.83
85.633
298.076
48.006
21.295
54.542
499.999
416.894
54.574
300.423
499.999
136.427
74.538
199.536
60.914
66.739
88.937
53.54
44.815
38.625
48.313
153.648
93.026
109.885
31.395
71.526
95.20700000000001
111.565
61.68
57.824
99.84700000000001
30.391000000000002
234.232
46.851
114.2
254.149
62.893
73.531
281.80400000000003
230.207
72.47200000000001
168.53
445.011
81.88
62.856
210.00900000000001
369.666
184.728
37.712
60.593
499.999
206.776
81.262
60.342
251.49200000000002
112.81400000000001
73.09100000000001
322.62600000000003
64.796
271.438
192.113
73.164
109.712
54.726
51.892
64.524
152.464
19.983
90.986
68.672
95.804
187.916
161.94
94.479
82.052
166.41400000000002
51.313
227.058
86.036
43.132
163.101
71.247
126.129
108.001
214.177
67.577
123.066
35.566
48.531
57.772
127.26
132.13
91.884
37.207
42.965
32.655
103.949
143.659
292.87
499.999
61.578
499.999
94.179
99.489
76.149
499.999
35.881
84.289
111.60900000000001
81.998
69.116
341.596
135.849
81.291
55.774
315.481
79.197
60.714
158.547
77.274
245.467
46.443
499.999
25.76
161.851
28.021
499.999
73.37
29.184
144.766
35.994
25.355
46.895
105.027
55.017
234.30700000000002
499.999
87.676
129.88
88.684
138.02
33.597
121.742
313.902
66.241
49.689
226.113
499.999
499.999
152.745
75.369
62.989000000000004
42.459
64.575
130.492
37.937
41.665
76.365
26.066
64.625
75.955
492.788
499.999
131.511
31.569
114.944
37.82
115.333
131.653
75.766
24.715
200.362
38.15
42.203
87.318
129.458
75.299
77.816
294.661
47.098
49.006
82.3
499.999
243.773
106.918
372.586
65.539
214.205
24.219
101.518
499.999
95.503
31.878
33.916000000000004
58.477000000000004
258.91700000000003
143.746
44.631
116.152
99.302
86.848
31.237000000000002
148.034
181.84
48.619
454.01
499.999
131.201
499.999
43.882
274.597
62.388
104.24000000000001
110.111
105.839
149.767
439.845
112.974
45.819
54.225
101.215
198.261
46.209
57.281
51.676
94.025
133.933
119.763
166.019
118.238
107.255
250.86100000000002
35.739
55.93
499.999
72.147
192.221
95.27
83.779
70.747
390.141
66.363
44.463
43.405
349.684
24.586000000000002
48.402
18.029
34.704
210.03900000000002
499.999
406.136
118.61200000000001
153.39000000000001
52.721000000000004
173.879
312.718
69.348
499.999
253.799
404.793
499.999
74.266
136.18200000000002
276.186
95.726
291.063
321.16
41.18
96.209
175.836
35.486000000000004
56.226
113.946
84.927
177.37800000000001
50.491
226.042
169.742
198.483
35.791000000000004
30.177
167.67600000000002
105.392
78.311
191.623
202.549
84.174
499.999
499.999
184.339
37.459
76.77
36.553
131.374
106.721
499.999
230.62300000000002
84.864
194.738
124.154
478.576
331.238
57.804
105.726
200.13
42.382
44.082
37.178
250.766
178.409
68.293
34.743
52.077
116.589
52.932
116.145
59.536
73.188
71.141
40.622
118.49300000000001
499.999
111.931
62.661
406.23
33.563
151.879
52.135
29.949
109.005
50.164
82.851
51.853
499.999
58.203
156.811
499.999
40.445
258.79
61.523
499.999
170.637
37.497
260.485
173.104
61.692
27.105
142.123
225.643
103.01
365.04200000000003
300.777
105.291
76.632
473.432
327.476
30.639
60.316
83.936
73.20100000000001
99.655
33.784
140.768
198.6
45.881
68.613
85.994
499.999
499.999
499.999
150.70000000000002
499.999
481.336
57.015
97.406
92.048
23.161
23.909
94.431
80.035
357.128
149.683
117.959
64.546
62.076
27.375
27.757
84.72500000000001
59.078
73.71900000000001
240.268
30.359
21.415
46.03
55.053000000000004
55.171
31.220000000000002
300.721
291.37
119.518
104.409
185.228
107.605
76.891
39.96
387.609
499.999
81.029
417.859
64.292
296.493
108.07300000000001
100.544
28.852
37.363
208.0
124.52
97.644
359.79200000000003
102.09100000000001
125.889
32.53
76.765
499.999
499.999
49.661
224.975
88.376
78.136
499.999
64.859
81.871
96.08500000000001
73.924
322.987
41.385
120.60900000000001
49.797000000000004
40.827
32.041000000000004
198.589
57.248000000000005
41.586
64.479
109.005
40.577
172.227
499.999
189.013
149.36
56.458
36.277
74.543
499.999
80.813
31.794
59.448
37.714
277.267
44.211
41.825
85.282
111.031
223.272
499.999
110.32000000000001
215.288
70.687
81.164
48.620000000000005
98.379
236.352
80.117
41.802
204.183
117.86500000000001
44.942
477.785
87.41
40.096000000000004
128.899
38.588
131.172
164.096
440.454
49.427
208.952
39.322
110.537
50.309
257.802
499.999
51.894
83.114
90.08800000000001
87.626
70.245
104.896
78.20100000000001
228.209
47.881
102.54
80.34
77.282
36.041000000000004
71.909
230.413
105.89
499.999
61.898
415.82300000000004
38.337
32.346000000000004
56.39
56.058
47.264
157.717
388.956
217.424
167.58
188.519
335.871
117.95400000000001
119.958
28.548000000000002
499.999
400.583
57.976
48.676
120.392
97.938
27.986
56.253
93.087
67.69500000000001
109.427
499.999
32.161
65.489
62.6
179.84300000000002
434.354
223.132
112.667
142.314
113.363
70.09100000000001
64.119
243.982
332.601
223.25300000000001
63.947
77.188
499.999
28.211000000000002
406.217
274.248
85.4
315.034
243.346
386.004
262.565
42.111000000000004
116.824
84.278
214.519
100.94
84.745
38.682
24.252
90.646
247.899
105.95100000000001
145.225
36.244
499.999
83.47500000000001
355.214
47.652
103.328
472.38
154.536
80.916
209.53300000000002
234.93800000000002
69.21600000000001
499.999
499.999
34.88
23.672
37.735
230.171
89.408
390.482
137.63
103.121
86.72800000000001
91.17
38.002
238.85500000000002
37.224000000000004
143.685
223.0
32.544000000000004
309.943
65.763
99.098
324.684
57.033
94.777
51.488
47.846000000000004
80.75
50.097
114.82600000000001
499.999
124.822
79.65
43.976
33.856
98.673
41.065
499.999
445.898
260.043
116.98700000000001
499.999
25.042
71.724
49.787
44.569
35.288000000000004
333.379
125.032
42.225
29.87
386.785
310.278
108.2
99.372
296.58
53.314
56.506
122.308
65.522
34.995
33.537
70.412
315.431
93.242
126.053
78.84100000000001
104.81700000000001
52.139
413.038
57.33
88.627
499.999
147.51500000000001
112.087
59.913000000000004
21.827
499.999
499.999
52.715
28.067
190.074
98.10900000000001
34.309
431.959
84.354
42.498
24.502
92.43900000000001
78.679
227.479
36.003
212.537
483.832
80.565
240.523
72.656
42.061
111.793
93.857
81.464
65.452
339.904
37.429
270.302
130.573
255.922
43.871
69.089
52.606
67.801
27.831
140.614
48.004
499.999
110.675
87.648
69.235
164.968
116.882
31.732
140.464
132.016
43.053000000000004
65.904
163.40800000000002
213.161
354.559
32.51
38.34
66.778
21.490000000000002
63.728
109.809
39.324
357.708
86.656
156.614
57.542
203.59
35.730000000000004
129.088
60.65
115.316
130.12
499.999
34.82
310.286
99.388
335.669
385.508
499.999
499.999
327.296
499.999
499.999
53.073
47.61
193.31
50.095
65.602
141.823
45.867000000000004
48.829
26.331
499.999
187.615
499.999
18.215
59.583
499.999
221.437
180.276
45.141
29.716
51.754
133.081
198.476
86.233
102.325
103.002
76.107
43.654
186.467
78.318
396.713
154.098
160.64600000000002
90.089
91.628
285.462
77.595
51.369
36.69
499.999
42.424
39.141
60.203
166.576
90.904
79.437
47.735
31.992
55.844
46.399
176.953
60.267
25.592000000000002
66.022
86.938
175.53300000000002
499.999
156.83100000000002
180.141
39.062
18.671
114.705
63.667
22.865000000000002
481.041
148.466
499.999
179.904
499.999
60.67
499.999
73.646
97.086
420.00100000000003
499.999
84.476
127.898
499.999
84.601
94.509
97.8
68.177
258.535
115.27
499.999
65.415
116.257
223.583
348.642
56.468
92.755
67.609
44.005
92.292
499.999
224.276
37.413000000000004
499.999
90.046
119.52
44.157000000000004
26.766000000000002
38.288000000000004
35.784
117.058
499.999
54.618
37.92
81.375
42.782000000000004
495.42400000000004
499.999
499.999
59.427
128.068
49.243
65.959
117.08200000000001
48.418
151.336
499.999
46.786
36.355000000000004
28.938
57.294000000000004
42.57
28.13
139.773
63.517
61.043
26.586000000000002
115.435
93.769
65.775
47.225
43.76
304.69
262.318
51.068
119.643
90.941
499.999
66.525
499.999
185.336
64.154
499.999
110.568
146.71
324.729
172.376
238.752
106.622
53.817
75.19800000000001
222.155
180.601
209.47400000000002
73.154
41.102000000000004
78.384
168.972
41.195
94.881
499.999
102.336
40.933
58.868
51.092
198.67600000000002
133.08
54.139
499.999
71.744
82.386
45.232
73.706
100.339
39.735
82.15
431.81600000000003
18.574
60.827
135.76
40.177
178.882
33.46
187.184
23.835
84.383
245.738
74.60300000000001
32.308
70.19
158.232
81.048
27.571
38.971000000000004
74.331
499.999
50.209
499.999
39.575
76.71000000000001
31.278000000000002
77.461
103.795
64.504
87.397
200.231
51.531
499.999
44.697
95.25
25.077
40.031
416.63
210.496
61.367000000000004
373.619
474.172
245.219
55.281
33.026
499.999
35.876
90.7
126.449
341.67
66.693
176.203
216.91
499.999
41.376
499.999
52.436
79.334
499.999
90.247
89.703
71.57600000000001
366.093
303.944
83.631
86.514
94.316
63.949
92.95700000000001
74.812
250.72
45.595
193.897
105.885
111.147
302.23
389.633
239.263
338.581
281.983
137.335
62.472
125.645
144.711
35.376
83.045
46.596000000000004
118.26
50.051
25.992
46.809
239.487
499.999
58.973
39.89
49.452
93.535
316.838
81.782
26.567
71.733
178.018
25.106
47.119
387.774
23.237000000000002
57.916000000000004
108.016
56.059000000000005
26.261
60.458
51.86
198.9
422.457
295.517
58.763
134.625
82.862
32.219
65.552
118.872
61.868
113.19500000000001
229.768
31.664
154.02100000000002
127.763
499.999
39.653
231.702
78.95700000000001
143.831
57.379
100.10300000000001
499.999
57.358000000000004
267.704
257.482
224.3
65.967
89.453
48.654
499.999
107.836
95.86
35.702
55.793
499.999
317.796
67.07000000000001
51.026
118.758
251.217
121.687
68.615
113.825
278.073
426.713
499.999
195.025
20.417
76.402
17.18
288.118
40.83
68.528
139.262
170.54
48.398
80.348
58.189
36.85
235.582
91.309
200.869
275.047
280.385
129.77100000000002
75.023
48.614000000000004
140.834
62.74
246.062
499.999
182.255
275.178
86.702
67.187
173.154
186.651
193.345
150.453
93.012
99.916
499.999
443.466
70.946
101.129
76.27
139.639
84.761
445.079
119.61500000000001
142.412
499.999
48.044000000000004
81.97200000000001
115.998
47.354
24.778000000000002
110.804
54.256
39.112
124.375
61.451
99.379
168.108
173.80700000000002
73.581
38.531
79.111
23.06
121.352
348.752
153.672
203.241
30.035
147.448
167.882
48.896
180.86
77.058
41.61
121.48
36.066
97.556
60.569
423.325
384.373
205.602
499.999
101.196
58.739000000000004
197.85500000000002
83.24
72.871
53.192
57.308
179.594
209.756
84.907
24.863
57.693
92.837
367.898
24.317
74.872
155.595
367.669
112.933
499.999
63.872
108.131
137.322
116.989
45.160000000000004
230.0
169.70600000000002
44.866
240.302
85.799
99.792
119.968
42.138
59.1
59.973
22.291
228.363
499.999
307.487
259.349
212.142
44.786
42.11
57.352000000000004
40.516
499.999
57.823
30.848
40.703
131.179
71.861
147.502
116.87400000000001
21.346
206.98000000000002
113.833
27.79
306.245
499.999
248.316
489.096
73.999
295.21
42.786
205.704
499.999
314.651
189.525
57.559000000000005
90.483
68.952
437.098
91.562
499.999
84.417
259.92
225.275
256.546
49.941
38.734
101.18900000000001
293.681
499.999
31.651
48.865
146.407
131.829
117.604
73.482
499.999
352.873
37.211
135.107
85.562
64.79
308.342
360.903
54.501
464.343
84.866
20.797
216.59
92.764
125.693
207.952
269.567
136.846
57.801
239.662
77.783
153.794
96.851
93.157
256.657
42.773
194.314
84.444
116.288
60.854
37.455
82.333
328.951
166.846
132.79
182.174
54.214
170.136
118.045
499.999
59.131
415.379
104.871
27.924
441.439
268.276
63.679
53.480000000000004
114.661
208.514
52.247
35.776
90.226
85.66
111.649
273.996
426.79200000000003
202.62800000000001
499.999
76.788
499.999
187.30700000000002
449.458
226.59300000000002
63.117000000000004
57.39
81.72800000000001
97.108
51.94
73.506
76.523
175.577
87.10600000000001
42.415
95.324
228.018
42.943
76.363
352.454
256.807
468.369
34.428
317.806
72.834
131.06900000000002
61.67
306.469
64.653
121.131
73.521
34.266
42.942
75.79
362.44100000000003
392.637
110.803
118.303
499.999
499.999
39.161
97.96000000000001
15.439
123.273
316.345
37.238
98.712
95.604
105.24300000000001
80.245
158.627
371.355
109.036
86.97800000000001
89.263
32.226
210.657
78.777
499.999
32.869
118.798
284.609
117.854
38.410000000000004
40.074
36.906
34.683
43.336
58.819
104.143
388.13100000000003
55.401
66.714
341.022
87.31
28.084
30.624000000000002
70.09
50.228
41.616
194.78300000000002
46.798
161.275
83.877
497.344
125.396
91.46000000000001
64.678
340.204
46.496
94.527
279.827
45.208
499.999
144.51500000000001
95.121
80.449
30.365000000000002
253.13500000000002
106.297
499.999
59.773
145.534
212.538
326.54200000000003
200.609
366.504
81.93
91.69800000000001
42.521
47.681000000000004
189.19
173.84300000000002
57.813
148.095
114.415
139.368
499.999
131.355
109.474
98.49000000000001
34.607
89.175
170.705
43.984
250.88400000000001
252.22
115.825
26.7
147.435
86.511
95.758
182.698
86.621
47.627
255.981
69.08500000000001
302.129
31.958000000000002
64.777
56.922000000000004
77.015
320.99
499.999
326.176
86.277
65.861
103.071
122.101
499.999
186.525
233.25300000000001
56.852000000000004
105.86500000000001
196.086
141.466
144.066
60.039
495.915
48.466
151.695
75.554
42.331
66.751
279.067
35.169000000000004
57.236000000000004
138.735
381.286
53.099000000000004
50.238
34.612
41.481
27.514
251.00300000000001
177.028
284.243
120.703
63.01
227.29
17.759
38.759
204.917
120.751
244.846
292.422
251.693
189.514
112.022
221.33700000000002
341.053
237.363
77.508
141.767
43.191
29.507
51.394
74.104
52.763
353.857
133.829
217.94
54.645
95.005
58.286
228.78
226.279
102.322
44.777
101.885
113.92
61.642
68.586
60.425000000000004
229.638
57.248000000000005
76.409
44.401
123.375
38.609
93.283
139.911
55.652
58.899
108.711
318.337
186.244
440.236
146.668
499.999
499.999
34.89
34.647
369.123
47.667
88.57900000000001
159.165
499.999
117.13
160.142
213.643
32.959
86.21300000000001
78.81400000000001
92.959
41.807
82.252
499.999
88.982
67.436
36.365
121.979
37.008
121.433
130.763
39.901
26.822
499.999
34.125
59.889
138.022
210.445
77.955
32.026
217.16400000000002
179.637
80.73
262.23
52.375
91.819
81.273
31.527
48.78
93.724
164.469
336.338
117.0
37.378
25.177
460.569
144.498
31.583000000000002
112.45100000000001
499.999
63.881
55.844
169.599
139.683
126.59700000000001
124.21900000000001
65.339
340.08
192.491
266.7
499.999
64.596
51.708
56.676
499.999
153.15
118.7
38.26
139.068
84.125
143.511
37.616
499.999
52.031
171.383
234.149
499.999
62.436
388.273
90.999
139.275
249.935
326.323
35.046
499.999
307.847
155.898
36.531
146.731
87.206
352.36
78.45700000000001
60.156
101.528
178.346
52.297000000000004
154.107
499.999
322.205
58.357
83.33
45.161
35.891
62.550000000000004
163.894
25.681
105.647
164.713
144.262
89.671
64.879
315.154
267.759
449.634
29.475
39.526
194.374
75.586
59.373000000000005
499.999
25.559
499.999
97.962
427.846
76.052
87.614
37.774
357.176
499.999
499.999
141.419
35.906
65.795
50.915
31.164
328.202
97.60900000000001
327.64
80.34400000000001
499.999
133.549
149.868
155.318
40.389
360.796
185.919
104.33500000000001
427.01800000000003
25.991
499.999
67.32300000000001
117.15
499.999
35.059
241.96
90.227
95.587
37.704
82.206
186.583
499.999
55.706
45.35
204.126
445.035
99.803
211.65200000000002
31.907
18.995
44.906
28.055
167.299
30.989
72.015
311.26800000000003
86.268
499.999
25.127
59.958
117.281
57.155
201.663
76.929
53.42
31.704
125.068
124.379
70.029
153.987
54.599000000000004
231.715
236.988
42.916000000000004
283.937
131.802
499.999
116.88
499.999
49.126
167.387
240.883
263.903
82.357
65.312
499.999
128.112
256.435
160.809
64.72200000000001
158.065
225.011
121.461
499.999
499.999
53.927
188.476
44.737
181.429
32.158
99.33
39.155
499.999
380.089
53.812
97.09700000000001
37.672000000000004
324.264
299.06600000000003
96.243
68.262
61.387
76.449
75.065
436.09700000000004
499.999
43.524
72.772
125.592
499.999
39.545
482.32300000000004
499.999
101.651
70.687
43.979
90.699
55.065
123.7
305.48900000000003
477.83500000000004
294.024
57.52
419.461
259.25
75.898
72.294
296.749
50.568
125.272
117.785
80.855
335.574
42.076
270.89
51.482
62.552
86.863
42.307
76.416
144.57
256.942
243.897
342.968
27.396
77.20100000000001
54.225
161.992
21.172
158.249
499.999
72.602
86.681
65.365
95.711
327.968
485.237
359.322
342.051
80.609
57.205
76.82000000000001
362.419
112.60000000000001
396.672
278.976
290.963
20.151
168.292
48.015
34.176
235.638
112.187
179.579
32.417
114.668
27.856
482.854
110.48
499.999
62.534
234.524
130.085
45.197
134.39600000000002
40.921
94.634
72.876
134.097
80.22
63.829
193.848
41.736000000000004
35.982
35.922000000000004
120.13
134.544
96.306
80.276
499.999
499.999
37.163000000000004
70.777
59.726
120.33800000000001
60.652
197.443
78.238
53.354
338.068
274.762
199.51
203.591
45.847
87.625
126.79
42.103
97.909
287.44100000000003
102.69200000000001
57.654
117.74000000000001
111.262
100.287
38.035000000000004
110.117
54.987
69.599
170.543
274.26800000000003
133.817
37.101
272.733
23.005
46.356
60.953
191.156
49.057
39.619
78.845
58.944
41.038000000000004
36.903
119.556
46.049
166.422
215.166
107.165
499.999
472.543
113.649
254.32
416.321
43.331
422.00100000000003
33.153
166.366
95.89
85.60600000000001
75.263
173.346
89.47800000000001
499.999
134.25900000000001
48.701
134.974
39.948
31.696
100.277
21.683
78.44
236.487
50.997
60.987
82.609
132.654
75.393
499.999
193.707
114.2
98.251
267.423
60.363
142.306
499.999
103.063
39.432
149.674
191.842
99.358
266.172
117.883
83.659
232.127
40.132
73.018
385.829
54.166000000000004
147.655
47.844
96.9
276.234
499.999
87.081
34.594
349.603
25.053
116.523
234.228
97.605
37.467
106.032
56.522
118.813
60.292
499.999
294.059
55.946
177.258
287.75600000000003
40.146
39.531
83.405
347.978
22.948
485.189
144.599
45.0
157.30100000000002
77.164
31.990000000000002
58.56
33.133
180.772
499.999
85.60300000000001
96.84400000000001
100.495
78.755
164.612
44.556
26.857
25.141000000000002
29.947
240.835
246.561
403.661
291.946
103.47500000000001
91.529
225.899
442.539
312.902
125.76
499.999
84.762
499.999
499.999
381.623
439.857
90.861
132.119
90.702
303.609
38.919000000000004
180.279
55.157000000000004
50.242000000000004
175.887
113.321
296.817
34.933
499.999
111.889
325.661
41.399
384.05
48.804
53.239000000000004
66.152
467.95300000000003
68.9
121.13
24.455000000000002
55.609
98.258
29.310000000000002
42.427
135.727
27.435000000000002
47.65
190.705
41.653
17.003
91.97500000000001
86.16
247.523
109.553
173.042
65.618
125.912
172.833
154.631
165.181
54.969
177.882
33.785000000000004
153.516
29.008
30.576
50.045
40.469
105.107
171.198
238.17000000000002
55.823
101.712
200.613
67.993
375.216
263.957
68.23
244.316
301.853
155.57500000000002
40.691
107.991
40.607
43.142
335.794
60.603
30.574
99.521
499.999
54.353
96.636
86.492
174.959
179.32
499.999
49.14
181.38
142.417
97.275
23.529
39.748
28.056
116.505
35.562
292.321
67.108
383.057
63.076
209.44
56.894
51.984
353.457
30.932000000000002
205.997
183.892
16.973
88.20100000000001
195.715
276.817
38.480000000000004
71.55
133.049
367.951
37.028
68.862
353.341
44.137
125.83800000000001
46.568
499.999
46.219
240.369
210.196
160.924
27.704
42.024
36.541000000000004
43.144
53.246
123.824
416.42900000000003
105.638
499.999
33.822
52.372
499.999
128.315
499.999
40.858000000000004
77.523
34.815
51.724000000000004
192.666
128.24
34.957
85.291
60.34
140.87
35.881
51.269
109.909
111.791
25.872
251.443
90.529
134.575
41.837
76.274
320.37
312.374
134.161
232.78900000000002
216.292
74.45100000000001
55.825
346.858
162.389
94.72500000000001
76.999
233.93800000000002
21.676000000000002
42.377
499.999
76.74
81.525
59.474000000000004
79.114
415.949
36.847
117.547
30.003
386.00100000000003
61.908
157.296
31.545
152.958
43.947
182.70000000000002
46.76
262.603
177.31900000000002
56.739000000000004
137.75900000000001
58.532000000000004
80.122
499.999
68.183
137.654
303.315
42.369
176.58700000000002
167.074
64.999
38.418
105.553
218.243
67.486
40.513
163.084
107.74600000000001
64.715
362.00100000000003
163.32500000000002
28.578
162.15
166.695
62.949
499.999
97.67
413.644
499.999
171.904
296.433
207.156
88.683
42.49
53.415
131.531
33.254
45.137
72.761
271.871
188.135
115.548
287.085
64.731
42.778
46.197
35.841
97.97800000000001
499.999
39.301
70.384
65.42
68.357
499.999
24.152
37.733000000000004
140.099
54.725
499.999
151.172
104.409
50.59
146.589
253.827
61.29
48.385
384.93
185.622
449.048
72.514
275.337
499.999
191.36
44.522
222.335
322.197
43.329
52.557
65.435
226.888
60.851
77.384
435.293
95.256
133.931
27.843
59.428000000000004
223.498
148.42600000000002
140.702
43.515
22.636
221.041
101.068
58.898
41.068
387.711
35.031
26.642
144.492
173.946
179.153
38.637
107.875
286.28000000000003
122.676
41.171
499.999
80.982
64.861
87.048
114.158
55.138
80.836
75.049
116.36800000000001
322.43
499.999
40.888
88.97800000000001
499.999
428.533
339.15500000000003
187.008
206.02700000000002
116.381
155.491
58.314
33.998
67.262
456.188
85.671
81.792
44.558
42.995
76.388
227.64000000000001
27.196
71.485
330.38
44.031
376.38100000000003
307.043
183.002
21.441
362.81100000000004
83.35300000000001
128.218
181.97
307.794
147.007
499.999
344.949
386.301
62.062000000000005
364.607
51.326
45.156
344.38800000000003
407.351
31.881
55.165
27.314
353.123
79.624
87.655
23.365000000000002
141.192
131.915
50.713
25.167
52.935
81.308
396.586
313.771
341.538
54.809000000000005
50.137
112.539
23.111
276.978
33.09
33.546
40.037
36.836
149.333
92.882
374.837
58.765
98.675
266.111
429.729
38.167
32.721000000000004
324.791
499.999
499.999
325.288
47.29
273.72700000000003
246.39000000000001
151.758
133.025
66.277
56.671
273.515
40.606
238.922
95.8
114.738
91.60000000000001
144.858
69.145
499.999
76.296
50.226
73.459
83.244
275.122
31.373
35.821
143.467
93.024
54.59
94.374
83.129
212.409
118.61
320.31
44.475
152.946
85.358
30.432000000000002
202.391
485.313
82.735
113.396
173.80100000000002
311.718
34.453
38.223
114.59
103.11800000000001
393.853
113.042
50.368
48.032000000000004
124.842
65.733
79.494
124.729
89.127
88.299
499.999
195.145
63.753
109.072
499.999
33.115
150.108
26.825
140.353
36.022
32.889
131.592
235.94
67.58800000000001
129.113
334.32800000000003
77.386
97.982
284.713
157.806
32.298
499.999
64.907
205.198
94.196
175.70000000000002
53.997
31.486
499.999
499.999
34.123
267.35200000000003
250.15
499.999
115.818
32.473
93.807
151.286
52.709
261.023
313.05
199.928
58.679
251.99800000000002
335.211
38.107
29.475
95.568
40.667
41.561
141.712
102.873
272.988
49.077
64.384
499.999
48.258
499.999
499.999
289.875
170.981
30.753
201.493
72.378
50.572
94.703
59.924
80.138
76.827
43.698
200.127
285.359
499.999
138.572
148.62800000000001
131.637
49.016
125.605
134.032
57.348
131.73
141.058
114.065
20.147000000000002
170.778
178.727
145.762
109.06
226.488
123.697
42.598
94.31
52.513
100.149
135.439
103.97
80.428
29.38
30.184
56.098
42.801
35.807
63.033
162.696
19.935
167.25300000000001
348.766
325.598
499.999
101.176
132.604
276.213
499.999
24.557000000000002
470.173
219.763
98.97800000000001
39.903
54.257
38.575
457.108
31.137
84.193
46.387
39.961
23.29
125.20400000000001
499.999
499.999
26.755
38.046
53.404
499.999
471.782
134.958
69.257
49.2
104.399
58.909
499.999
191.836
52.057
299.87
34.361000000000004
36.664
139.55100000000002
116.998
185.31300000000002
62.895
45.154
104.537
89.149
262.994
70.389
499.999
43.028
499.999
133.826
109.67
67.143
499.999
74.31700000000001
174.06300000000002
55.354
142.127
251.044
163.828
249.81900000000002
29.107
37.223
149.678
120.476
499.999
24.697
138.673
26.828
57.322
499.999
144.138
111.348
58.904
73.223
34.276
164.972
27.47
54.485
67.425
499.999
108.412
89.20400000000001
39.897
89.366
214.817
40.88
98.84
39.947
33.294000000000004
19.175
141.061
81.96600000000001
141.246
42.849000000000004
24.795
43.092
47.169000000000004
423.509
87.623
60.543
38.118
21.34
68.464
97.899
107.44
33.872
430.411
39.648
55.807
48.134
74.245
134.835
311.13800000000003
92.959
58.666000000000004
31.702
35.754
83.492
53.47
140.163
63.992000000000004
250.725
499.999
79.772
196.915
132.735
20.446
147.74
32.149
151.95600000000002
240.653
56.378
24.291
71.986
266.65500000000003
102.28
256.657
254.733
449.994
283.766
499.999
188.84900000000002
63.801
175.553
417.735
310.009
131.65800000000002
32.777
111.23
76.535
499.999
273.038
50.724000000000004
499.999
48.456
115.279
51.295
185.486
23.667
47.738
78.599
65.257
228.661
116.09700000000001
69.269
163.741
95.22
79.58
92.296
103.23100000000001
94.214
78.612
38.482
31.056
195.189
73.32000000000001
127.20400000000001
499.999
113.345
81.994
499.999
154.86
117.028
362.511
211.312
69.638
30.292
70.688
71.416
499.999
112.57900000000001
57.474000000000004
296.51800000000003
36.774
26.506
37.699
114.70400000000001
88.652
386.265
396.909
52.552
499.999
114.85600000000001
57.293
283.163
22.131
101.418
47.186
56.272
86.659
131.268
28.467000000000002
54.024
74.747
51.814
35.427
126.924
101.255
121.699
31.201
162.81900000000002
150.347
99.667
26.629
30.689
91.70700000000001
212.19400000000002
54.975
91.446
200.275
256.995
74.48
484.353
499.999
73.041
395.086
129.393
23.894000000000002
167.898
92.861
161.33100000000002
499.999
159.949
33.351
110.274
237.44
88.343
41.885
499.999
175.826
35.238
30.619
150.869
499.999
124.157
78.054
357.115
20.832
35.910000000000004
51.295
27.923000000000002
238.935
108.299
67.497
369.074
499.999
21.772000000000002
339.169
65.096
60.237
192.463
172.88
112.73100000000001
195.495
154.171
44.223
192.88400000000001
75.238
80.799
85.99
39.248
172.50900000000001
74.842
348.76300000000003
96.649
199.704
135.668
56.503
163.897
420.569
33.153
57.002
107.535
103.724
16.226
63.025
26.956
47.283
250.761
499.999
80.26
131.918
66.816
32.533
457.219
27.73
53.595
92.861
114.303
73.652
188.80700000000002
361.634
89.003
499.999
120.136
70.452
67.57600000000001
188.76500000000001
499.999
445.767
67.334
58.802
499.999
62.277
56.222
84.767
68.78
499.999
124.123
400.439
40.397
43.75
39.024
87.083
98.901
161.779
381.467
230.859
61.273
208.01500000000001
300.081
499.999
44.507
499.999
265.869
105.242
55.026
47.829
447.66700000000003
153.667
76.644
67.691
57.688
357.295
485.44800000000004
124.598
26.048000000000002
99.813
181.913
499.999
55.784
311.101
48.605000000000004
463.379
305.284
77.965
499.999
294.183
200.923
83.316
28.743000000000002
201.383
54.096000000000004
89.655
230.78900000000002
141.54
68.174
146.215
292.088
38.469
34.982
69.699
41.836
72.12
432.812
47.642
155.338
174.484
106.72200000000001
62.125
499.999
380.237
34.923
499.999
197.073
43.309
393.228
73.757
87.37
61.669000000000004
499.999
470.469
115.08800000000001
90.296
255.959
53.18
122.559
280.451
36.166000000000004
80.769
155.31900000000002
40.793
126.289
186.514
29.009
119.242
30.194
226.221
71.937
308.438
51.547000000000004
303.156
34.111000000000004
49.653
87.907
125.542
499.999
56.501
23.48
77.339
120.293
499.999
86.084
290.299
285.061
355.345
97.59100000000001
57.096000000000004
499.999
56.038000000000004
26.794
65.259
499.999
95.327
174.14000000000001
499.999
42.604
233.126
292.971
117.43
295.515
59.062000000000005
164.488
129.123
300.562
48.239000000000004
25.878
42.207
499.999
197.638
76.159
46.785000000000004
112.068
79.42
102.61200000000001
166.81900000000002
139.75900000000001
87.776
62.907000000000004
36.941
72.122
50.933
50.04
197.24
32.731
422.455
137.713
454.079
240.419
129.341
448.1
98.0
124.686
499.999
236.794
279.824
235.266
76.516
74.539
439.85900000000004
54.811
34.123
290.33
61.767
224.546
67.45100000000001
100.113
29.834
94.66
168.508
246.422
159.687
90.157
390.207
38.88
34.730000000000004
75.131
24.723
103.212
31.114
253.782
499.999
134.853
197.595
91.016
158.237
51.202
110.48700000000001
167.014
114.488
36.576
119.531
56.286
499.999
295.197
173.61
63.242000000000004
47.506
499.999
236.971
157.296
377.938
190.869
411.89
363.611
393.106
104.369
32.625
49.833
283.303
147.451
54.473
213.608
168.12800000000001
40.634
499.999
218.72400000000002
499.999
279.872
499.999
49.17
410.294
135.30700000000002
72.367
88.461
67.491
88.977
147.389
49.93
78.29
499.999
234.30100000000002
70.458
107.36800000000001
198.544
43.735
69.677
159.78
16.827
38.743
198.03900000000002
83.961
68.898
50.842
82.4
260.95300000000003
117.73400000000001
34.185
118.11800000000001
90.074
38.345
140.257
36.444
104.92
43.625
140.49
31.224
90.546
45.114000000000004
283.794
69.173
38.561
163.651
29.275000000000002
53.044000000000004
143.244
219.499
499.999
441.551
280.60200000000003
82.008
499.999
217.711
35.18
218.847
166.648
411.665
123.607
345.892
182.832
139.391
126.11500000000001
221.571
152.26500000000001
99.759
88.781
42.855000000000004
91.46000000000001
39.047000000000004
35.315
258.583
129.761
274.11
91.372
89.868
100.762
195.236
153.41
136.45
49.784
182.493
54.043
499.999
51.809000000000005
260.50600000000003
197.437
72.508
67.72200000000001
312.72700000000003
41.821
39.508
43.955
94.42
79.428
177.731
20.949
44.597
107.46900000000001
339.654
64.687
18.373
19.646
134.252
57.870000000000005
54.342
120.918
165.298
56.477000000000004
42.013
61.546
87.203
232.082
28.885
265.17
74.71900000000001
106.892
97.897
87.142
89.992
68.868
49.868
499.999
163.99
244.34
90.525
38.469
244.389
499.999
39.255
450.61
186.922
26.672
499.999
63.89
385.701
297.317
79.885
126.378
110.73
425.088
158.261
76.864
499.999
42.059
82.098
96.857
32.649
307.774
77.862
171.334
66.254
31.714000000000002
102.727
480.142
44.694
110.21900000000001
105.608
20.981
154.973
94.68900000000001
180.006
60.392
75.462
87.04
73.235
499.999
238.901
25.836000000000002
58.63
29.488
477.683
467.052
228.40200000000002
319.484
60.514
78.107
24.162
85.039
34.78
47.556000000000004
23.035
108.444
81.81700000000001
79.515
162.514
95.831
309.745
243.103
499.999
290.935
43.807
68.267
188.227
41.986000000000004
96.355
55.484
99.32000000000001
341.415
148.659
483.419
123.665
68.396
54.792
175.71800000000002
499.999
84.19200000000001
52.588
124.674
140.42000000000002
122.796
306.045
135.81300000000002
484.723
50.087
142.026
499.999
63.961
37.682
338.03700000000003
64.813
168.805
148.029
45.59
44.322
41.472
105.167
22.315
133.844
96.182
114.18900000000001
499.999
98.968
383.793
284.05
58.272
80.151
499.999
117.018
187.787
40.242
113.456
23.207
126.358
54.461
142.354
141.525
228.641
79.974
75.787
69.774
91.935
115.414
71.781
122.751
75.18900000000001
499.999
130.991
47.106
46.875
82.409
94.146
63.961
27.541
499.999
261.088
40.721000000000004
129.4
143.888
89.257
218.68
51.731
36.169000000000004
40.136
109.104
69.636
29.841
79.97
51.366
66.353
197.696
245.744
118.218
48.595
88.158
99.47800000000001
499.999
67.352
441.693
99.651
233.32
73.856
35.01
54.202
499.999
87.75
426.461
96.461
43.974000000000004
219.609
120.132
56.557
159.674
158.49
129.985
43.823
82.455
108.133
45.34
499.999
244.574
52.071
63.544000000000004
21.240000000000002
401.821
295.313
137.297
32.347
264.847
55.18
57.389
499.999
139.549
33.97
169.481
499.999
130.577
51.342
25.319
84.70400000000001
146.108
137.843
177.443
499.999
79.093
178.05100000000002
49.381
77.95100000000001
161.854
126.08800000000001
131.13
207.311
44.002
70.554
58.230000000000004
35.956
53.439
58.56
92.236
141.095
229.5
82.375
80.674
53.627
96.872
116.988
133.184
46.182
27.21
100.11500000000001
289.806
106.153
57.51
98.267
76.866
39.332
132.227
56.301
84.06700000000001
114.507
323.151
88.459
334.986
121.846
164.65800000000002
195.975
103.459
27.449
98.218
39.027
131.954
45.95
499.999
28.894000000000002
55.692
50.199
499.999
35.18
103.791
345.357
71.913
68.402
499.999
50.04
74.84700000000001
499.999
457.332
120.066
43.784
220.71200000000002
499.999
50.21
49.777
78.929
285.962
150.648
192.258
36.094
159.626
126.659
155.833
97.672
19.468
62.102000000000004
115.601
119.27
269.544
212.86100000000002
26.864
52.230000000000004
71.431
179.81900000000002
499.999
43.044000000000004
34.625
70.863
42.351
67.878
63.828
46.326
141.823
163.48
179.4
205.8
499.999
39.637
61.707
217.64000000000001
126.565
184.423
334.149
71.557
88.36
249.446
187.38400000000001
499.999
57.442
215.097
174.291
60.517
39.447
499.999
64.631
44.763
173.70600000000002
28.483
55.727000000000004
89.058
91.875
202.079
179.094
314.01800000000003
48.678000000000004
34.792
113.91
166.469
58.89
432.278
61.476
196.59
76.77
22.27
114.867
55.976
113.49900000000001
91.059
33.406
103.364
99.23100000000001
78.56400000000001
154.923
46.936
245.074
48.644
74.647
54.273
62.969
30.864
34.578
199.02100000000002
36.371
67.081
62.348
385.863
65.488
58.181000000000004
172.17600000000002
83.895
499.999
22.615000000000002
26.621000000000002
157.849
49.045
499.999
258.70300000000003
37.955
23.684
66.678
23.951
94.752
64.777
83.066
51.024
39.785000000000004
39.224000000000004
107.191
195.934
87.524
177.48
68.54
272.93
261.991
156.21
177.578
45.664
69.869
115.285
28.285
137.227
451.535
499.999
73.499
100.121
53.045
103.607
222.362
354.341
106.797
89.821
227.633
499.999
35.127
183.751
148.786
58.61
38.701
259.142
107.419
118.653
366.71500000000003
21.368000000000002
89.539
66.532
171.322
45.721000000000004
21.358
154.796
68.346
137.117
94.126
41.842
80.362
83.276
57.269
30.96
158.787
337.87600000000003
21.359
401.50600000000003
45.934
73.905
74.776
51.984
214.915
183.38
89.97500000000001
104.212
108.793
34.613
92.37
40.474000000000004
60.495000000000005
36.306
386.007
24.537
499.999
95.696
183.885
499.999
114.705
66.504
113.82900000000001
133.781
459.608
77.069
63.646
499.999
56.244
378.35
94.366
128.447
65.44500000000001
499.999
229.458
436.383
151.03
62.423
37.36
26.036
61.725
23.98
368.463
80.873
106.327
499.999
39.265
499.999
66.43
164.433
431.442
499.999
58.727000000000004
112.32600000000001
114.331
50.338
386.113
499.999
53.583
89.319
106.369
62.865
47.975
41.639
170.613
125.824
49.457
29.629
50.849000000000004
202.374
101.029
122.023
250.054
90.264
31.098
275.671
39.675000000000004
499.999
41.504
60.887
90.45400000000001
115.563
24.809
113.658
43.9
402.681
407.158
207.948
86.21600000000001
152.913
104.651
68.619
253.416
138.418
436.543
100.739
35.111000000000004
31.747
327.035
63.681000000000004
499.999
148.233
50.359
155.506
68.402
134.03900000000002
499.999
46.094
323.199
98.071
499.999
57.145
228.45600000000002
106.07900000000001
27.453
40.667
20.740000000000002
145.372
64.022
34.057
116.032
63.054
82.492
28.888
142.505
42.634
115.684
430.038
211.947
499.999
185.894
47.988
91.081
54.798
139.052
131.66
45.165
35.492
295.481
58.966
68.191
363.245
193.782
199.499
23.543
255.24
69.756
176.48
499.999
67.786
102.23100000000001
32.647
94.313
499.999
138.985
154.207
131.619
155.875
341.813
337.29
499.999
209.348
87.902
48.972
219.169
100.133
76.477
36.342
86.093
168.429
49.5
48.322
496.123
74.038
120.069
311.124
499.999
46.039
70.013
329.40000000000003
46.651
48.675000000000004
62.317
84.49
48.541000000000004
58.293
212.197
33.536
234.294
499.999
53.269
132.941
54.594
53.746
41.372
108.974
67.82900000000001
179.214
154.298
52.873
46.471000000000004
238.098
144.567
70.792
70.309
143.013
34.688
459.32
167.382
37.186
62.594
60.277
131.09
91.881
117.916
273.127
46.809
285.949
149.275
29.0
274.575
105.985
34.632
78.22500000000001
198.63400000000001
429.72700000000003
309.696
33.198
499.999
28.724
111.9
140.214
56.982
158.181
309.874
17.809
287.302
260.218
61.489000000000004
386.418
62.601
19.236
331.735
56.463
424.676
49.054
31.302
36.013
499.999
81.667
65.794
75.419
102.816
53.978
31.549
28.644000000000002
499.999
309.90500000000003
40.025
499.999
40.347
221.345
93.473
66.107
87.971
349.642
61.370000000000005
117.676
461.923
499.999
37.551
88.577
52.537
195.167
46.902
261.208
55.239000000000004
499.999
136.755
145.641
499.999
38.667
43.205
105.636
41.418
44.183
50.284
30.215
79.83200000000001
25.676000000000002
499.999
261.907
100.84100000000001
61.223
96.254
245.869
71.53
85.368
46.004
42.892
220.342
207.80100000000002
122.342
109.148
189.811
50.393
37.64
288.838
192.085
74.007
53.932
78.559
57.288000000000004
40.337
40.686
414.036
112.129
87.867
36.286
74.322
185.77700000000002
182.22400000000002
143.832
90.32300000000001
99.21600000000001
449.646
178.535
330.075
175.246
90.95700000000001
32.454
200.054
76.06
499.999
465.127
77.368
113.19800000000001
66.616
126.059
40.226
33.551
102.387
93.889
383.642
172.841
30.976
169.184
111.809
499.999
37.336
108.345
46.067
139.666
42.157000000000004
27.424
112.866
129.538
359.986
230.835
120.828
43.29
43.304
499.999
259.807
99.374
72.967
96.473
18.2
153.415
79.008
106.304
176.86
469.902
62.472
129.12800000000001
61.023
25.681
75.759
54.116
45.372
31.601
34.952
63.323
49.13
104.205
154.776
378.93
34.56
108.774
484.372
78.102
490.49
29.996000000000002
94.617
48.914
206.148
57.273
41.608000000000004
95.925
403.269
386.913
79.218
54.466
63.45
72.70700000000001
58.681000000000004
58.058
270.169
31.579
71.514
22.47
389.92400000000004
41.622
103.471
115.321
63.869
499.999
65.822
139.001
143.493
124.834
82.778
43.185
116.71000000000001
77.776
118.569
173.679
44.366
28.969
59.462
32.558
166.559
310.19100000000003
103.529
35.437
33.39
68.008
280.629
108.69
81.746
64.431
222.89600000000002
40.279
48.779
59.461
499.999
499.999
197.53
77.561
157.121
68.782
127.434
193.169
43.666000000000004
499.999
102.08500000000001
41.191
32.389
180.352
229.1
133.538
225.464
135.46
499.999
94.07900000000001
259.253
146.665
113.028
275.007
100.156
105.518
118.56400000000001
42.92
499.999
450.933
391.355
53.144
223.132
46.488
499.999
129.864
87.971
412.445
51.353
30.168
333.046
59.563
346.26300000000003
104.386
499.999
64.288
105.354
42.104
499.999
29.014
145.076
147.31
499.999
234.51
37.965
330.311
359.098
499.999
94.402
51.847
499.999
40.161
202.52100000000002
75.619
40.89
180.485
203.532
52.839
103.246
35.003
294.372
353.282
117.495
152.421
79.022
499.999
429.341
499.999
98.678
477.38300000000004
171.22
93.842
50.858000000000004
298.87
43.034
188.68200000000002
82.903
90.452
117.539
38.278
124.709
117.287
214.32500000000002
499.999
117.515
43.582
54.743
400.79
97.505
51.053000000000004
353.959
222.07
39.876
242.862
50.297000000000004
499.999
120.955
57.368
63.047000000000004
50.777
90.303
350.48900000000003
36.115
75.84700000000001
105.142
86.802
241.50300000000001
87.723
72.206
137.31300000000002
57.062000000000005
200.429
69.11
213.574
499.999
54.83
112.571
99.058
173.427
202.879
60.327
73.46900000000001
40.181
150.928
316.0
168.81
55.498000000000005
499.999
172.138
82.428
67.276
81.712
29.366
164.606
417.208
232.727
362.914
252.614
84.114
40.787
35.983000000000004
33.214
499.999
341.057
319.326
280.097
43.51
259.914
67.902
76.88
431.08
265.267
26.212
141.087
33.072
133.26500000000001
79.526
59.362
63.771
143.144
47.433
65.824
34.629
499.999
379.692
85.892
213.026
109.959
79.727
154.757
236.279
425.946
41.626
70.036
33.784
94.934
222.392
124.49600000000001
138.465
101.004
52.414
109.824
49.237
69.565
270.394
84.113
72.933
34.675000000000004
171.312
350.212
104.718
44.21
98.271
40.243
241.535
364.264
19.207
47.432
153.16400000000002
37.507
19.383
104.574
51.859
52.275
212.656
148.381
109.449
54.251
123.63000000000001
48.312
50.216
499.999
58.157000000000004
80.251
424.594
168.107
357.673
74.571
47.221000000000004
51.799
44.754
28.310000000000002
266.432
66.258
84.933
110.137
67.279
343.76800000000003
44.253
362.495
73.051
417.83500000000004
91.346
126.642
121.444
49.68
499.999
66.157
94.993
75.985
48.638
149.497
147.449
160.526
20.618000000000002
95.272
25.384
29.191
151.302
75.395
40.182
41.717
40.107
161.428
261.755
135.407
83.46600000000001
83.94800000000001
451.874
173.136
32.616
499.999
81.247
55.94
124.889
118.148
499.999
276.147
406.205
393.745
130.196
74.856
425.88
499.999
257.6
273.372
497.861
327.064
131.042
142.69400000000002
105.85900000000001
122.88
54.771
72.5
89.283
385.6
236.839
268.891
394.956
41.67
193.882
50.958
107.739
49.884
91.259
54.688
62.594
21.355
269.532
39.366
74.654
69.755
223.8
110.84100000000001
60.52
96.262
203.12800000000001
270.03000000000003
16.902
210.103
292.337
340.395
43.063
89.282
51.004
37.765
35.300000000000004
199.074
330.461
55.86
46.861000000000004
42.507
66.424
44.757
22.422
44.651
38.923
85.98100000000001
274.522
248.61700000000002
32.877
123.36500000000001
499.999
99.48
65.914
252.394
36.86
148.61
102.514
239.761
31.984
51.259
42.32
97.542
168.27
35.919000000000004
288.184
193.214
499.999
198.068
53.267
55.822
66.224
197.95600000000002
55.035000000000004
130.623
93.473
142.53300000000002
183.59300000000002
126.717
38.537
499.999
175.519
49.34
67.554
297.94100000000003
499.999
113.138
94.256
54.174
121.20100000000001
70.682
63.38
78.374
120.014
78.622
59.43
221.707
69.008
169.91400000000002
47.681000000000004
69.165
36.833
61.667
38.024
95.924
32.867
454.999
494.845
34.649
499.999
46.315
75.879
266.508
499.999
143.428
36.173
499.999
60.201
101.537
58.436
160.181
253.101
167.04500000000002
53.823
47.077
267.084
34.663000000000004
26.816
92.608
499.999
206.779
40.935
483.247
80.06700000000001
66.056
308.277
29.013
235.632
31.79
134.654
30.079
304.366
192.615
45.708
194.893
48.427
79.105
39.432
72.021
42.449
104.901
205.107
123.911
499.999
252.11100000000002
33.576
38.122
211.274
499.999
382.528
344.219
40.312
103.256
162.67600000000002
499.999
55.897
100.979
141.17000000000002
74.854
44.881
36.204
158.105
499.999
251.749
37.163000000000004
267.051
88.768
203.446
258.912
80.10600000000001
89.206
499.999
51.5
96.936
101.483
191.133
499.999
44.357
188.802
241.203
64.185
55.392
64.825
46.578
259.943
53.622
33.249
38.592
154.168
211.245
183.04
20.565
161.352
139.565
23.704
42.775
83.748
37.721000000000004
367.415
42.759
216.823
37.389
49.524
132.745
88.636
31.512
499.999
88.789
41.478
204.144
22.852
26.096
41.552
283.448
43.258
113.242
96.551
87.009
234.54
78.028
237.21800000000002
63.058
119.854
45.052
171.933
499.999
52.209
240.784
119.462
194.157
150.219
59.870000000000005
173.607
51.85
87.507
78.307
62.024
219.832
368.8
40.388
193.726
59.936
46.192
114.019
64.311
165.111
295.023
28.63
100.72500000000001
124.632
44.565
88.59400000000001
62.555
35.334
58.295
86.27
52.543
34.230000000000004
94.075
51.2
20.696
46.719
23.002
191.81300000000002
259.325
215.725
70.828
81.862
140.171
125.912
45.508
17.103
135.381
134.264
112.57600000000001
201.324
409.973
39.955
499.999
256.392
158.68
186.608
23.722
240.469
141.611
36.976
84.252
146.639
55.105000000000004
84.676
188.81300000000002
263.661
82.3
270.047
153.722
411.516
41.693
100.97800000000001
55.614000000000004
72.27
35.749
92.931
307.161
119.254
159.26
132.16
128.792
47.264
57.349000000000004
93.389
351.915
236.483
499.999
311.65000000000003
499.999
80.321
499.999
59.868
105.529
135.642
260.833
174.903
99.446
119.639
94.515
35.52
108.925
263.624
150.138
373.564
200.19
93.271
338.53000000000003
147.052
50.697
219.529
448.896
114.525
27.948
155.37
279.935
55.079
146.697
103.742
335.28700000000003
467.85200000000003
38.627
154.963
45.089
358.315
103.59
47.18
49.413000000000004
97.675
72.973
132.725
300.793
406.354
29.403000000000002
42.968
50.263
39.805
45.848
103.319
118.38
39.883
63.465
265.379
284.91700000000003
393.523
63.811
374.258
69.255
75.537
61.531
135.177
26.393
35.92
66.316
28.984
51.806000000000004
317.789
35.488
49.348
499.999
29.922
28.962
499.999
46.776
36.904
74.021
186.657
30.71
55.829
59.022
260.055
499.999
401.291
33.287
39.925000000000004
148.413
39.878
111.84
48.431000000000004
111.255
116.523
144.484
154.70600000000002
251.31
40.142
58.418
39.853
292.758
28.582
499.999
38.292
324.964
156.427
158.757
70.682
231.167
499.999
41.833
76.842
45.242000000000004
262.443
357.577
31.489
52.335
339.611
106.60300000000001
126.07000000000001
56.438
115.96600000000001
60.087
72.736
57.304
499.999
254.215
237.97
156.099
151.603
26.84
122.58200000000001
408.738
499.999
52.682
499.999
199.442
336.382
55.139
97.046
405.737
45.695
43.04
81.144
44.182
67.252
206.21200000000002
118.918
37.152
31.883
48.491
75.517
210.482
153.614
34.923
499.999
48.285000000000004
499.999
42.269
69.356
59.194
36.846000000000004
56.483000000000004
101.909
33.502
86.453
127.93
47.102000000000004
73.411
499.999
138.982
30.947
141.108
499.999
56.483000000000004
19.31
285.099
64.428
95.94200000000001
305.608
39.952
114.72200000000001
82.68900000000001
76.188
177.90200000000002
148.90200000000002
67.24
162.711
99.285
90.684
157.38400000000001
155.095
92.553
233.304
63.779
110.818
92.962
147.171
252.036
194.677
340.284
89.683
312.449
197.67000000000002
228.87300000000002
499.999
151.15
25.805
84.596
499.999
71.536
271.60200000000003
75.918
46.548
123.041
110.879
415.51800000000003
96.255
138.673
381.65000000000003
344.52500000000003
404.372
32.631
32.596000000000004
112.631
180.946
127.349
230.144
144.217
106.903
257.625
37.026
196.555
159.12800000000001
180.365
19.978
125.44500000000001
172.858
125.99900000000001
387.907
116.19200000000001
355.75600000000003
343.88
403.517
282.767
159.044
151.656
50.623
182.773
34.862
439.175
376.726
367.168
77.703
241.169
58.525
49.401
70.902
26.944
154.001
106.31
266.142
131.371
64.29
42.255
432.782
60.731
40.863
170.83
313.261
138.668
307.055
180.999
499.999
68.543
93.256
145.489
22.452
128.976
129.81900000000002
499.999
76.632
34.014
55.99
387.488
62.994
74.822
67.896
101.712
68.379
186.44
119.12
28.616
61.605000000000004
274.394
54.68
53.261
36.72
144.959
21.415
295.519
141.376
153.112
37.741
79.121
77.184
157.443
499.999
138.091
64.894
43.956
44.193
314.019
177.711
59.4
125.507
61.734
62.874
29.716
43.192
118.34
160.512
87.56700000000001
105.598
245.516
115.065
126.518
159.741
30.12
201.249
200.844
111.555
164.404
60.946
90.477
94.918
499.999
444.467
499.999
79.239
102.944
36.548
26.047
82.176
111.158
133.213
55.432
198.43800000000002
141.077
59.446
139.79
172.447
297.964
22.81
36.972
161.096
117.919
58.476
46.327
81.47200000000001
52.059000000000005
79.274
45.867000000000004
58.653
362.397
204.45600000000002
258.201
29.246000000000002
237.824
122.62100000000001
142.24
116.58200000000001
250.049
89.471
132.257
31.232
299.125
110.21600000000001
147.398
310.847
499.999
127.333
499.999
63.589
120.42
38.02
69.239
499.999
54.612
63.385
407.748
499.999
91.634
82.686
499.999
25.838
35.967
304.373
274.97700000000003
335.047
27.034
196.556
139.641
379.119
54.678000000000004
153.518
197.317
37.947
85.83200000000001
79.355
76.683
39.382
192.741
59.613
81.922
70.065
288.257
73.889
43.534
499.999
278.432
112.89
267.026
243.898
479.995
77.34700000000001
275.23900000000003
51.67
499.999
121.174
60.789
63.971000000000004
88.486
111.272
47.958
68.109
271.656
261.76
120.846
70.292
97.726
53.291000000000004
413.265
56.056000000000004
36.588
81.688
79.44800000000001
178.131
41.643
44.76
333.75600000000003
61.919000000000004
38.978
242.439
82.639
68.943
44.113
499.999
156.73
141.549
63.375
27.157
21.467
61.835
51.023
85.006
47.202
83.44
90.565
168.969
29.463
63.047000000000004
57.482
132.812
56.427
143.323
39.309
499.999
489.85900000000004
77.997
38.204
32.129
80.568
38.341
499.999
67.303
267.525
125.66
73.396
499.999
90.221
209.026
20.494
44.148
66.234
102.935
101.056
119.334
128.126
107.599
302.007
499.999
108.796
274.048
26.813
61.026
70.184
64.321
42.734
169.87
38.826
46.997
373.57800000000003
28.399
85.113
499.999
167.566
165.412
203.91
152.14000000000001
88.514
17.372
224.21800000000002
122.546
61.156
72.84100000000001
101.282
41.308
59.423
68.944
208.06900000000002
261.419
166.751
45.625
499.999
177.8
122.446
98.09400000000001
52.936
89.97200000000001
198.653
93.138
44.799
217.737
25.158
69.874
35.301
499.999
84.73100000000001
35.382
24.091
36.366
301.973
42.667
35.506
78.516
56.854
89.69500000000001
499.999
76.965
252.403
68.023
77.742
479.73
74.46300000000001
39.982
128.971
246.858
27.310000000000002
41.742
29.637
258.208
355.64300000000003
47.668
61.122
172.02100000000002
118.158
37.446
67.813
247.78900000000002
32.499
60.737
70.38
220.683
67.28
26.885
42.402
91.302
435.247
201.27700000000002
121.008
442.505
51.654
141.144
215.745
170.683
89.571
50.079
72.79
499.999
103.651
182.848
349.63800000000003
149.494
200.361
228.877
112.867
145.651
62.120000000000005
119.536
275.577
99.98100000000001
46.916000000000004
273.915
74.715
79.22
40.273
24.107
84.394
281.916
282.445
62.397
48.614000000000004
34.106
57.546
58.7
54.149
50.198
216.18800000000002
108.627
111.138
52.632
257.577
403.024
290.772
37.252
34.961
499.999
91.31
267.524
45.645
153.137
45.029
70.147
40.202
48.636
221.52700000000002
129.645
308.741
101.383
48.536
64.608
321.419
332.603
247.073
54.426
113.544
51.321
33.026
77.602
72.232
19.813
105.486
367.862
42.418
374.581
148.957
136.83
130.04500000000002
77.23
54.186
44.716
39.052
162.109
165.02100000000002
62.304
41.877
28.473
318.857
372.326
184.233
499.999
143.953
47.164
30.441
264.625
286.1
22.704
243.68800000000002
21.471
25.324
157.816
55.659
27.586000000000002
32.704
31.842000000000002
52.173
94.061
242.007
103.7
159.387
499.999
43.277
499.999
59.632
123.58800000000001
43.821
66.421
119.73
235.97
92.19500000000001
38.465
140.582
141.708
52.742000000000004
150.37800000000001
499.999
53.371
336.28700000000003
499.999
62.487
53.915
110.49300000000001
151.657
38.33
62.532000000000004
50.494
499.999
218.873
219.689
44.878
38.19
39.542
358.084
63.164
92.046
72.717
363.499
140.999
43.449
299.129
82.83
499.999
42.028
477.541
55.821
60.582
48.82
22.323
93.81
71.36
193.464
499.999
55.933
41.088
83.988
52.536
179.923
121.93
32.147
327.656
24.958000000000002
24.955000000000002
499.999
66.892
65.714
319.371
101.766
145.517
499.999
132.98
29.045
164.127
31.098
50.439
411.121
338.779
70.525
499.999
100.45
31.909
40.539
318.046
47.132
220.50900000000001
499.999
158.525
53.599000000000004
138.251
148.477
35.473
226.395
148.264
84.515
151.949
41.574
153.428
263.879
142.303
97.608
179.484
35.628
45.861000000000004
101.561
126.268
120.24300000000001
25.706
499.999
35.76
32.959
45.901
46.127
46.044000000000004
173.21800000000002
89.766
89.822
63.762
59.636
111.23700000000001
74.235
67.827
74.589
118.896
61.72
86.25
53.925000000000004
37.038000000000004
43.807
204.532
58.736000000000004
54.118
181.715
28.934
248.55100000000002
235.71800000000002
210.94400000000002
49.723
78.367
77.575
43.208
65.494
61.408
52.395
158.683
38.745
53.829
229.504
107.617
45.831
35.054
26.546
105.657
499.999
63.492000000000004
73.118
114.148
129.315
81.678
45.9
100.789
97.39
111.01
99.374
165.879
252.572
499.999
185.43200000000002
499.999
22.354
499.999
97.144
499.999
363.18
116.73
49.092
471.144
118.043
287.466
94.496
102.824
28.768
187.775
499.999
328.55
177.29
97.61200000000001
75.543
361.617
49.843
394.113
117.133
20.473
158.123
116.311
154.894
131.924
36.897
167.28900000000002
296.491
32.71
51.823
499.999
43.456
181.965
79.917
75.70400000000001
27.261
91.779
47.147
359.59000000000003
108.807
56.243
52.609
67.868
103.261
77.558
325.659
281.40000000000003
499.999
46.617000000000004
212.483
143.387
136.457
100.718
88.616
24.27
52.056000000000004
499.999
499.999
48.075
499.999
274.707
72.048
499.999
233.449
31.327
40.68
499.999
376.06100000000004
246.928
197.198
76.711
141.742
296.785
254.615
196.632
195.322
180.208
45.527
347.865
45.048
46.771
82.768
499.999
78.072
82.636
252.429
42.356
146.373
87.53
110.095
68.324
499.999
61.326
65.488
34.683
268.35200000000003
119.12
47.528
244.99800000000002
259.2
84.998
50.362
103.761
143.47
157.786
31.856
317.903
33.792
251.829
45.348
163.193
375.137
97.012
114.619
82.282
56.875
81.94800000000001
241.18
45.235
46.875
57.731
316.732
38.691
154.726
23.331
255.667
52.127
122.69200000000001
499.999
83.17
33.006
184.785
130.832
72.145
116.506
90.507
83.024
43.727000000000004
499.999
201.951
37.666000000000004
65.733
382.611
87.161
115.051
51.003
31.655
99.982
272.13800000000003
109.789
499.999
69.922
235.534
279.234
246.526
52.602000000000004
55.114000000000004
60.996
25.154
379.093
31.473
499.999
59.806000000000004
136.863
104.235
335.653
65.157
82.089
238.81300000000002
34.691
141.782
69.687
61.757
238.644
47.013
44.258
91.443
26.932000000000002
238.381
203.788
282.372
182.07
289.16700000000003
84.539
86.545
154.863
24.482
117.677
209.773
38.459
54.371
85.47800000000001
195.208
61.564
174.304
24.869
499.999
88.446
42.699
50.552
499.999
78.349
301.217
148.174
271.21
35.82
71.82900000000001
246.01000000000002
81.83500000000001
46.92
350.052
499.999
63.985
57.818
48.463
33.422000000000004
87.27
57.841
191.871
49.363
270.886
40.081
71.474
152.727
120.687
133.231
26.713
44.718
100.077
247.406
121.97800000000001
136.614
69.97200000000001
80.21900000000001
154.48
332.733
298.493
73.06700000000001
76.128
21.408
48.288000000000004
155.501
68.065
120.84
98.033
46.298
296.96
499.999
39.094
314.061
61.79
499.999
499.999
107.361
499.999
49.582
104.309
33.955
150.597
499.999
55.63
58.968
39.157000000000004
70.407
88.712
77.394
350.835
100.524
499.999
221.696
127.266
499.999
243.293
173.136
499.999
59.705
68.129
56.649
33.774
43.012
114.703
333.216
58.339
46.277
111.20700000000001
139.31
55.034
130.895
81.236
87.58200000000001
43.123
157.329
428.451
497.014
60.281
29.585
190.567
44.341
34.615
232.477
84.15
189.63
60.226
37.04
225.57
241.47400000000002
87.95700000000001
224.558
53.792
87.732
118.186
33.638
58.004
181.328
295.949
299.433
48.845
211.643
61.67
49.343
230.636
87.434
400.093
467.245
427.474
118.767
74.02
52.131
258.369
50.597
499.999
70.648
91.23400000000001
44.075
129.796
88.313
68.507
35.842
229.041
93.087
108.627
15.805
76.665
279.12
109.398
38.436
47.22
248.403
159.35
89.799
174.168
29.863
79.87
238.225
35.229
208.50900000000001
49.811
227.684
152.083
187.133
264.825
41.161
114.94200000000001
147.586
39.926
138.817
221.264
246.126
254.768
150.92000000000002
356.497
95.638
53.758
154.72
99.16
499.999
242.344
215.984
69.593
79.045
384.515
113.35000000000001
61.011
144.371
34.034
499.999
247.13500000000002
99.188
79.885
65.858
71.555
68.3
78.223
102.22200000000001
459.863
64.228
262.112
152.23
496.745
69.254
26.791
28.607
438.40000000000003
77.075
54.056000000000004
76.074
499.999
33.681
36.625
499.999
224.585
205.154
257.168
50.787
74.152
121.57900000000001
49.612
100.376
111.587
141.637
65.051
85.687
125.153
76.337
56.769
236.417
29.976
300.5
52.266
396.54200000000003
62.833
120.462
157.76500000000001
278.848
499.999
35.58
21.221
96.289
56.484
316.213
499.999
37.518
73.516
93.321
77.681
186.495
86.302
64.755
84.001
33.299
40.129
56.561
40.885
36.545
264.248
198.493
54.272
238.23000000000002
44.651
45.15
440.01300000000003
499.999
345.987
217.102
108.75
73.455
45.954
108.534
267.076
198.766
74.976
37.507
152.09
55.077
180.543
235.10500000000002
51.337
499.999
68.586
355.625
499.999
33.97
81.126
166.993
48.477000000000004
30.775000000000002
161.379
112.49600000000001
65.574
256.504
217.584
28.837
80.543
95.828
247.582
61.706
376.029
229.574
176.3
217.044
204.392
200.145
125.777
60.931000000000004
275.676
59.505
272.91700000000003
201.31
499.999
132.302
107.406
172.179
58.684000000000005
55.342
37.691
299.976
499.999
88.058
34.716
499.999
37.058
56.139
85.148
167.165
241.954
179.77700000000002
31.638
167.424
499.999
80.611
172.282
160.568
23.029
210.96200000000002
30.888
93.31
51.374
177.98
80.60300000000001
36.277
83.683
115.596
158.555
144.532
37.627
146.274
97.891
44.036
55.602000000000004
39.298
32.104
89.399
259.576
288.51300000000003
59.921
94.266
64.66
53.35
34.21
99.194
178.51
32.624
63.129
84.537
418.47
48.501
42.571
31.697
68.033
47.644
98.464
68.261
239.78900000000002
132.624
19.374
45.477000000000004
151.114
88.171
28.374000000000002
67.851
45.121
141.082
60.738
80.171
66.258
161.019
181.464
112.334
317.791
67.988
76.554
24.831
165.102
49.407000000000004
59.45
280.323
499.999
124.184
41.226
35.746
451.158
105.339
366.452
125.041
34.083
499.999
46.996
129.424
150.222
117.964
35.313
209.311
31.471
40.913000000000004
499.999
226.73600000000002
58.11
184.911
98.14
269.213
100.74000000000001
418.107
42.041000000000004
44.976
64.595
50.056000000000004
215.136
69.756
147.145
46.484
192.743
44.491
60.808
499.999
18.98
253.566
66.914
125.516
142.309
192.34300000000002
123.152
319.629
45.253
209.058
156.605
68.95400000000001
57.842
65.975
169.028
30.669
91.767
45.577
198.58700000000002
499.999
58.176
37.305
264.841
109.252
44.751
499.999
78.374
198.975
499.999
148.53300000000002
87.403
45.47
50.547000000000004
152.779
126.931
36.114
113.299
499.999
74.16
121.63
135.886
182.303
54.744
195.29500000000002
135.619
23.429000000000002
37.684
128.197
45.912
46.128
499.999
151.535
154.22
409.107
88.616
285.208
211.41400000000002
33.504
221.972
84.35000000000001
44.512
100.31700000000001
218.895
38.824
99.774
76.56700000000001
499.999
364.913
180.143
499.999
99.812
91.172
170.064
35.966
92.152
95.559
53.787
251.949
390.046
51.219
225.131
478.576
49.028
254.371
31.604
82.433
168.406
102.0
38.543
39.236000000000004
89.114
144.294
83.45700000000001
49.685
201.219
88.65
60.186
48.023
97.425
43.558
100.44800000000001
499.999
212.909
169.267
56.160000000000004
229.241
63.701
47.487
106.664
499.999
179.736
92.363
177.116
49.972
178.445
76.258
136.32
159.291
499.999
348.982
499.999
73.53
88.238
295.558
71.646
377.378
137.816
65.643
66.389
60.148
33.891
56.048
49.917
55.614000000000004
164.445
202.741
499.999
21.815
177.205
103.477
70.453
89.083
135.788
499.999
341.347
154.209
54.614000000000004
280.96
326.05
174.725
80.417
42.755
43.418
20.198
102.756
499.999
103.925
122.86200000000001
292.748
110.885
42.526
23.282
70.987
179.268
83.786
61.521
322.222
130.697
23.369
79.276
63.638
258.092
232.661
493.617
32.773
179.40800000000002
38.325
499.999
409.788
244.31
344.517
59.238
224.67600000000002
258.151
116.465
34.638
50.672000000000004
130.973
45.582
241.30100000000002
499.999
284.372
198.774
490.35900000000004
150.663
91.615
88.153
127.034
71.706
39.396
71.172
148.586
178.153
65.648
499.999
78.086
85.522
499.999
168.982
34.251
248.37900000000002
175.95000000000002
32.738
41.591
180.235
78.487
21.769000000000002
117.896
95.296
381.82800000000003
66.13
145.293
208.348
69.632
44.54
390.552
24.177
54.35
136.083
234.58
53.181000000000004
66.888
33.11
31.278000000000002
57.389
43.108000000000004
146.028
499.999
34.291000000000004
45.913000000000004
73.21000000000001
53.667
54.339
499.999
264.41
113.09100000000001
229.781
32.743
206.169
56.814
70.413
54.183
115.96900000000001
392.721
212.364
499.999
108.324
51.375
32.075
44.548
97.513
217.15
53.118
47.441
124.616
22.239
30.830000000000002
81.248
26.129
45.449
99.494
37.064
152.437
84.387
118.793
38.024
96.483
82.751
97.45100000000001
144.023
365.994
104.125
499.999
350.918
193.02100000000002
53.341
135.797
87.842
140.29500000000002
321.821
34.583
37.955
86.874
130.281
57.296
499.999
138.387
95.301
129.375
293.644
21.772000000000002
167.316
89.194
130.51500000000001
96.403
47.556000000000004
266.842
33.74
54.549
98.269
120.0
499.999
499.999
76.627
45.538000000000004
355.585
51.694
159.519
31.687
238.923
31.986
82.607
499.999
165.254
58.032000000000004
186.30700000000002
499.999
499.999
77.413
56.307
444.771
211.421
221.794
128.707
81.283
62.047000000000004
331.76
482.122
117.833
97.918
49.973
499.999
115.687
85.217
58.856
52.678000000000004
225.263
73.424
69.575
499.999
51.258
153.314
64.174
96.627
151.57
499.999
94.257
140.486
47.108000000000004
66.234
310.334
41.552
149.451
90.747
63.828
178.08700000000002
64.61
404.824
88.822
113.58800000000001
122.546
43.823
312.695
213.785
54.031
52.359
215.66
129.774
72.544
57.852000000000004
90.85300000000001
372.244
499.999
18.626
46.6
59.846000000000004
46.062
151.17600000000002
50.255
25.221
97.113
155.49
205.924
91.485
30.896
43.668
28.294
79.39
128.825
312.839
499.999
270.519
466.747
162.517
499.999
32.584
499.999
430.576
63.02
53.6
79.298
56.29
42.559
40.847
75.908
59.832
131.538
50.433
185.873
70.598
275.482
43.036
122.062
43.154
99.0
357.934
138.332
80.831
101.214
66.302
143.505
51.934000000000005
44.896
155.745
69.912
60.535000000000004
26.628
28.706
44.969
201.09900000000002
282.324
60.865
98.313
148.173
33.063
90.779
106.34
84.471
28.17
353.443
74.645
118.709
98.005
91.307
499.999
37.122
99.664
89.155
499.999
46.397
159.32500000000002
227.243
499.999
74.782
141.118
159.814
228.74200000000002
54.045
90.971
145.525
499.999
90.768
69.4
197.526
40.393
49.174
102.065
147.62800000000001
326.841
39.731
30.676000000000002
73.47500000000001
33.8
100.928
32.507
281.217
499.999
499.999
130.882
130.641
94.277
32.228
38.307
92.83800000000001
111.018
155.401
160.95600000000002
122.274
135.80100000000002
116.162
52.74
162.049
499.999
32.747
150.763
83.997
78.604
499.999
123.541
74.458
73.645
229.129
281.01800000000003
65.518
28.877
499.999
34.895
142.88
470.616
22.93
66.529
51.726
105.95400000000001
41.365
262.395
43.338
57.349000000000004
61.631
133.898
36.96
48.072
220.952
42.403
438.266
60.154
163.567
52.928000000000004
172.296
89.9
44.384
489.553
110.664
135.943
263.036
129.56900000000002
59.0
65.345
30.877
70.918
152.39000000000001
101.709
499.999
333.615
32.129
144.562
48.002
31.759
31.404
499.999
114.081
39.836
137.666
100.392
431.192
51.131
55.649
46.348
298.448
21.551000000000002
56.93
92.702
223.06
42.522
43.550000000000004
75.032
82.441
53.174
175.495
24.052
33.082
55.283
206.181
85.946
47.595
399.521
375.148
36.808
41.326
181.274
80.697
80.501
486.842
367.40500000000003
68.096
426.284
78.68
26.561
51.317
45.102000000000004
82.288
42.730000000000004
164.363
101.95400000000001
499.999
35.397
71.882
108.10600000000001
436.463
35.611000000000004
57.53
179.169
52.08
232.084
25.636
214.761
43.811
199.454
126.19800000000001
405.237
40.67
34.328
49.405
121.812
47.392
30.212
90.34100000000001
32.326
63.689
183.078
499.999
71.937
234.644
159.67000000000002
44.824
30.423000000000002
24.265
60.388
20.247
38.054
186.185
448.356
29.906000000000002
167.735
45.174
29.293
458.25
105.723
337.1
134.339
59.381
25.752
31.286
139.282
55.063
135.151
151.508
162.481
215.508
499.999
336.293
112.917
106.691
38.403
192.975
22.276
236.595
43.319
42.316
159.802
24.152
168.167
105.123
499.999
148.137
36.971000000000004
56.529
53.417
36.398
111.147
32.374
54.192
37.96
330.273
44.101
328.35
288.391
244.58700000000002
268.119
42.487
78.895
71.93
46.788000000000004
499.999
59.885
499.999
98.43
110.08200000000001
433.5
278.808
172.817
157.33100000000002
27.901
19.457
57.201
210.519
46.187
143.179
36.234
100.714
24.709
232.197
32.397
90.178
59.634
332.511
27.887
234.33
109.111
55.464
199.71
55.897
43.439
499.999
134.163
66.779
289.706
38.09
66.055
97.778
119.994
101.452
499.999
16.602
26.932000000000002
146.322
42.745
102.22
131.286
289.298
177.455
30.159
36.281
32.75
62.852000000000004
224.61700000000002
290.532
132.28
40.959
221.332
265.35200000000003
25.827
85.48100000000001
22.242
126.411
87.197
30.099
287.165
43.671
140.66
43.34
46.568
402.403
140.535
32.888
330.613
166.204
114.498
221.475
115.563
55.868
97.541
57.386
184.805
499.999
200.666
148.548
43.931
41.179
370.472
93.11200000000001
31.137
83.767
106.765
499.999
74.413
239.62800000000001
43.485
103.517
478.522
65.921
69.382
483.814
25.629
128.204
251.836
210.376
59.012
499.999
148.685
75.925
305.088
83.087
70.368
85.34400000000001
374.619
51.266
74.346
30.879
51.99
187.989
136.30100000000002
113.899
66.47
161.865
47.381
185.96200000000002
31.317
178.555
173.221
284.173
239.937
200.752
499.999
60.638
83.46300000000001
313.618
38.555
51.635
30.923000000000002
63.901
99.36200000000001
40.028
74.306
86.71300000000001
273.576
297.13
152.915
499.999
181.796
38.079
45.995
312.399
182.141
71.671
377.838
67.165
67.056
27.823
93.372
84.44200000000001
66.642
221.901
102.267
107.718
55.708
499.999
92.69
73.555
74.351
128.148
74.069
186.382
94.279
25.902
107.712
237.145
220.362
61.903
54.408
44.42
98.384
146.364
158.494
42.006
44.918
83.756
120.581
91.537
46.33
86.35000000000001
84.57900000000001
29.37
69.348
64.87
89.69
440.118
260.659
190.145
28.952
99.424
154.654
499.999
100.284
269.40500000000003
42.726
119.363
43.224000000000004
349.293
444.789
94.615
492.56100000000004
187.058
231.797
168.983
237.655
70.02
185.392
107.345
83.892
45.825
45.464
39.032000000000004
77.476
98.162
403.928
86.684
344.562
54.342
52.675000000000004
75.264
464.123
77.137
299.354
211.417
298.944
163.363
90.709
83.751
75.598
239.579
196.391
151.042
94.467
177.211
82.69500000000001
282.588
83.068
36.954
224.464
52.264
38.817
46.157000000000004
228.416
28.493000000000002
37.929
236.37300000000002
105.35900000000001
400.369
254.351
36.693
499.999
31.57
46.657000000000004
146.05100000000002
52.809000000000005
222.489
85.292
39.115
167.218
250.636
50.806000000000004
161.116
318.475
19.872
102.667
67.441
106.999
48.403
76.8
128.329
499.999
79.238
78.93
59.293
37.631
142.249
102.087
47.160000000000004
38.829
98.158
155.692
165.186
49.072
26.68
84.526
97.59100000000001
35.695
140.833
149.029
60.97
422.916
51.369
40.472
21.749
23.515
37.34
31.859
48.249
172.32500000000002
33.597
36.07
37.179
111.648
24.621000000000002
34.891
84.174
195.086
92.852
412.7
257.255
59.962
407.117
56.675000000000004
329.603
42.511
51.056000000000004
363.72700000000003
87.34700000000001
148.868
158.856
73.343
405.45300000000003
171.886
281.127
307.607
268.688
214.848
130.195
499.999
37.556
56.544000000000004
288.12600000000003
73.291
269.88100000000003
132.706
293.387
100.422
205.412
78.09
74.989
41.147
118.915
89.182
312.084
70.516
43.831
59.066
55.009
92.368
49.893
236.924
178.151
111.461
51.711
232.638
18.490000000000002
157.68
282.156
105.113
123.917
62.226
85.59700000000001
216.065
42.057
189.793
195.848
73.618
67.83
42.058
86.623
32.427
499.999
104.03
34.186
25.565
88.237
101.782
73.479
97.274
36.024
142.417
82.788
162.998
180.165
86.452
57.074
33.043
349.148
117.408
121.11200000000001
98.94200000000001
290.981
67.206
58.565
168.873
50.239000000000004
35.278
69.34100000000001
70.47500000000001
89.089
129.454
153.81
148.269
92.164
45.916000000000004
380.909
34.11
21.373
50.618
109.191
46.051
499.999
499.999
49.222
54.757
166.32500000000002
174.981
178.261
37.067
172.03900000000002
52.655
101.70400000000001
81.28
65.839
21.174
31.936
296.873
499.999
35.077
272.51
80.367
67.484
165.443
305.86
121.376
437.197
55.981
391.284
54.269
68.859
83.782
334.492
63.257
50.764
91.215
396.595
499.999
54.274
32.962
226.761
27.616
211.954
107.99000000000001
52.456
79.358
289.729
158.022
94.047
70.958
93.19
56.254
94.71900000000001
59.431000000000004
163.531
44.735
103.014
126.944
62.716
61.275
51.125
65.952
223.838
87.4
207.024
143.934
232.22400000000002
355.725
112.051
219.216
229.1
446.237
377.896
353.154
196.866
499.999
164.429
243.08
70.385
260.07800000000003
372.861
57.155
179.347
94.59
73.679
40.937
284.921
40.237
83.133
65.471
104.913
71.973
65.228
58.345
178.549
406.385
83.269
61.075
69.202
76.039
363.663
31.709
321.79900000000004
86.15
262.889
334.863
219.951
34.275
499.999
115.522
479.344
126.078
90.865
213.449
35.136
146.006
99.506
177.677
74.019
43.981
137.238
29.575
92.922
317.504
41.758
127.07600000000001
64.171
38.229
86.477
76.72200000000001
499.999
85.729
31.325
181.642
145.30700000000002
499.999
40.955
232.715
19.52
39.662
396.521
107.183
60.052
152.05700000000002
86.621
499.999
123.992
140.732
41.961
68.045
499.999
349.87
432.73
55.626
70.714
92.572
203.15
73.127
63.349000000000004
332.582
175.832
77.327
35.243
499.999
499.999
42.025
61.875
73.771
87.754
23.556
375.109
39.576
350.83
78.118
90.613
99.967
51.76
219.633
223.362
57.084
47.357
121.562
101.72800000000001
358.742
45.344
62.319
87.537
70.927
71.883
115.191
123.625
292.6
42.254
152.898
42.066
55.493
40.333
37.51
27.807000000000002
42.494
112.32900000000001
219.30700000000002
88.33800000000001
81.999
181.869
107.795
63.11
31.463
96.884
267.912
206.613
52.132
151.553
100.016
64.751
68.45400000000001
348.93
75.593
39.267
56.945
46.899
448.749
54.454
127.671
61.711
18.55
66.97200000000001
44.128
103.217
281.277
499.999
124.851
200.127
169.523
50.336
19.911
43.899
163.90200000000002
49.327
49.263
51.69
52.218
171.31
45.566
109.171
32.635
31.751
279.027
42.032000000000004
361.059
49.533
93.654
99.618
469.925
72.787
72.997
136.147
232.548
46.402
158.604
499.999
85.309
32.849000000000004
139.916
230.159
499.999
98.251
35.088
83.274
59.371
43.321
170.303
55.99
169.768
373.246
132.389
68.596
161.904
175.454
111.404
86.81400000000001
52.4
177.233
312.484
68.199
119.71900000000001
165.951
100.179
77.758
68.794
86.21000000000001
63.557
148.534
228.267
76.674
324.0
499.999
332.313
77.791
62.653
32.696
157.518
100.261
52.135
61.429
346.225
67.861
34.869
433.355
178.755
111.202
77.694
111.265
61.409
82.718
86.266
156.489
432.226
212.005
188.226
42.195
154.696
405.394
276.734
54.982
37.341
71.295
47.874
69.801
131.589
52.396
427.1
72.98
449.345
77.051
35.407000000000004
235.445
403.23
499.999
135.90800000000002
51.929
207.839
55.628
87.10900000000001
179.505
72.087
145.775
116.459
317.533
36.815
75.342
161.25
499.999
38.922000000000004
87.137
125.79
157.336
51.395
62.514
62.191
30.746000000000002
123.425
306.391
68.078
450.47
117.09700000000001
242.705
234.296
58.465
108.065
130.849
499.999
234.665
58.017
117.596
36.11
408.22700000000003
56.036
103.372
58.005
137.327
54.187
59.667
168.151
24.974
65.387
499.999
316.22
45.938
36.912
50.074
499.999
86.674
499.999
238.25300000000001
67.398
65.055
450.295
177.144
81.768
111.034
64.56400000000001
70.252
24.176000000000002
240.49200000000002
499.999
171.228
35.584
135.735
49.07
34.163000000000004
43.015
47.424
121.068
43.987
271.978
110.649
164.917
118.57300000000001
280.026
499.999
135.90200000000002
31.051000000000002
20.085
45.980000000000004
102.289
154.266
76.949
210.09
198.13400000000001
83.144
177.423
226.92000000000002
99.86500000000001
173.279
117.36500000000001
35.484
337.197
224.489
246.45000000000002
499.999
39.277
236.984
406.26800000000003
117.046
61.980000000000004
46.814
499.999
130.31900000000002
47.516
124.691
292.40500000000003
62.264
211.965
73.738
97.426
184.815
233.448
70.83
166.104
205.3
218.254
499.999
56.649
146.40800000000002
45.681000000000004
241.4
28.516000000000002
65.905
148.841
41.421
287.594
55.889
38.608000000000004
95.122
163.976
29.794
55.734
302.889
42.975
81.041
88.283
31.79
363.14300000000003
314.284
499.999
121.404
46.896
499.999
33.891
26.937
167.197
386.84000000000003
108.988
394.692
119.111
434.935
286.521
499.999
67.602
260.839
37.68
80.979
45.843
430.671
359.68600000000004
129.71
33.81
136.881
31.762
49.467
84.908
42.247
77.66
74.116
138.467
65.19
41.505
139.425
57.934000000000005
122.5
40.59
499.999
31.495
45.139
129.661
177.504
24.227
51.813
268.213
35.142
40.847
88.429
89.384
108.45400000000001
149.097
165.672
44.754
499.999
499.999
77.18900000000001
88.84100000000001
58.307
66.653
157.43200000000002
46.658
33.801
138.764
133.007
82.872
22.485
109.639
174.666
499.999
188.435
43.773
139.907
92.98400000000001
67.046
499.999
112.459
57.372
187.912
122.869
24.827
379.219
103.033
65.569
214.951
499.999
153.505
472.844
24.384
61.381
499.999
42.061
469.536
28.971
28.286
131.189
170.65200000000002
193.37
275.511
43.262
70.136
293.021
177.613
335.85200000000003
41.106
43.65
222.709
393.50100000000003
127.274
260.028
90.224
152.326
96.196
452.575
30.154
86.07300000000001
56.573
105.166
268.528
256.63100000000003
139.681
277.821
135.572
135.992
499.999
19.863
208.252
221.573
110.009
209.187
44.267
89.011
80.031
350.458
37.618
283.588
28.312
97.632
120.10000000000001
45.592
98.218
31.432000000000002
58.104
267.448
395.302
499.999
54.842
148.958
54.506
499.999
51.509
380.803
83.22200000000001
499.999
81.936
52.619
148.983
422.901
24.229
133.16
129.947
94.907
149.187
324.719
227.601
120.895
133.797
100.282
38.897
84.955
156.154
133.531
98.136
236.127
338.56
175.428
38.765
260.973
104.894
78.259
139.76
247.371
86.72
127.531
49.952
54.230000000000004
82.667
80.197
45.106
35.895
255.329
73.837
180.209
49.21
125.677
79.599
461.494
94.929
50.877
160.124
32.384
34.544000000000004
43.091
499.999
148.148
106.147
41.793
60.349000000000004
102.235
60.356
225.431
55.469
499.999
188.614
63.672000000000004
499.999
33.857
50.857
499.999
499.999
97.82900000000001
499.999
82.07900000000001
143.183
58.427
80.163
162.699
111.63
166.431
31.406000000000002
404.357
34.926
499.999
30.861
74.526
63.659
373.975
46.313
164.806
127.053
233.025
47.138
86.32000000000001
177.952
135.644
208.711
83.59700000000001
100.952
186.235
70.104
83.45100000000001
297.795
72.06
472.367
147.707
311.243
151.306
300.774
499.999
72.449
36.756
111.299
78.165
15.948
54.815
360.31
159.668
143.508
261.135
56.152
57.176
30.463
25.548000000000002
84.623
45.532000000000004
70.985
17.737000000000002
52.866
89.483
340.809
148.524
295.495
278.95
499.999
113.256
32.056
47.349000000000004
101.148
145.18200000000002
24.707
39.235
26.168
139.309
173.875
143.858
80.572
50.691
135.3
40.413000000000004
92.503
378.993
387.676
232.785
48.989000000000004
499.999
127.633
93.002
28.345
359.165
117.619
74.638
34.916000000000004
26.637
115.65
363.884
22.647000000000002
250.71
235.564
160.559
55.069
105.253
63.761
163.921
79.96600000000001
232.585
111.431
46.767
35.266
151.223
43.823
54.205
134.65
83.5
499.999
161.644
211.71
499.999
46.464
23.749
147.589
173.555
137.584
80.371
111.808
155.473
77.481
60.921
67.22
50.938
45.302
52.341
83.156
331.482
58.839
139.231
61.352000000000004
157.82
58.025
34.307
44.129
54.593
57.251
29.26
90.10300000000001
76.944
29.721
147.899
499.999
421.744
52.211
139.85
85.32300000000001
157.93800000000002
20.731
202.448
499.999
499.999
26.641000000000002
114.44
255.625
55.199
43.826
112.377
311.14
48.392
38.176
49.646
499.999
76.391
286.681
95.309
95.4
61.125
20.126
176.034
60.571
68.104
53.143
68.014
205.309
98.408
201.826
111.793
248.94
36.21
142.821
72.81400000000001
127.394
21.38
139.416
44.574
182.352
416.842
249.092
59.993
290.807
104.398
111.796
183.292
64.465
39.893
57.453
265.537
66.167
31.073
499.999
407.724
38.673
72.423
499.999
176.485
70.402
62.765
207.739
216.663
158.727
123.443
123.077
313.65000000000003
72.497
499.999
388.418
48.485
448.212
71.203
65.114
42.954
119.661
70.32600000000001
135.546
152.992
449.86400000000003
460.041
50.455
53.376
112.784
130.201
364.868
134.954
455.24
204.269
87.426
114.755
59.676
231.95000000000002
61.131
176.838
109.565
499.999
91.351
24.794
59.064
73.033
67.206
62.684000000000005
498.401
499.999
107.73700000000001
116.836
59.317
108.982
79.354
192.84300000000002
46.051
349.141
134.447
28.202
22.508
345.711
119.46900000000001
156.50300000000001
499.999
100.048
78.138
158.02
68.561
128.46
36.258
23.924
80.581
60.085
49.133
45.181000000000004
264.21
101.31700000000001
206.68200000000002
88.275
69.798
29.165
388.951
83.784
33.137
315.673
67.774
42.04
203.209
148.979
68.622
48.902
56.566
56.328
34.418
175.046
31.971
61.331
30.456
37.314
37.812
59.876000000000005
98.82600000000001
48.589
285.486
102.453
77.33800000000001
144.81300000000002
110.098
17.79
60.628
171.324
340.974
77.523
223.25
162.514
475.42400000000004
78.275
39.623
47.64
242.56300000000002
218.52
499.999
84.749
381.608
55.391
139.371
45.253
138.328
50.391
254.99800000000002
124.559
31.922
49.758
26.864
46.986000000000004
100.782
35.806
60.86
499.999
39.151
33.452
23.152
43.225
499.999
166.316
52.046
222.677
77.058
279.985
395.411
41.215
55.141
195.31300000000002
37.04
214.6
88.532
357.386
37.617
238.153
454.358
64.18900000000001
47.023
56.902
92.396
266.45
101.738
415.033
366.645
73.302
266.796
52.417
115.322
65.20400000000001
429.569
92.435
311.459
105.565
111.147
89.006
68.883
28.993000000000002
107.54
33.691
180.77100000000002
150.827
134.931
170.334
499.999
71.101
137.856
477.87
282.119
349.798
57.776
82.888
142.814
49.454
55.076
27.734
28.387
99.507
164.613
119.637
43.015
49.421
51.166000000000004
65.072
45.251
499.999
37.603
385.313
51.655
42.047000000000004
212.44400000000002
71.89
499.999
447.62
91.13
207.335
62.445
91.861
75.596
61.107
74.101
194.749
373.335
225.437
146.502
50.637
259.87
104.275
36.643
44.181
48.669000000000004
60.78
20.847
93.901
272.91
136.922
141.647
31.235
143.708
34.624
370.829
33.766
491.093
76.416
499.999
67.114
63.349000000000004
409.341
52.104
124.735
30.406000000000002
42.917
289.274
31.537
173.443
23.642
52.675000000000004
30.958000000000002
55.176
211.702
338.373
19.035
411.277
31.129
26.799
59.832
83.543
224.11100000000002
29.728
150.34
156.53300000000002
61.191
482.721
75.584
72.053
493.207
58.2
86.643
315.717
85.08
76.372
59.275
213.05700000000002
101.616
146.139
98.808
412.19
41.408
143.888
238.136
43.689
499.999
124.724
114.793
61.617000000000004
19.008
56.411
99.411
72.513
74.33800000000001
148.53300000000002
54.49
423.045
317.972
179.685
67.29
48.937
154.288
35.197
106.043
306.41
155.6
37.68
45.013
110.69500000000001
58.035000000000004
120.791
310.547
118.476
499.999
283.75100000000003
112.98700000000001
55.836
54.361000000000004
108.923
499.999
91.5
260.724
379.642
41.613
224.074
115.798
499.999
78.871
113.025
95.83800000000001
27.227
96.63
52.603
46.416000000000004
103.145
141.675
54.631
320.133
49.566
98.63
53.703
100.20400000000001
54.64
33.583
62.395
158.936
191.886
499.999
48.477000000000004
81.883
70.81
186.413
499.999
37.411
499.999
200.054
164.939
155.786
161.538
196.167
33.627
56.058
64.31400000000001
41.215
89.039
48.528
57.407000000000004
82.557
109.286
199.155
31.162
49.157000000000004
141.272
88.115
257.47700000000003
67.364
119.21900000000001
84.777
53.155
109.721
197.764
173.609
75.592
86.462
145.656
145.448
55.869
50.204
25.026
250.645
19.408
30.478
376.141
187.95600000000002
456.68
499.999
132.202
30.577
78.499
81.173
32.123
50.454
242.07500000000002
187.685
62.329
38.935
499.999
143.344
59.482
290.959
124.518
129.565
202.344
125.223
100.23100000000001
133.308
130.381
34.77
103.258
89.652
61.365
152.69
37.03
37.004
114.806
34.608000000000004
428.77
56.017
97.706
113.779
222.459
227.287
71.063
33.557
209.05700000000002
27.619
171.537
118.206
232.08700000000002
41.162
112.94800000000001
221.041
23.365000000000002
202.66
79.019
481.962
499.999
197.114
365.767
82.143
21.2
93.968
35.896
199.568
35.196
224.024
43.62
75.931
116.304
133.40800000000002
332.64
55.064
273.458
28.228
50.762
93.56700000000001
147.67000000000002
45.517
54.375
375.676
60.208
116.152
268.736
71.499
222.13400000000001
160.94400000000002
68.65
166.46200000000002
412.982
31.926000000000002
431.27
59.22
274.688
40.105000000000004
114.522
222.042
306.17
478.438
31.901
499.999
395.223
175.475
361.79900000000004
67.877
190.016
499.999
196.644
70.381
91.179
53.654
36.526
84.543
56.928000000000004
37.528
66.188
499.999
55.714
492.63800000000003
490.406
36.349000000000004
191.453
56.388
499.999
106.99300000000001
66.023
28.491
74.5
50.493
330.67
49.489000000000004
79.73100000000001
117.32000000000001
98.178
72.928
102.82300000000001
40.288000000000004
499.999
66.427
499.999
213.514
225.872
126.60300000000001
61.404
108.083
75.265
87.782
26.684
134.637
85.449
92.449
365.01800000000003
279.91700000000003
83.003
82.511
99.628
94.94
69.476
499.999
50.968
186.525
329.329
102.906
152.61
113.7
105.741
91.937
159.88400000000001
101.946
222.738
67.811
97.65
314.431
143.468
114.122
146.14600000000002
67.674
439.298
91.245
392.121
51.632
59.682
124.163
53.216
499.999
22.367
39.050000000000004
109.159
34.644
67.974
224.32500000000002
499.999
148.218
166.546
323.54200000000003
55.522
96.752
499.999
115.542
345.0
103.687
180.584
35.492
331.058
36.973
499.999
96.307
61.219
60.022
48.153
125.49000000000001
63.179
65.718
187.767
97.253
499.999
76.737
41.284
39.648
21.549
103.265
42.041000000000004
155.974
292.885
31.501
95.764
38.121
155.979
328.572
42.45
169.976
107.531
201.496
306.466
416.15000000000003
20.464000000000002
62.484
90.223
220.64600000000002
130.76500000000001
112.56700000000001
69.105
17.631
298.712
77.524
499.999
217.376
80.997
31.637
75.5
177.964
140.26500000000001
499.999
116.72500000000001
499.999
211.047
45.071
73.28
394.365
206.949
41.393
199.266
244.393
32.871
485.486
402.385
63.764
411.75
499.999
83.368
81.931
499.999
207.44
48.355000000000004
28.142
82.521
209.022
245.547
126.709
97.322
26.066
74.183
499.999
280.07
129.672
103.034
34.255
46.42
239.49800000000002
452.362
298.904
143.415
46.363
89.619
63.092
46.259
37.131
68.492
39.618
52.654
313.902
474.035
94.798
212.302
346.439
499.999
81.82000000000001
90.729
67.236
85.045
92.274
51.776
58.179
123.138
74.265
50.606
76.83500000000001
56.921
53.521
103.134
209.874
499.999
268.86400000000003
108.135
103.98700000000001
151.645
56.658
77.53
64.271
212.16400000000002
81.46300000000001
255.689
46.910000000000004
74.146
85.61
30.561
36.831
274.026
83.211
78.605
499.999
229.86700000000002
90.654
259.37
86.147
54.997
177.667
133.755
70.87
286.171
499.999
59.698
177.829
76.75
161.298
71.776
89.279
137.49
34.431
181.818
237.508
47.178000000000004
37.709
83.992
337.598
104.429
66.56
45.379
41.759
172.002
499.999
45.493
55.771
45.402
167.714
33.076
200.165
48.688
55.758
74.855
317.671
270.146
70.956
57.185
67.555
499.98
83.183
103.744
285.205
86.843
72.004
31.883
99.816
87.07600000000001
46.783
33.63
129.787
499.999
87.34
499.999
44.078
117.392
472.579
51.281
34.512
118.196
88.377
499.999
274.808
73.516
115.501
158.607
117.677
415.608
169.18200000000002
61.177
235.34300000000002
157.41
45.368
499.999
290.099
53.273
477.646
121.22800000000001
77.485
449.507
52.535000000000004
87.022
80.943
46.409
38.554
108.537
59.806000000000004
126.927
175.821
81.316
373.81600000000003
51.573
52.944
56.191
30.422
112.773
265.031
151.082
34.789
42.602000000000004
135.269
70.039
81.574
152.607
217.895
120.691
394.23900000000003
62.940000000000005
377.555
73.21000000000001
64.306
166.80100000000002
499.999
39.375
22.668
23.484
212.41400000000002
177.811
179.28300000000002
76.687
499.999
154.55
47.913000000000004
120.708
71.983
98.371
40.292
446.82800000000003
31.92
23.31
85.717
499.999
45.802
103.765
30.292
347.529
110.31
162.18200000000002
70.063
499.999
161.05100000000002
45.605000000000004
236.274
499.999
71.97
134.803
25.971
54.794000000000004
223.25
98.59700000000001
217.028
279.70300000000003
75.93
182.231
161.447
355.021
138.56300000000002
197.383
499.999
175.67600000000002
151.818
174.022
118.682
452.84000000000003
71.021
144.863
224.91400000000002
181.758
33.476
137.317
90.66
149.629
37.725
272.097
83.47
351.666
127.33800000000001
499.999
75.36
95.398
67.754
57.217
109.232
30.711000000000002
106.539
64.757
410.511
188.898
18.075
165.088
94.651
30.778000000000002
231.067
185.137
242.18
137.03300000000002
499.999
154.251
119.3
157.05100000000002
499.999
145.453
54.429
70.356
97.891
57.553000000000004
27.909
499.999
82.384
33.903
132.76500000000001
234.679
146.88400000000001
55.901
177.187
348.685
467.207
224.54500000000002
46.016
275.504
95.825
51.597
162.79
161.856
30.595
144.854
101.014
94.102
39.671
50.117000000000004
137.018
60.609
72.862
46.03
173.23
275.8
262.633
151.169
48.388
88.551
29.509
425.394
29.28
27.857
192.17000000000002
119.25200000000001
200.98000000000002
53.138
120.96300000000001
48.241
207.851
118.932
42.017
90.905
27.490000000000002
88.932
268.481
52.234
19.301000000000002
495.027
204.234
61.405
56.821
134.292
55.966
23.523
70.409
42.754
139.204
499.999
465.377
308.463
333.175
113.58800000000001
67.077
71.283
327.181
60.815
499.999
82.632
131.697
91.616
74.054
226.833
71.038
48.917
281.183
256.7
107.87
114.766
116.044
97.718
87.309
145.685
484.168
68.449
477.392
273.662
117.139
36.695
171.476
262.467
48.361000000000004
487.366
87.786
37.33
101.913
92.051
44.884
72.552
27.345
22.569
28.733
120.531
48.013
290.012
180.937
60.555
70.473
77.117
51.02
393.333
49.033
34.729
40.718
450.47200000000004
64.96900000000001
125.534
139.806
80.759
51.809000000000005
116.333
45.879
252.847
39.657000000000004
34.745
58.935
50.324
165.464
110.45700000000001
79.988
345.119
499.999
88.282
226.41
216.127
129.19
22.364
155.15800000000002
136.93200000000002
121.99600000000001
132.79500000000002
47.617000000000004
443.866
175.65800000000002
30.993000000000002
51.258
38.88
135.348
50.194
33.742
181.423
64.652
89.508
83.136
499.999
228.342
323.242
34.686
35.9
30.335
142.775
45.09
35.024
79.259
46.64
100.154
53.411
99.041
78.94800000000001
499.999
54.094
140.064
116.063
402.966
74.308
284.42900000000003
41.316
24.184
77.365
98.158
264.15
73.334
81.099
104.819
38.144
43.385
88.288
435.357
40.632
59.949
184.91400000000002
89.303
89.012
72.277
66.776
201.54
197.39000000000001
62.558
499.999
202.816
54.341
28.807000000000002
315.084
46.773
149.053
499.999
61.777
105.486
76.113
37.588
50.181000000000004
23.741
41.151
147.436
143.447
167.951
133.941
48.910000000000004
467.98
39.69
175.964
94.196
45.956
128.561
145.366
150.26
167.933
184.196
42.344
114.102
89.772
148.67000000000002
499.999
166.965
499.999
38.679
42.601
43.263
86.84700000000001
50.756
63.491
26.498
25.885
47.086
314.099
123.691
76.511
50.679
66.761
60.769
190.775
429.916
79.325
85.736
166.165
54.243
35.042
44.382
153.901
29.644000000000002
147.843
51.751
95.624
75.94200000000001
384.879
119.095
126.991
46.57
31.363
65.537
371.274
257.699
103.305
28.162
388.12
124.872
385.62600000000003
111.354
381.681
47.187
105.423
250.99200000000002
33.376
133.274
133.05700000000002
128.115
83.871
287.04200000000003
56.394
68.72
75.846
222.31300000000002
185.046
153.353
353.568
71.734
42.509
499.999
113.446
349.492
499.999
176.044
214.291
449.922
127.885
332.921
206.624
32.721000000000004
38.708
64.775
41.79
83.352
146.724
92.979
360.469
279.846
51.044000000000004
109.537
70.683
362.629
59.583
33.343
71.168
159.619
53.865
108.13
54.708
95.85900000000001
499.999
211.508
55.942
206.048
88.465
47.594
131.073
68.447
68.19800000000001
62.016
129.373
499.999
113.379
123.667
45.019
166.071
218.288
42.027
216.83100000000002
129.244
35.489
98.397
296.553
134.453
51.379
125.054
174.407
159.004
116.184
266.931
359.458
62.823
85.135
39.442
157.222
286.163
71.772
205.203
59.773
53.44
39.641
169.989
487.565
444.58500000000004
312.224
171.596
56.663000000000004
74.95
160.382
122.06700000000001
50.456
431.225
39.772
79.82600000000001
156.392
369.283
116.363
394.47
66.268
147.6
93.253
36.806
142.135
72.524
127.32300000000001
111.459
499.999
163.92600000000002
100.837
234.517
257.097
262.969
60.38
150.865
65.959
66.325
51.567
30.435000000000002
499.999
269.455
92.551
19.094
22.78
53.844
35.114
34.187
48.288000000000004
72.503
91.60600000000001
72.47200000000001
143.621
39.301
314.782
61.56
45.837
93.75
75.17
441.252
98.36200000000001
66.32000000000001
261.478
42.085
35.944
228.506
164.086
287.357
42.948
57.300000000000004
274.3
37.646
180.244
238.15200000000002
66.661
132.881
116.99900000000001
92.389
40.027
253.178
106.43
73.79
103.781
172.304
373.184
475.68
59.862
154.675
347.598
499.999
490.289
91.428
36.243
107.19200000000001
40.093
43.957
43.088
165.701
192.529
205.544
58.665
103.819
71.389
165.952
123.46900000000001
389.163
57.818
48.297000000000004
300.261
57.224000000000004
47.323
193.936
147.453
480.842
43.796
18.179000000000002
36.428
96.779
61.599000000000004
224.514
260.385
58.762
41.926
499.999
76.397
69.855
55.959
61.281
155.12
38.704
88.157
69.46600000000001
151.254
58.575
111.611
306.771
133.592
35.49
48.625
43.391
64.778
290.568
87.33200000000001
69.368
260.279
114.57300000000001
117.918
84.513
163.834
77.612
123.88000000000001
132.93200000000002
40.468
301.024
83.202
41.45
314.39300000000003
41.137
191.231
484.305
21.514
34.577
63.408
86.277
77.507
102.526
353.094
255.025
76.961
368.781
499.999
334.35200000000003
61.369
229.75300000000001
201.846
59.201
141.496
145.598
171.183
174.73
187.653
241.85500000000002
44.758
490.798
499.999
50.719
82.304
499.999
499.999
491.492
41.614000000000004
37.234
207.74
35.403
63.64
59.727000000000004
26.098
76.006
95.395
127.133
499.999
336.54900000000004
46.704
333.61400000000003
150.147
472.788
84.54
95.889
60.898
47.357
209.338
29.538
188.601
120.34100000000001
499.999
143.005
24.131
66.38
109.248
43.108000000000004
192.50300000000001
499.999
119.10300000000001
126.3
44.013
81.517
198.071
183.635
35.626
152.257
79.587
275.101
24.852
476.849
95.428
35.376
499.999
36.468
499.999
135.823
92.57300000000001
46.687
28.102
220.113
300.497
35.694
499.999
254.74200000000002
197.085
67.824
314.255
499.999
29.669
32.796
34.911
60.245000000000005
86.35900000000001
35.39
265.0
206.674
143.078
499.999
175.45600000000002
277.212
149.03300000000002
39.255
54.69
318.151
183.088
48.232
239.773
53.081
50.269
312.235
47.117000000000004
123.263
60.762
97.026
114.505
267.611
40.88
23.482
230.885
41.896
204.577
118.035
499.999
206.741
132.604
499.999
376.22700000000003
97.337
60.050000000000004
77.822
72.203
70.642
88.364
291.985
68.028
499.999
117.601
125.786
79.389
123.542
213.73000000000002
95.782
331.991
86.516
26.557000000000002
67.241
294.72
36.743
73.178
217.705
499.999
311.823
218.96200000000002
32.572
93.432
322.135
134.82
71.37
38.052
152.086
68.89
68.013
185.883
25.772000000000002
321.204
90.729
265.742
154.089
84.173
81.359
366.374
457.027
200.598
65.34100000000001
59.324
29.479
100.20700000000001
499.999
119.555
326.913
499.999
52.435
100.643
28.759
167.794
51.312
68.71300000000001
144.513
499.999
425.559
51.077
136.189
97.92
291.834
76.399
50.444
41.564
123.604
264.196
255.874
92.711
64.753
44.557
53.686
177.792
330.23900000000003
424.61
165.51500000000001
221.62800000000001
154.67000000000002
35.69
499.999
66.639
350.319
39.196
80.358
55.93
64.799
72.56
51.352000000000004
157.505
499.999
44.367000000000004
444.98
177.719
236.99
82.101
27.991
180.853
106.654
108.925
85.363
370.96500000000003
45.283
499.999
38.929
407.342
179.434
25.707
34.837
172.508
64.09400000000001
79.988
205.125
70.107
43.322
48.007
49.878
499.999
41.44
77.679
141.05700000000002
28.498
55.618
38.445
145.728
89.989
43.532000000000004
202.268
58.991
246.59900000000002
105.811
53.853
110.029
72.154
499.999
96.869
115.283
101.479
356.916
163.03
193.332
73.001
74.163
159.62
61.940000000000005
424.332
61.059000000000005
254.00400000000002
499.999
33.52
243.261
71.708
30.676000000000002
125.899
53.586
105.891
64.776
134.56
128.05
63.0
301.161
59.987
402.50100000000003
243.168
238.185
499.999
499.999
34.306
27.989
44.946
107.895
104.86500000000001
75.956
19.815
75.681
65.753
56.135
82.06400000000001
99.09100000000001
28.608
115.97500000000001
47.688
31.938000000000002
95.496
38.215
102.159
55.480000000000004
119.08800000000001
124.988
46.183
314.19100000000003
499.999
145.115
311.019
167.767
95.973
435.591
184.677
243.036
77.46600000000001
84.066
35.233000000000004
72.551
81.23100000000001
60.746
95.98700000000001
499.999
66.521
49.335
295.16700000000003
35.518
44.64
333.272
20.768
61.473
93.025
153.661
113.925
71.138
48.148
100.101
242.214
107.97800000000001
40.684
499.999
56.051
57.657000000000004
180.163
57.086
70.389
72.155
97.803
370.587
149.917
97.433
212.252
60.453
204.441
31.734
429.115
212.566
499.999
20.934
499.999
194.197
105.876
137.951
262.904
154.745
39.602000000000004
31.158
66.699
51.873
105.72500000000001
251.877
87.176
88.367
25.103
54.698
167.743
170.811
204.43800000000002
73.433
84.148
187.49
123.0
79.665
147.465
45.361000000000004
119.293
273.152
31.194
89.736
109.889
161.491
68.782
68.922
244.996
499.999
499.999
499.999
71.444
40.959
157.272
78.804
98.065
499.999
86.223
100.06700000000001
78.525
78.81700000000001
65.464
234.192
153.618
238.904
102.031
60.156
85.82600000000001
384.982
213.904
173.247
194.85500000000002
56.003
47.702
57.252
54.622
29.706
99.554
401.745
199.824
411.641
438.313
499.999
383.10200000000003
146.831
51.827
66.684
44.059
266.396
16.702
499.999
130.597
46.632
108.24300000000001
457.43600000000004
86.013
67.771
201.778
23.971
40.349000000000004
61.095
499.999
116.57600000000001
283.765
95.5
65.427
499.999
67.962
499.999
67.964
383.69800000000004
23.553
159.18200000000002
37.662
293.074
74.002
288.463
182.207
104.057
102.98400000000001
63.396
187.45000000000002
499.999
499.999
499.999
346.026
499.999
89.268
34.46
74.574
86.21900000000001
23.388
461.85900000000004
38.43
161.853
113.845
92.557
175.998
120.063
212.869
160.225
269.41700000000003
499.999
57.533
29.925
178.187
499.999
42.28
475.61
43.775
263.68
286.048
42.972
55.99
485.19800000000004
275.016
43.838
102.784
115.31
107.274
17.254
56.772
186.046
477.407
167.19400000000002
143.147
68.068
142.041
30.257
37.218
155.124
65.35
54.519
52.243
67.913
95.266
134.03900000000002
211.907
85.351
191.094
26.976
122.393
186.321
256.925
49.448
265.552
31.315
60.957
65.041
499.999
129.226
66.233
46.273
107.766
384.435
67.103
184.633
49.247
54.322
123.411
225.31300000000002
221.352
46.043
305.3
65.45
97.393
98.821
391.132
52.316
53.025
220.925
40.925000000000004
42.346000000000004
86.757
142.80700000000002
307.331
28.722
404.163
370.244
114.843
47.951
253.657
317.462
499.999
163.22
228.62800000000001
68.483
34.839
216.457
115.185
116.751
40.241
71.639
256.963
54.986000000000004
370.391
20.641000000000002
173.793
71.508
217.56300000000002
44.379
499.999
44.856
136.661
486.91200000000003
98.699
69.396
144.417
51.061
205.977
65.269
282.354
499.999
182.324
91.524
42.519
34.683
39.166000000000004
58.419000000000004
74.083
206.393
19.314
72.821
26.297
83.827
50.654
264.96
158.287
58.204
332.693
68.516
397.12
158.256
245.799
144.305
263.848
301.261
54.703
499.999
155.25
85.955
79.095
31.078
297.267
499.999
92.46900000000001
76.312
92.834
499.999
51.33
44.078
280.128
130.083
72.05
26.763
80.114
270.571
113.262
85.674
55.599000000000004
148.594
74.02
348.892
418.533
499.999
499.999
109.378
36.885
498.301
210.073
173.05700000000002
93.788
63.492000000000004
55.291000000000004
237.499
499.999
499.999
499.999
360.52500000000003
48.018
86.252
124.483
48.652
375.115
411.97700000000003
220.461
43.003
257.262
304.355
198.21200000000002
102.91
151.312
75.923
118.357
331.355
106.421
149.395
154.877
84.733
42.128
499.999
54.179
42.315
117.308
302.5
82.987
304.036
177.008
108.199
110.289
66.286
41.314
67.971
239.792
37.19
125.84700000000001
123.926
76.199
176.45600000000002
379.16700000000003
52.986000000000004
499.999
97.304
316.855
41.894
427.92
20.071
449.223
66.956
454.57
33.477000000000004
36.462
30.073
97.914
499.999
499.999
99.921
177.13400000000001
499.999
42.996
133.381
300.22700000000003
123.604
94.145
29.304000000000002
72.375
252.53
257.586
317.089
25.751
75.134
300.447
169.934
50.953
95.187
30.363
58.254
45.079
35.223
66.68900000000001
61.673
492.344
142.553
164.013
48.548
29.653000000000002
28.916
410.569
106.48
80.602
154.90800000000002
28.427
142.204
48.777
27.086000000000002
88.384
473.736
499.999
493.56
46.113
499.999
94.286
30.781000000000002
32.576
195.496
29.119
81.244
88.95400000000001
28.161
282.091
132.374
499.999
36.101
219.293
447.122
109.47800000000001
336.848
155.05100000000002
382.2
499.999
209.292
103.024
200.416
38.824
50.281
103.436
107.432
67.038
31.985
39.254
499.999
60.295
213.36700000000002
101.0
261.264
28.642
70.964
440.985
136.871
31.813000000000002
222.73600000000002
21.89
114.846
154.123
84.19800000000001
24.1
25.714000000000002
474.38300000000004
306.135
43.013
58.628
53.459
77.97200000000001
499.999
146.754
125.557
372.18
181.03
68.001
219.806
52.269
43.064
499.999
185.03300000000002
85.558
67.958
63.319
249.138
53.09
499.999
438.95300000000003
29.913
36.858000000000004
241.368
82.355
103.254
42.574
403.60200000000003
234.948
27.623
56.716
36.401
138.633
64.484
119.322
50.81
76.715
231.217
67.196
190.353
84.806
82.776
190.048
95.049
96.857
450.27
47.684
180.969
312.749
84.632
246.833
182.642
75.398
29.704
44.6
342.841
65.618
84.373
499.999
45.673
29.197
209.447
24.424
79.08
35.713
46.515
46.353
72.08500000000001
62.658
68.21300000000001
301.11
133.822
39.032000000000004
24.136
172.84300000000002
43.216
90.745
60.656
256.454
178.064
31.05
141.21
125.093
55.279
103.26
38.547000000000004
207.77
43.565
36.501
62.54
22.211000000000002
55.814
223.585
88.593
50.841
111.087
177.63400000000001
499.999
76.559
69.019
133.66400000000002
297.052
60.391
168.723
40.467
32.245
196.821
96.59100000000001
36.848
31.23
390.206
352.939
51.979
499.999
75.026
259.19
113.572
182.887
499.999
499.999
73.184
60.78
37.085
85.008
56.47
312.211
31.874000000000002
126.447
230.964
499.999
106.416
180.516
17.678
57.115
285.202
499.999
144.12
499.999
131.498
62.747
30.219
34.397
307.911
499.999
107.08
78.794
137.493
64.304
202.95000000000002
68.732
32.099000000000004
74.41
33.82
35.151
53.237
64.658
50.564
109.26
230.99800000000002
377.243
29.998
70.571
155.112
340.581
123.937
54.054
338.051
173.38400000000001
70.087
114.315
100.372
56.671
113.9
105.203
20.957
181.941
32.636
52.481
499.999
217.211
111.191
78.47200000000001
101.173
41.54
58.198
499.999
499.999
58.565
41.480000000000004
167.293
107.997
41.269
124.429
40.238
152.55700000000002
496.443
49.327
144.732
28.27
55.457
108.911
273.093
322.982
369.136
72.237
32.975
243.82
178.61
185.162
293.961
101.281
46.93
114.015
65.891
121.515
263.539
392.485
158.395
121.97500000000001
107.421
147.287
37.879
103.211
257.788
52.377
167.274
277.375
362.209
317.342
110.928
51.77
242.65200000000002
42.607
499.999
66.489
311.329
48.47
321.397
141.675
27.98
166.106
29.14
60.749
40.715
385.06600000000003
55.398
499.999
42.221000000000004
35.941
45.085
111.928
464.18600000000004
36.141
200.17600000000002
160.461
70.647
499.999
41.45
124.545
148.705
32.57
55.907000000000004
330.735
82.609
131.254
43.681
164.32
86.253
77.537
63.415
36.003
75.09100000000001
499.999
356.978
306.099
133.044
86.999
70.647
499.999
23.89
78.381
125.134
288.678
31.32
141.25300000000001
499.999
110.595
376.308
143.18200000000002
150.124
90.159
46.569
499.999
174.165
92.732
348.421
167.965
135.981
58.712
369.677
107.15
499.999
27.717000000000002
41.461
146.01500000000001
141.462
70.878
103.935
304.817
222.21200000000002
39.489000000000004
192.023
447.63100000000003
68.319
56.626
79.09700000000001
499.999
280.608
162.025
100.706
499.999
157.266
66.546
154.672
56.165
90.298
165.67000000000002
167.998
47.382
124.683
189.681
33.249
62.18
165.71200000000002
52.583
172.992
120.855
101.866
121.45400000000001
54.454
220.326
207.927
44.998
313.722
25.593
66.128
64.593
53.038000000000004
499.999
122.333
45.283
19.764
234.768
63.201
221.833
54.266
232.348
213.98600000000002
434.166
131.275
78.941
30.485
336.286
25.071
42.480000000000004
228.076
499.999
50.008
84.908
95.682
104.324
140.956
390.937
228.649
115.275
464.944
229.774
79.836
19.086000000000002
74.386
38.283
499.999
44.374
120.878
23.408
119.625
133.67600000000002
127.822
43.204
39.633
116.983
108.74000000000001
89.21000000000001
45.452
89.346
82.92
448.137
29.613
36.382
40.021
101.432
53.842
35.028
98.97800000000001
136.648
117.038
205.025
204.90800000000002
82.21300000000001
31.873
303.495
65.265
63.731
43.089
56.709
86.057
279.62
125.518
108.527
36.215
85.11
218.816
499.999
46.061
101.063
22.296
216.776
99.94
37.863
168.989
40.509
102.324
255.963
499.999
55.397
82.95
38.811
499.999
48.662
44.329
78.796
33.924
54.813
126.68900000000001
37.171
56.478
97.756
174.711
206.446
28.63
51.691
81.618
369.923
55.563
71.543
145.334
229.894
34.328
139.811
200.976
95.101
348.008
68.802
183.209
52.318
499.999
203.713
499.999
36.515
208.87
82.07900000000001
111.67
66.503
370.189
48.845
62.671
64.255
74.859
104.665
37.517
161.726
499.999
150.661
92.005
52.027
51.595
178.552
48.257
62.373000000000005
499.999
227.612
181.27700000000002
100.943
499.999
211.272
41.991
293.718
91.82000000000001
407.115
338.603
204.252
185.644
56.683
162.041
181.54500000000002
499.999
79.563
264.106
121.19
71.186
53.789
499.999
186.707
27.998
91.643
31.287
49.441
120.57900000000001
255.893
98.19500000000001
499.999
29.035
58.041000000000004
171.154
23.937
256.671
66.666
65.593
98.74000000000001
237.603
499.999
15.872
32.862
107.524
499.999
233.446
71.95400000000001
55.232
430.357
28.493000000000002
79.289
81.804
192.019
61.434000000000005
138.457
154.53300000000002
157.69400000000002
162.792
305.048
49.471000000000004
25.033
95.183
238.308
35.388
51.401
44.22
41.667
40.322
29.171
41.361000000000004
499.999
73.962
52.45
163.497
24.375
68.999
46.07
169.862
41.565
31.717000000000002
42.381
74.069
60.052
311.962
499.999
63.386
278.22
70.851
61.814
60.56
97.69800000000001
56.642
369.218
43.315
118.946
435.855
262.96
63.254
67.95100000000001
69.153
499.999
32.478
382.011
95.771
193.361
32.160000000000004
435.932
62.313
71.943
60.868
102.539
37.789
142.01
104.755
322.78700000000003
499.999
275.38100000000003
32.566
189.328
94.617
76.041
126.892
130.712
34.457
136.689
190.53900000000002
53.491
48.522
97.389
229.262
60.505
70.257
51.828
24.644000000000002
214.81900000000002
209.399
343.758
109.473
86.145
231.436
143.125
406.05
76.741
207.67000000000002
82.687
86.684
78.72800000000001
51.186
51.923
55.593
177.354
109.295
295.758
407.05400000000003
31.239
143.169
30.264
102.035
70.039
84.702
136.15800000000002
120.015
245.542
72.049
341.86400000000003
65.196
69.503
499.999
499.999
127.798
117.632
173.068
59.666000000000004
61.655
143.553
290.601
120.682
123.08800000000001
68.731
499.999
84.673
408.113
179.16
98.46300000000001
126.799
105.628
36.604
32.496
33.436
102.784
446.901
499.999
98.051
322.526
339.598
32.411
397.476
382.653
41.056
217.786
125.732
50.973
35.305
54.235
236.24800000000002
90.471
28.461000000000002
132.609
14.819
127.73400000000001
202.061
93.372
67.193
264.07800000000003
95.07600000000001
236.621
37.889
32.016
107.629
125.37700000000001
287.373
60.034
92.0
288.61
43.707
41.332
41.93
99.749
171.864
499.999
69.036
88.413
356.37
74.303
75.72800000000001
34.107
52.927
74.365
499.999
52.925000000000004
29.878
52.137
131.572
173.71
435.419
37.166000000000004
68.83500000000001
145.415
165.41400000000002
499.999
62.169000000000004
320.06
67.106
267.69
39.548
499.999
53.464
382.883
57.272
34.749
67.107
80.266
371.974
499.999
148.585
28.364
247.147
58.688
124.511
190.555
39.562
163.982
44.424
213.621
34.769
28.011
61.616
121.595
299.36
59.399
28.368000000000002
404.104
103.43900000000001
75.365
203.573
154.472
44.296
155.674
499.999
64.655
499.999
126.44
77.083
203.11
235.964
94.93
56.133
70.67
179.641
84.291
304.157
307.57
63.154
284.863
41.375
499.999
113.20700000000001
50.115
499.999
168.786
36.137
82.343
73.742
25.174
200.576
106.795
374.484
133.656
49.755
31.078
37.445
499.999
107.277
71.47
260.531
179.978
58.773
499.999
107.02
61.862
67.367
150.935
52.534
362.772
190.204
124.202
27.503
104.60900000000001
44.184
24.768
261.356
382.438
170.649
28.437
71.45400000000001
59.194
499.999
64.461
76.741
32.043
409.702
305.786
323.21
29.876
57.116
47.235
80.541
67.171
33.099000000000004
78.726
72.07600000000001
27.176000000000002
158.874
35.551
92.273
48.054
216.948
41.087
109.664
38.762
58.899
205.281
265.902
499.999
34.731
34.729
270.406
218.99200000000002
52.534
224.243
215.828
33.565
108.325
49.694
75.799
162.52
130.731
499.999
123.423
31.875
28.903000000000002
106.511
39.048
51.581
108.73100000000001
170.184
100.01
25.397000000000002
75.162
62.136
98.77
209.292
108.502
39.761
230.685
154.851
106.669
82.668
498.105
499.999
205.252
59.433
67.21600000000001
89.249
314.824
348.291
499.999
217.263
83.078
154.725
73.941
59.221000000000004
28.554000000000002
50.602000000000004
65.795
270.009
31.146
107.316
31.493000000000002
29.400000000000002
52.928000000000004
288.704
499.999
74.381
46.064
45.693
135.81900000000002
162.49
61.822
54.13
89.005
117.98
34.388
36.988
67.524
124.902
104.727
36.974000000000004
155.224
95.113
56.885
34.333
499.999
146.643
43.816
87.998
44.207
45.478
110.257
49.889
51.985
244.365
444.786
403.926
24.843
105.777
299.309
28.485
44.566
499.999
51.57
131.487
82.381
67.663
338.883
41.994
137.28900000000002
24.921
86.163
50.589
272.986
76.387
149.859
174.713
499.999
483.71000000000004
40.447
158.235
40.224000000000004
73.662
233.431
347.788
135.663
86.32000000000001
44.523
170.321
59.53
127.58200000000001
132.064
74.146
118.406
281.7
66.551
38.773
75.56400000000001
262.611
60.44
210.95000000000002
75.502
26.903000000000002
499.999
105.908
348.54
20.499
76.095
499.999
499.999
170.78300000000002
105.775
44.645
66.96300000000001
161.764
86.424
33.547000000000004
284.633
100.79
109.102
79.746
86.078
52.076
49.488
484.85900000000004
40.448
144.79500000000002
49.511
137.507
39.065
108.971
112.419
63.95
95.182
161.335
32.729
30.329
72.239
109.651
37.103
175.475
129.126
48.565
79.365
251.108
76.343
170.696
103.436
175.996
39.499
344.169
393.118
30.693
122.923
113.41
34.577
31.315
40.178000000000004
67.419
30.592000000000002
279.873
132.222
97.665
499.999
126.513
98.226
77.836
107.307
123.639
113.65
294.559
138.904
128.973
29.967000000000002
499.999
247.946
499.999
60.96
189.03300000000002
152.393
456.10900000000004
39.414
71.998
54.536
35.438
35.145
47.043
42.016
73.72200000000001
499.999
64.157
48.13
38.015
63.712
72.202
65.876
104.836
39.819
191.11
46.415
127.47
464.764
93.738
123.205
93.227
164.231
122.339
297.707
168.512
115.849
126.202
43.598
452.10200000000003
499.999
45.904
370.41200000000003
100.889
67.054
483.122
57.52
111.305
340.843
34.875
80.787
57.802
499.999
499.999
86.547
499.999
57.050000000000004
380.385
96.027
298.505
49.833
23.79
45.308
63.288000000000004
215.556
124.95700000000001
58.632
46.048
27.665
328.24
323.064
72.214
96.385
246.536
94.604
23.878
102.96000000000001
291.672
85.504
32.465
60.371
391.101
64.43
407.1
94.852
135.834
178.029
326.391
499.999
86.446
36.314
204.888
57.636
46.597
376.97
130.364
56.975
83.788
47.864000000000004
179.544
312.652
74.188
292.196
22.147000000000002
55.931000000000004
77.413
82.312
19.369
393.895
101.653
54.238
64.661
57.117000000000004
64.522
37.973
266.642
499.999
70.177
108.24600000000001
150.885
33.009
34.471000000000004
32.502
44.679
45.113
172.213
499.999
318.45
53.863
47.492000000000004
71.019
58.611000000000004
19.418
179.06300000000002
53.876
112.193
258.734
47.809
53.651
94.10000000000001
104.171
42.725
94.916
381.853
152.314
38.669000000000004
287.773
74.435
34.791000000000004
124.813
374.517
77.912
187.418
129.279
47.429
85.45700000000001
85.715
203.778
33.227000000000004
79.673
222.818
499.999
116.22500000000001
415.69100000000003
83.499
25.037
56.438
69.665
55.665
499.999
275.00600000000003
61.659
499.999
117.404
155.098
382.904
146.472
49.266
53.724000000000004
85.577
39.422000000000004
114.07600000000001
42.566
231.332
61.375
173.715
98.986
44.023
160.703
94.12
449.226
42.109
100.311
87.70700000000001
91.45400000000001
157.594
134.565
47.717
152.81
411.877
36.315
39.775
42.377
74.428
29.404
22.022000000000002
118.408
45.35
97.399
495.10200000000003
294.091
81.911
200.50900000000001
87.39
182.46
111.995
243.812
31.953
60.21
413.431
62.082
449.546
116.434
58.148
118.434
499.999
127.921
175.898
83.89
169.5
80.191
35.066
120.132
152.448
299.871
38.586
499.999
80.867
66.685
90.48
41.335
39.552
87.095
38.893
42.043
97.665
66.128
63.596000000000004
217.357
123.545
42.901
77.318
423.934
25.080000000000002
483.459
110.441
35.958
45.726
22.981
290.165
38.161
177.477
107.98100000000001
207.683
80.45700000000001
319.923
132.119
214.621
48.195
81.267
342.312
235.903
179.141
61.922000000000004
54.931000000000004
63.440000000000005
106.864
241.89000000000001
499.999
42.743
57.211
146.567
57.887
73.012
426.20300000000003
97.259
50.495000000000005
181.418
63.358000000000004
41.234
26.078
225.078
91.374
27.999000000000002
304.21
499.999
190.516
187.912
32.347
46.271
229.107
64.09100000000001
45.739000000000004
414.546
499.999
59.776
80.754
71.96000000000001
124.531
101.845
150.268
186.351
111.785
38.326
87.334
194.547
102.883
185.145
183.254
140.17600000000002
201.704
202.625
276.291
21.883
47.509
50.837
166.504
499.999
34.923
267.619
499.999
72.911
499.999
77.485
121.97500000000001
65.324
79.104
35.267
66.57300000000001
499.999
45.435
22.386
82.136
184.157
111.041
61.956
56.71
145.491
24.168
86.015
164.847
126.178
82.68
21.966
499.693
426.624
67.822
98.521
243.806
40.768
100.682
143.401
76.917
68.917
366.123
104.717
83.165
51.182
96.742
56.402
499.999
180.441
105.166
50.038000000000004
145.261
81.348
328.73900000000003
85.07300000000001
87.95700000000001
271.044
244.5
41.111000000000004
253.03
34.691
33.951
148.381
22.105
56.238
194.104
139.968
112.72
149.242
499.999
195.144
468.594
82.209
75.061
148.26
49.011
49.102000000000004
186.734
151.31900000000002
40.553000000000004
34.597
46.303000000000004
27.136
61.902
83.121
40.955
63.089
133.125
200.071
237.418
146.346
62.583
141.046
96.896
53.349000000000004
78.618
289.63
83.372
47.980000000000004
265.605
19.179000000000002
135.915
94.56700000000001
327.593
109.622
178.26500000000001
69.036
19.789
22.936
52.223
25.288
67.618
393.156
499.999
106.907
499.999
85.523
88.339
148.09
73.029
35.989
100.186
158.092
99.685
46.225
289.783
91.084
66.191
141.722
25.015
141.399
26.052
58.15
65.53
106.901
143.542
72.629
79.915
134.78
39.836
395.914
499.999
123.19
32.257
64.357
55.524
106.39
28.268
79.237
33.815
356.663
65.72
52.988
44.094
121.892
91.563
103.843
309.67
32.501
302.799
494.616
43.123
198.151
114.497
192.95600000000002
82.572
59.127
323.49
89.18
37.683
285.931
118.742
39.361000000000004
52.328
110.715
155.631
499.999
122.383
33.271
58.300000000000004
94.136
106.84
114.089
39.603
205.38
499.999
35.873
106.664
56.139
283.332
38.864000000000004
199.751
21.218
36.155
32.483000000000004
30.66
62.862
55.575
57.410000000000004
308.41200000000003
110.657
92.001
28.089000000000002
58.571
231.227
321.432
77.919
271.408
87.47200000000001
36.374
152.412
151.53300000000002
34.72
127.134
64.336
47.160000000000004
25.71
28.717000000000002
34.615
159.108
198.418
122.10900000000001
51.422000000000004
177.316
159.662
319.16200000000003
51.629
38.692
62.261
499.999
57.489000000000004
41.349000000000004
29.069
325.702
293.836
28.867
88.227
146.23
108.565
40.480000000000004
42.38
77.057
30.935000000000002
70.77
214.869
151.544
395.01800000000003
119.697
97.056
499.999
37.907000000000004
62.384
33.811
19.036
87.058
48.01
499.999
444.846
29.975
110.483
131.482
41.317
62.329
499.999
499.999
122.23100000000001
69.58800000000001
58.975
63.847
30.101
50.563
66.135
85.928
44.581
37.313
34.308
64.414
324.776
49.932
499.999
86.9
72.893
281.556
499.999
181.116
102.121
95.311
41.888
41.378
23.111
410.967
26.174
32.432
83.39
38.865
174.105
92.371
168.184
380.087
89.262
198.695
123.76
79.584
57.576
78.83200000000001
63.304
241.77700000000002
373.13100000000003
49.001
179.185
45.267
81.004
37.71
378.44800000000004
71.399
61.591
470.681
44.727000000000004
421.29
121.668
137.624
107.626
45.367000000000004
47.711
306.656
65.971
57.668
221.098
155.485
50.986000000000004
37.217
114.893
115.164
260.642
156.197
56.947
42.744
72.667
92.613
155.072
149.008
234.808
92.647
108.272
221.133
28.571
26.345
125.08800000000001
43.873
116.825
151.49
243.799
309.104
70.928
499.999
33.881
237.32500000000002
61.145
44.382
66.149
387.689
350.451
23.672
364.706
108.714
93.191
499.999
136.983
179.982
66.703
63.757
71.839
34.441
499.999
72.149
86.479
23.071
134.713
326.278
87.176
63.363
91.001
202.173
66.188
82.041
51.299
184.71
210.201
52.5
48.892
40.469
477.249
42.124
396.82300000000004
106.436
28.539
43.305
82.279
472.951
45.393
40.904
28.048000000000002
151.286
103.964
51.025
74.22200000000001
41.329
168.217
40.133
106.396
94.396
46.723
394.645
76.733
373.707
263.452
28.47
499.999
104.193
90.107
283.15000000000003
22.622
73.909
27.761
93.723
84.368
259.86400000000003
32.001
95.705
127.867
72.04
47.386
51.6
36.204
92.256
134.365
46.166000000000004
152.974
304.421
95.624
65.208
218.124
75.106
257.996
59.408
65.102
330.303
337.64
365.267
47.611000000000004
40.856
499.999
97.514
58.571
32.125
301.728
60.901
211.195
39.543
44.005
35.275
61.064
129.15
42.221000000000004
89.09700000000001
287.312
20.821
118.647
46.45
36.203
35.743
390.911
71.51
57.088
73.699
75.784
65.887
56.729
66.771
61.93
124.44200000000001
61.855000000000004
39.31
25.995
52.097
66.906
76.316
271.084
31.966
161.732
499.999
35.576
24.202
36.714
30.534
499.999
119.785
71.257
131.838
56.431000000000004
40.01
24.8
373.753
66.94
90.276
47.639
143.535
499.999
103.912
23.648
499.999
115.056
50.458
94.9
499.999
37.386
228.86100000000002
165.574
141.913
93.665
45.949
121.194
36.053
373.187
168.564
174.03900000000002
132.473
44.231
97.526
499.999
262.755
362.069
23.504
499.999
278.47700000000003
77.143
102.539
40.411
26.653000000000002
51.625
299.672
86.025
28.225
126.983
499.999
151.177
73.546
499.999
82.979
499.999
271.924
53.025
291.664
281.104
499.999
58.59
209.03900000000002
24.509
407.338
250.541
82.671
120.644
256.10200000000003
69.169
493.731
114.289
79.071
56.623000000000005
92.07600000000001
157.977
37.299
101.095
74.34400000000001
206.684
197.844
66.834
191.354
33.722
30.129
79.238
103.492
156.339
99.842
190.67000000000002
165.47
31.239
467.156
125.211
385.754
80.186
401.01800000000003
47.761
42.233000000000004
499.999
138.821
93.521
26.574
51.698
50.782000000000004
68.915
55.097
81.641
61.203
499.999
80.044
157.165
499.999
192.597
158.845
499.999
188.178
48.834
33.059
499.999
47.412
31.923000000000002
87.801
21.2
94.805
432.23400000000004
36.635
71.634
371.017
66.967
499.999
31.363
230.886
211.058
83.774
29.674
30.88
61.831
78.03
39.298
96.528
119.617
148.311
188.485
58.39
167.511
61.164
122.037
302.99
69.284
499.999
157.312
175.963
81.788
54.824
57.759
225.035
499.999
151.31
128.713
360.331
57.719
441.115
51.751
354.258
82.003
54.745000000000005
78.289
73.676
70.109
499.999
83.224
178.46200000000002
499.999
51.717
499.999
50.365
78.912
18.05
268.934
499.999
62.641
139.809
358.094
84.931
48.319
80.002
499.999
22.789
236.614
91.059
187.604
197.38
499.999
76.988
179.276
132.711
53.953
49.944
125.339
109.674
73.038
48.604
364.156
499.999
111.384
57.268
72.7
26.113
152.712
130.704
126.97200000000001
499.999
41.994
117.327
105.9
499.999
499.999
246.98000000000002
24.539
499.999
62.931000000000004
33.594
46.189
35.708
64.627
244.243
30.931
344.954
91.604
39.363
297.2
59.051
55.276
187.049
467.007
51.125
169.591
175.156
25.577
38.629
121.304
50.794000000000004
320.97
77.328
118.933
151.074
49.954
186.043
181.853
68.551
155.086
188.83700000000002
111.361
41.434
337.456
60.112
105.839
314.504
280.202
70.53
187.833
92.506
114.305
33.085
113.16
439.563
106.394
265.273
107.738
409.439
499.999
275.634
42.055
85.552
274.789
23.348
292.475
49.282000000000004
58.946
42.889
84.949
180.244
35.551
79.141
25.881
29.560000000000002
97.923
42.413000000000004
59.468
93.009
251.353
82.07000000000001
31.778000000000002
456.327
133.948
74.01
45.605000000000004
361.902
45.291000000000004
46.216
39.714
42.836
47.635
85.899
25.954
43.096000000000004
63.676
44.27
29.661
114.962
142.202
261.973
40.832
350.584
499.999
416.813
406.502
314.505
43.249
36.977000000000004
65.407
142.591
499.999
499.999
38.778
499.999
87.373
41.397
41.481
36.041000000000004
68.032
84.45
23.042
317.735
41.257
190.264
28.57
255.44400000000002
34.115
90.999
78.888
207.513
294.978
57.84
499.999
57.097
31.815
157.038
111.718
40.585
41.036
48.921
81.97
402.047
42.187
499.999
200.302
499.999
121.744
499.999
456.81600000000003
86.888
243.96200000000002
28.321
23.566
41.573
80.646
33.398
40.693
288.021
41.436
353.027
71.256
79.52
31.278000000000002
138.093
32.567
51.638
193.11
43.824
272.956
56.756
261.97700000000003
52.06
127.622
129.55100000000002
499.999
262.699
499.999
59.694
23.511
152.779
132.633
195.141
37.494
67.617
35.822
52.672000000000004
200.304
129.377
49.348
223.64600000000002
112.789
147.415
23.400000000000002
346.486
61.943
186.77
499.999
194.089
487.63
51.489000000000004
51.021
58.33
178.327
66.917
49.945
352.623
48.638
52.988
54.401
54.734
499.999
57.189
92.59100000000001
37.107
117.548
41.044000000000004
118.357
142.673
166.836
67.784
82.099
148.346
92.034
248.948
229.34900000000002
269.123
240.141
27.049
210.576
35.314
38.689
194.03
94.296
55.926
95.754
61.995000000000005
140.096
64.234
373.391
221.354
28.17
499.999
191.81
40.462
76.559
140.728
302.90500000000003
234.189
69.771
143.391
217.797
499.999
61.426
49.927
127.932
62.502
48.516
221.538
28.412
53.318
98.792
74.542
51.537
41.606
135.012
156.776
99.27
353.88
173.20000000000002
45.364000000000004
125.921
76.025
43.981
69.324
28.065
36.126
222.132
49.222
80.349
73.249
51.171
25.076
83.196
269.827
173.04
129.303
39.134
145.208
35.934
49.897
197.886
78.66
134.591
156.377
80.47500000000001
150.501
190.103
49.599000000000004
131.362
79.668
129.385
187.62
104.919
404.486
86.31
116.69200000000001
28.92
84.958
176.071
243.142
86.565
145.456
108.289
441.851
77.593
117.825
499.999
212.69400000000002
73.009
192.229
48.434
139.041
52.322
44.417
55.781
95.766
78.96600000000001
97.768
216.966
82.563
48.002
39.959
30.704
227.347
421.17
206.992
115.102
66.309
69.63
65.56
83.898
268.045
329.041
499.999
217.232
103.96900000000001
148.654
132.423
109.10600000000001
100.745
263.333
217.278
14.895
499.999
115.268
36.782000000000004
100.165
339.687
182.11
248.8
102.892
70.81400000000001
53.047000000000004
24.795
82.336
499.999
39.35
51.453
86.672
166.036
144.19
111.199
144.375
113.289
53.014
99.46600000000001
47.507
51.576
499.999
195.717
26.396
216.455
293.201
499.999
308.337
93.392
64.379
92.641
61.154
23.98
40.039
44.808
168.437
56.715
55.226
203.567
499.999
47.06
83.988
55.442
241.293
48.509
55.738
161.547
38.972
31.179000000000002
124.822
499.999
88.521
56.541000000000004
255.747
42.343
29.062
46.595
101.759
44.852000000000004
57.849000000000004
179.973
389.553
82.724
138.879
180.278
145.119
27.055
50.347
72.461
40.957
499.999
207.494
499.999
123.776
121.718
499.999
23.989
134.899
140.25300000000001
321.936
46.195
29.847
499.999
44.426
158.199
250.363
54.107
48.862
99.255
73.958
499.999
66.632
86.119
120.584
36.997
53.617000000000004
36.533
227.118
26.047
206.1
55.508
54.572
84.663
58.356
102.907
499.999
153.323
356.957
46.255
39.744
490.365
40.435
41.288000000000004
138.661
35.567
104.561
103.24000000000001
87.248
35.443
130.507
53.997
53.431000000000004
101.31700000000001
118.151
40.094
88.983
71.45400000000001
499.999
136.55700000000002
391.43600000000004
59.778
80.919
49.373
124.717
499.999
116.60900000000001
378.478
212.386
52.21
25.836000000000002
163.629
50.668
115.858
49.371
46.974000000000004
71.235
499.999
499.999
86.07000000000001
499.999
158.116
181.562
50.813
404.796
151.364
103.016
499.999
38.352000000000004
80.334
67.122
20.696
52.913000000000004
65.887
104.526
82.545
335.523
38.492
499.999
162.177
81.145
107.17
163.784
465.242
199.302
36.151
65.999
67.643
99.053
118.729
54.732
198.519
119.033
199.796
117.831
151.32
181.207
77.084
158.66400000000002
40.399
283.121
81.694
34.196
158.31
75.432
70.364
253.876
64.505
92.062
326.947
63.413000000000004
85.459
28.405
109.099
157.483
144.388
78.357
45.597
193.703
169.357
44.979
221.268
42.945
25.243000000000002
154.381
486.205
173.263
44.52
110.633
39.894
61.938
78.742
57.797000000000004
97.215
22.037
248.15200000000002
416.093
57.09
258.169
499.999
114.20100000000001
46.404
49.752
44.265
45.423
48.859
54.509
32.75
499.999
499.999
139.159
434.339
198.333
280.581
29.514
249.061
262.734
63.58
57.166000000000004
22.975
97.544
173.316
186.372
309.812
45.112
22.413
144.06900000000002
44.309
363.79200000000003
215.062
61.809000000000005
499.999
58.523
109.432
192.89600000000002
186.215
251.608
57.546
17.319
38.563
499.999
255.016
127.60300000000001
48.365
52.759
72.059
344.803
99.956
184.33100000000002
38.575
117.132
104.092
32.025
110.992
249.417
499.999
61.478
39.513
78.184
158.391
66.807
177.72
46.137
419.255
119.964
61.345
32.613
24.705000000000002
64.908
365.149
281.511
173.548
170.155
37.349000000000004
499.999
108.67
59.013
61.784
336.019
144.52100000000002
132.96
56.072
57.424
85.417
339.211
54.118
206.401
88.568
76.94200000000001
324.475
30.79
39.669000000000004
40.408
21.238
66.378
110.911
35.896
125.571
72.768
228.318
499.999
39.239000000000004
58.515
277.42900000000003
66.647
83.255
85.237
110.071
49.154
57.269
78.763
73.256
37.072
87.876
499.999
499.999
84.385
218.824
30.268
259.297
57.114000000000004
388.966
273.498
116.403
50.329
499.999
499.999
66.106
46.621
167.401
246.278
58.669000000000004
237.856
62.043
83.42
60.636
31.998
49.702
152.887
50.207
58.777
43.739000000000004
132.488
66.863
203.16
146.154
85.819
140.505
259.636
40.573
302.947
116.602
236.21
45.125
499.999
41.705
44.215
168.726
230.12800000000001
67.333
494.838
416.86400000000003
225.44400000000002
450.60900000000004
67.70100000000001
396.159
139.05700000000002
50.195
180.585
174.119
499.999
170.72
104.762
417.66700000000003
98.977
47.129
38.635
28.545
98.009
63.662
153.345
40.331
242.03300000000002
70.09400000000001
77.795
85.782
55.99
52.587
31.854
270.987
85.705
80.60300000000001
499.999
153.747
73.563
65.225
274.394
26.652
499.999
79.738
161.613
324.19100000000003
191.69400000000002
499.999
51.906
211.327
50.623
146.1
79.096
499.999
181.77100000000002
499.999
97.528
94.434
84.348
499.999
332.902
44.097
98.35300000000001
60.941
308.458
310.154
499.999
29.319
117.525
37.516
33.333
232.425
41.248
54.59
82.498
49.774
82.568
94.94800000000001
70.084
114.521
71.488
364.919
98.888
364.533
56.319
185.458
321.919
57.879
499.999
342.64
125.46600000000001
112.438
76.766
82.247
38.263
49.424
63.248000000000005
71.33500000000001
149.00900000000001
53.727000000000004
55.27
70.977
110.57300000000001
167.137
132.144
499.999
277.64300000000003
26.793
68.203
238.63400000000001
84.864
86.776
83.101
499.999
411.665
103.496
63.245000000000005
393.961
116.843
134.034
47.839
48.652
184.838
96.24000000000001
136.995
89.60000000000001
346.485
499.999
308.85200000000003
239.853
92.94500000000001
336.56
107.409
179.481
43.29
53.93
30.398
258.659
33.664
133.163
39.281
499.999
42.429
49.631
160.053
93.044
177.278
183.659
60.088
144.731
25.984
499.999
76.134
182.804
30.661
114.85000000000001
66.089
285.579
97.14
105.643
35.595
59.727000000000004
20.226
42.527
34.658
49.919000000000004
60.666000000000004
78.531
60.695
89.99
40.37
41.235
89.537
270.962
65.177
57.878
252.627
499.999
69.709
38.861000000000004
134.221
42.974000000000004
61.413000000000004
59.861000000000004
105.97
36.201
187.508
101.578
92.995
81.739
34.381
499.999
248.892
65.062
499.999
51.24
267.613
39.828
78.776
48.799
133.606
145.12800000000001
132.876
51.633
212.99
87.138
100.755
165.881
94.37
17.503
49.592
161.064
107.45100000000001
499.999
115.44200000000001
26.535
83.41
265.806
86.044
153.514
325.74
185.768
499.999
394.786
72.022
79.86
38.648
136.779
74.88
76.265
109.932
47.771
87.09400000000001
35.028
69.20100000000001
361.85
31.066
139.955
44.487
346.889
184.068
499.999
58.433
499.999
52.665
171.24
270.13100000000003
499.999
159.125
49.794000000000004
155.117
116.256
22.611
143.82
91.842
193.034
61.919000000000004
31.943
499.999
61.228
499.999
143.335
344.66200000000003
46.397
39.828
255.20600000000002
499.999
65.143
368.951
90.415
47.567
209.321
31.149
15.813
31.978
461.023
179.195
67.20100000000001
97.868
39.722
61.602000000000004
240.43800000000002
39.897
49.551
499.999
60.662
163.572
73.565
171.92000000000002
174.507
98.714
96.624
62.012
66.481
30.115000000000002
292.57
71.737
29.805
34.324
97.158
499.999
499.999
67.296
20.416
43.300000000000004
61.703
23.31
44.9
104.62
44.044000000000004
45.198
55.192
382.919
87.807
97.145
96.647
274.688
357.92
121.873
96.977
125.062
46.375
40.814
97.3
76.309
127.72500000000001
351.664
135.746
102.923
138.487
435.922
36.779
24.184
97.098
368.233
46.193
241.436
165.802
145.984
140.005
207.558
44.079
499.999
49.839
65.423
132.805
96.049
69.243
243.571
112.636
55.835
62.985
46.707
81.033
240.435
77.488
94.169
18.742
67.509
47.384
49.936
383.301
58.261
370.129
75.107
77.71900000000001
46.463
141.093
80.485
45.011
77.705
139.453
499.999
208.476
134.029
304.342
20.792
251.46800000000002
66.151
33.807
95.414
111.379
131.876
88.306
96.4
165.764
28.386
91.418
42.56
116.291
191.588
24.663
103.22200000000001
54.925000000000004
61.923
43.779
38.355000000000004
107.794
188.16400000000002
499.999
114.815
167.196
145.007
103.745
184.205
126.901
499.999
65.214
65.112
39.446
283.785
77.374
53.727000000000004
274.019
94.059
27.621000000000002
499.999
281.6
176.449
43.464
292.29
72.836
117.669
42.781
78.96900000000001
217.267
244.137
39.987
44.686
104.287
61.137
126.31
64.82600000000001
312.062
144.20000000000002
286.771
180.612
334.311
44.576
389.802
40.609
129.877
122.15
40.965
278.541
155.67000000000002
125.07900000000001
201.675
157.559
65.874
106.614
99.905
28.712
46.818
135.974
273.01800000000003
52.359
50.341
499.999
64.11
499.999
159.922
73.351
63.747
499.999
76.887
268.709
56.329
499.999
165.495
110.441
87.758
191.352
132.90200000000002
33.664
120.83800000000001
51.107
115.83
71.61
423.105
52.795
83.524
45.355000000000004
59.671
101.386
22.691
39.42
49.355000000000004
51.102000000000004
73.074
75.362
53.611000000000004
406.582
85.631
48.242000000000004
56.617000000000004
229.022
75.915
30.913
85.976
49.129
64.043
148.668
374.951
60.76
36.17
499.999
62.983000000000004
177.142
47.334
41.676
356.988
94.797
40.769
499.999
68.374
56.105000000000004
124.66
138.03300000000002
499.999
43.344
499.999
122.991
66.879
68.861
499.999
499.999
45.37
52.428000000000004
24.396
110.602
341.994
57.114000000000004
57.219
42.973
121.584
324.859
144.473
42.542
63.113
179.172
297.262
87.034
41.588
41.377
59.823
79.714
28.492
79.683
61.716
56.598
86.519
25.088
77.961
130.616
44.366
102.61500000000001
137.691
134.574
157.33
495.505
154.065
96.223
78.643
38.522
145.727
308.0
499.999
39.994
230.241
35.361000000000004
499.999
76.06
125.86800000000001
499.999
49.897
221.491
143.154
37.158
249.10500000000002
142.248
77.549
127.305
44.241
37.606
147.508
64.092
258.96500000000003
20.244
29.612000000000002
77.435
57.812000000000005
66.483
159.247
499.999
73.235
60.434000000000005
153.466
369.398
88.881
351.687
100.11200000000001
499.999
222.651
163.364
45.945
49.364000000000004
333.623
46.527
46.825
155.356
56.622
34.163000000000004
132.374
63.721000000000004
318.91
350.077
187.967
97.752
135.268
203.006
66.449
400.261
234.03300000000002
315.082
261.487
83.19
33.761
42.644
499.999
205.1
161.084
323.618
158.725
49.084
87.04
47.811
138.29
35.704
106.209
313.261
67.339
38.421
499.999
493.887
148.53900000000002
96.023
115.111
103.74000000000001
118.167
57.413000000000004
109.502
42.507
290.725
70.678
112.267
499.999
499.999
235.038
499.999
140.151
376.752
54.629
54.652
412.158
57.408
36.816
63.664
95.025
37.314
61.884
215.752
65.09100000000001
27.169
43.016
46.5
499.999
246.922
121.777
78.45700000000001
144.832
38.544000000000004
75.283
27.457
281.303
51.361000000000004
371.51
110.32000000000001
499.999
176.032
66.35
35.224000000000004
66.587
499.999
165.488
61.910000000000004
77.679
76.548
54.799
262.014
174.90800000000002
151.285
42.103
36.872
42.374
46.404
36.831
53.439
144.67000000000002
29.463
46.961
83.795
438.743
218.657
200.65800000000002
73.272
354.222
47.277
34.417
146.836
206.625
328.955
33.980000000000004
203.767
499.999
102.308
164.51500000000001
37.453
93.995
69.731
20.293
65.7
52.273
91.699
140.686
114.804
162.411
50.866
314.16700000000003
116.137
90.47
361.14300000000003
58.945
81.675
64.933
171.877
58.753
85.968
30.795
65.866
443.546
197.821
48.552
62.789
50.253
270.922
108.565
42.404
96.43900000000001
40.424
499.999
71.87
201.391
76.306
44.224000000000004
81.277
277.105
282.39
248.362
123.723
168.823
25.198
57.849000000000004
46.295
36.891
78.97
98.408
350.289
417.201
499.999
60.346000000000004
50.671
165.26500000000001
499.999
67.928
92.057
69.044
97.171
184.732
52.548
230.41
178.193
58.294000000000004
89.889
32.547000000000004
81.78
140.323
499.999
59.952
68.614
92.993
57.355000000000004
48.724000000000004
89.752
499.999
67.884
306.106
47.447
120.777
117.531
52.013
63.992000000000004
499.999
282.659
106.10300000000001
183.666
119.598
107.747
65.19500000000001
254.092
499.999
116.721
391.711
59.809000000000005
63.471000000000004
499.999
499.999
162.989
111.752
169.603
405.656
36.797000000000004
43.078
110.268
249.534
290.77500000000003
70.411
499.999
42.558
73.44200000000001
63.177
80.359
91.509
48.183
64.074
33.622
26.652
338.03700000000003
229.827
39.799
31.502
55.426
37.215
452.87100000000004
27.361
152.65
89.218
161.613
49.289
60.771
58.071
41.207
82.865
24.748
499.999
54.998000000000005
115.616
199.863
76.917
35.104
137.484
47.888
56.034
375.069
202.275
112.074
70.058
499.999
229.79
44.438
42.814
295.174
24.758
499.999
140.763
137.593
31.768
224.999
499.999
134.299
268.259
149.376
79.91
58.917
119.428
58.557
20.34
59.192
114.34700000000001
106.95100000000001
72.438
64.533
50.896
52.571
84.645
141.32500000000002
25.127
499.999
75.537
157.751
199.8
38.247
130.54
102.754
40.969
112.20400000000001
22.129
499.999
105.33500000000001
318.78700000000003
48.496
35.729
110.061
90.058
49.207
43.774
36.236000000000004
271.996
65.632
90.58800000000001
379.627
77.84400000000001
30.223
91.257
64.086
35.491
59.54
478.281
95.172
298.973
48.572
134.84
138.40800000000002
97.267
83.73100000000001
28.606
108.07900000000001
80.46900000000001
136.281
48.989000000000004
353.31
59.705
41.751
312.427
373.06100000000004
312.125
113.93900000000001
91.974
242.084
104.011
63.851
323.599
106.885
57.04
63.133
108.664
62.592
57.184000000000005
149.483
114.389
91.34100000000001
288.398
71.58
99.21600000000001
77.493
163.428
60.825
397.666
73.22200000000001
74.756
73.495
58.979
55.264
499.999
35.428
41.665
60.605000000000004
442.05400000000003
192.116
28.005
36.597
23.043
29.882
72.241
40.935
101.32900000000001
46.065
128.713
285.244
40.856
78.236
32.74
38.787
203.572
394.137
93.874
49.461
41.977000000000004
49.347
279.637
253.38400000000001
72.831
223.958
244.252
48.545
499.999
300.29200000000003
93.798
24.808
204.40800000000002
264.241
499.999
311.985
89.86
28.151
236.207
44.775
169.564
307.807
47.817
204.68800000000002
97.882
195.12800000000001
123.172
47.819
346.752
26.091
241.841
62.463
223.937
33.5
82.432
47.237
136.477
26.776
314.135
53.523
70.44200000000001
287.195
168.204
64.271
227.869
212.264
155.816
162.865
104.023
376.52
474.408
257.348
216.026
89.546
28.119
69.852
19.767
79.883
48.645
39.403
445.21500000000003
52.955
60.548
77.638
276.693
75.677
58.555
347.97700000000003
56.381
149.525
311.225
35.764
54.068
499.999
42.606
54.365
30.788
70.916
52.548
47.683
176.52100000000002
67.105
46.698
59.106
73.46600000000001
26.319
67.143
209.127
162.561
124.24000000000001
94.687
55.423
191.40800000000002
309.178
499.999
145.25300000000001
105.543
306.475
81.727
52.291000000000004
60.084
92.593
52.301
86.542
85.264
85.897
87.857
26.469
119.149
339.714
63.126000000000005
127.489
328.505
52.804
48.929
169.677
71.431
244.494
44.568
58.374
185.668
211.635
148.387
59.398
70.621
256.575
106.35900000000001
202.33100000000002
77.39
44.642
170.455
461.071
91.163
70.164
425.464
57.097
26.526
311.18
49.933
499.999
76.403
145.035
73.587
112.855
238.14600000000002
116.791
33.477000000000004
95.592
73.55
261.685
59.924
112.254
58.429
84.864
42.596000000000004
355.846
55.885
67.959
114.062
180.72
499.999
79.284
61.787
28.240000000000002
61.132
207.526
71.84700000000001
65.474
103.904
493.26300000000003
131.367
42.776
48.442
36.82
34.566
489.791
405.684
44.468
499.999
111.559
28.567
25.938
35.337
123.76
48.159
367.839
63.684000000000005
103.477
97.486
130.567
499.999
471.576
32.127
90.872
71.239
68.391
29.035
94.611
87.639
120.73700000000001
128.734
44.415
132.055
31.034
153.81
27.841
357.618
291.10200000000003
45.759
292.562
48.272
129.615
104.519
173.92600000000002
47.911
499.999
273.721
232.50900000000001
67.003
192.113
69.25
145.254
36.07
201.267
305.87
75.943
62.278
253.19400000000002
85.781
209.181
53.888
180.893
131.073
299.885
309.924
168.353
397.56100000000004
63.138
39.939
129.298
102.59700000000001
256.336
54.977000000000004
499.999
54.51
74.898
98.301
208.23600000000002
25.12
401.845
81.163
146.603
148.43
97.83
227.01
45.313
222.702
60.607
90.902
39.726
42.724000000000004
50.659
196.72
255.577
204.404
282.307
29.746000000000002
499.999
78.232
28.76
61.338
55.206
499.999
110.702
80.69200000000001
31.037
123.97500000000001
64.928
366.39300000000003
85.06400000000001
209.257
50.276
108.614
61.188
39.886
154.649
49.046
40.910000000000004
136.971
413.212
157.645
41.463
47.447
60.961
64.297
177.738
376.369
31.107
499.999
72.61
93.71900000000001
499.999
142.544
182.306
22.186
238.96200000000002
81.967
275.951
120.802
122.89
35.924
36.753
56.736000000000004
29.273
181.57
89.802
66.919
49.999
32.556
41.316
91.369
499.999
53.873000000000005
216.61100000000002
45.635
292.649
100.361
87.517
113.379
55.76
77.595
75.528
286.356
395.83500000000004
75.453
71.037
17.005
174.12
43.949
213.614
499.999
499.999
53.146
72.31400000000001
81.02
302.323
40.017
65.499
68.163
160.508
39.839
499.999
175.739
80.761
63.792
250.089
278.534
66.503
28.408
118.03
236.679
48.103
42.394
331.41
105.608
170.662
245.947
43.696
87.628
50.24
405.785
191.18800000000002
40.679
192.928
135.971
199.35
83.63
40.78
33.234
301.658
102.85600000000001
45.027
46.928000000000004
91.028
499.999
47.673
307.865
30.045
39.813
62.044000000000004
75.319
110.924
109.514
113.848
94.648
102.349
261.976
37.319
499.999
370.91
55.814
39.374
71.992
71.33200000000001
210.16400000000002
31.866
104.628
245.744
52.291000000000004
227.546
37.259
83.946
499.999
95.498
54.194
240.345
45.6
63.271
75.322
175.461
310.964
112.751
112.667
24.198
499.999
28.328
70.038
32.213
327.021
218.01
110.85900000000001
83.922
89.18
66.423
80.043
250.891
101.545
434.132
29.068
499.999
387.223
62.467
65.81
126.58800000000001
227.951
145.981
38.842
88.665
321.593
499.999
155.332
499.999
41.642
236.223
84.581
150.68
95.301
347.872
499.999
32.273
79.72800000000001
72.017
265.871
101.953
180.95600000000002
45.244
221.274
383.862
83.806
87.70400000000001
473.257
50.552
173.769
499.999
253.747
73.885
169.4
31.803
52.777
21.451
277.478
59.864000000000004
33.441
39.627
65.904
126.373
95.215
97.95700000000001
345.21
84.824
41.47
188.833
57.092
109.81400000000001
301.365
224.14600000000002
159.861
499.999
88.143
243.964
255.274
92.81700000000001
274.65500000000003
27.072
156.34
118.178
62.467
32.846000000000004
54.803000000000004
142.501
24.999
78.861
37.83
92.168
97.989
88.46300000000001
43.26
434.668
154.55700000000002
35.477000000000004
26.592000000000002
377.543
124.559
53.836
499.999
22.526
283.302
40.876
44.997
499.999
116.69800000000001
33.167
98.96900000000001
499.999
437.747
318.749
54.508
82.209
48.131
44.158
90.902
72.021
160.484
124.428
186.31300000000002
76.2
152.704
193.53
134.01
207.768
57.673
161.58700000000002
20.712
164.83700000000002
250.738
114.13
48.406
38.999
67.994
37.009
58.532000000000004
22.578
45.845
32.2
97.11
218.93200000000002
49.108000000000004
74.485
119.04
149.298
122.039
155.002
102.61200000000001
135.888
167.086
338.055
91.004
54.411
85.646
122.82000000000001
157.889
347.964
58.872
185.475
456.285
98.851
83.19800000000001
53.595
56.042
499.999
37.014
27.527
234.37300000000002
499.999
81.846
499.999
223.709
182.179
37.784
103.139
57.4
56.539
102.36200000000001
56.943
183.723
59.434000000000005
98.762
43.053000000000004
93.28
451.539
49.468
101.453
29.973
96.825
194.979
42.794000000000004
133.078
82.82600000000001
317.717
264.732
476.737
183.478
110.18900000000001
35.367
130.872
295.91700000000003
69.205
125.396
29.773
122.5
16.535
120.303
60.235
32.125
53.224000000000004
140.31900000000002
36.083
96.813
135.78300000000002
30.084
118.623
331.641
499.999
236.548
499.999
135.578
120.69200000000001
98.272
134.607
161.931
47.179
33.595
434.072
161.095
321.159
44.07
27.512
178.487
131.663
391.397
222.226
258.158
229.94
324.741
43.705
100.241
283.661
48.443
28.291
499.999
499.999
58.21
98.042
135.151
43.822
257.471
387.71500000000003
143.41
353.90000000000003
44.775
115.31400000000001
499.999
313.547
89.905
58.829
395.476
177.731
65.786
29.628
183.68
128.466
61.944
38.645
29.811
85.304
67.24
122.274
60.265
499.999
143.586
267.671
404.029
499.999
98.253
89.31700000000001
70.306
218.448
26.303
282.821
75.106
34.051
30.221
499.999
56.298
71.498
89.574
28.727
164.656
79.739
64.505
20.69
30.237000000000002
329.676
171.25900000000001
48.256
35.18
499.999
97.934
49.674
192.799
31.322
316.512
59.658
472.943
308.109
54.213
46.253
98.134
66.959
95.417
62.543
279.984
51.994
104.657
326.835
81.172
43.891
232.421
24.326
42.642
49.772
169.06
105.641
92.378
160.08700000000002
266.571
35.725
68.199
112.428
199.379
62.158
206.748
95.3
499.999
61.719
98.95400000000001
368.437
251.851
135.621
56.131
340.255
37.046
446.981
147.632
44.128
57.858000000000004
57.832
105.164
33.174
37.199
50.129
235.049
386.95
23.958000000000002
163.245
54.161
324.745
312.286
329.184
99.651
58.551
54.939
499.999
80.421
499.999
30.544
233.001
57.438
251.262
34.09
25.417
499.999
108.069
121.34100000000001
123.348
183.983
35.013
154.462
359.454
62.809000000000005
189.125
34.753
499.999
280.424
80.65
70.0
499.999
63.92
67.19
499.999
50.972
64.569
208.01500000000001
156.348
57.983000000000004
59.08
220.077
237.907
118.193
70.93900000000001
25.693
139.493
85.49
38.644
231.76
156.823
78.152
25.015
499.999
159.335
174.846
200.728
89.06400000000001
40.437
138.343
95.867
297.721
133.965
79.346
121.81400000000001
33.509
499.999
499.999
25.23
73.046
499.999
90.769
67.118
67.491
66.974
44.22
108.61200000000001
128.758
64.675
163.485
135.594
125.47200000000001
255.167
135.485
179.37800000000001
27.687
499.999
60.432
43.311
49.929
105.12
74.807
57.459
111.263
455.663
160.854
61.259
164.615
67.309
120.017
173.572
37.739000000000004
161.038
51.523
109.394
499.999
119.164
212.957
334.017
172.81
150.113
68.699
174.502
350.575
256.372
318.795
272.278
34.857
78.256
47.599000000000004
27.946
143.17600000000002
499.999
283.431
209.839
320.92900000000003
119.492
91.619
25.002
40.01
131.538
499.999
370.982
89.648
272.106
142.968
56.467
66.556
279.452
141.796
60.782000000000004
49.928000000000004
125.072
89.857
56.927
329.947
31.479
499.999
37.393
122.642
37.111000000000004
107.4
76.59700000000001
71.316
499.999
53.983000000000004
137.63400000000001
23.346
25.835
69.57300000000001
48.261
330.133
109.286
181.043
364.774
103.58
203.69400000000002
116.333
38.613
499.999
225.034
446.29900000000004
340.379
353.781
426.087
76.646
156.835
26.709
81.897
78.126
74.578
499.999
31.038
97.414
94.943
47.046
50.182
157.982
82.299
33.232
39.912
205.64000000000001
499.999
60.787
145.046
41.387
61.204
478.226
97.151
71.015
34.305
244.607
113.36500000000001
165.393
32.423
432.463
46.374
56.652
72.256
106.683
55.435
78.158
499.999
37.153
465.15500000000003
499.999
94.20400000000001
216.47400000000002
66.771
57.146
382.44
224.982
50.604
494.697
119.717
44.019
82.929
94.71300000000001
262.36
111.58
76.34400000000001
37.856
99.47200000000001
66.52
41.327
308.41200000000003
64.964
408.932
499.999
156.341
109.71300000000001
34.244
105.793
111.976
499.999
209.781
76.595
499.999
45.584
499.999
96.93900000000001
304.89300000000003
65.646
83.482
219.647
49.679
40.789
101.683
142.03900000000002
35.035000000000004
499.999
447.557
125.955
165.92600000000002
152.065
64.662
67.65
499.999
115.613
174.276
20.490000000000002
81.382
144.262
31.778000000000002
42.135
128.976
210.644
119.664
19.237000000000002
262.771
499.999
239.089
73.869
53.631
336.82800000000003
45.536
499.999
85.138
76.035
53.268
499.999
315.781
220.196
30.286
111.572
499.999
38.625
499.999
71.627
69.125
111.024
499.999
84.437
50.372
134.561
72.302
65.05
93.194
165.741
186.49
343.611
167.068
55.455
161.481
45.381
67.096
101.837
104.56
230.644
81.741
77.685
69.313
66.527
58.139
250.27
35.186
499.999
57.28
334.78000000000003
69.892
31.365000000000002
72.184
38.558
30.809
177.082
166.991
161.645
75.41
66.479
65.741
37.917
77.905
247.828
59.202
63.704
135.762
477.502
53.306000000000004
34.721000000000004
59.541000000000004
16.122
37.107
47.192
47.554
149.097
499.999
200.097
138.867
74.158
57.722
65.31400000000001
291.134
200.566
95.523
499.999
52.93
75.016
374.719
319.466
499.999
72.833
26.073
144.391
107.19
21.562
76.363
100.167
62.044000000000004
217.695
265.344
499.999
94.58200000000001
499.999
65.561
57.613
255.63500000000002
74.061
250.017
52.991
39.37
138.209
408.262
87.33
27.346
266.799
112.766
92.489
499.999
40.678000000000004
240.409
146.337
55.344
53.83
71.464
85.904
179.636
52.09
53.835
114.431
357.12
92.73100000000001
41.108000000000004
464.47700000000003
92.325
177.451
85.631
156.684
499.999
91.991
499.999
499.999
285.724
87.361
352.366
86.545
62.269
65.596
60.377
65.484
100.72500000000001
499.999
32.312
499.999
165.993
35.593
234.12300000000002
499.999
157.191
34.428
53.706
42.362
80.718
47.737
84.69200000000001
431.843
49.026
124.525
37.349000000000004
102.67
53.307
42.593
29.894000000000002
31.241
203.613
61.644
40.681
99.45400000000001
65.479
52.803000000000004
71.70700000000001
113.43
499.999
101.574
87.613
39.937
499.999
72.538
353.833
170.106
107.729
124.867
121.99300000000001
70.687
344.80400000000003
153.828
66.123
58.616
128.40200000000002
42.826
225.879
276.38800000000003
77.738
431.902
286.296
86.072
46.431000000000004
102.49000000000001
49.808
87.762
51.587
35.201
64.548
76.21000000000001
106.86200000000001
188.87
48.578
39.826
180.758
221.787
52.094
39.815
108.989
227.15
499.999
171.797
83.893
119.052
117.037
133.68800000000002
120.676
65.608
43.362
27.599
67.621
151.17000000000002
69.642
38.139
33.913000000000004
95.913
285.911
34.201
66.935
32.598
61.782000000000004
33.881
95.33800000000001
52.555
53.359
57.276
185.213
75.307
57.223
207.293
46.265
330.539
393.306
14.503
44.831
67.56
106.366
45.837
238.292
35.202
40.632
94.518
176.483
144.09
138.976
81.363
161.961
26.604
38.679
241.715
185.97400000000002
30.473
170.531
69.70400000000001
74.70700000000001
103.35900000000001
221.729
47.502
46.734
43.128
55.254
74.538
23.77
153.15800000000002
62.584
75.637
54.826
89.117
91.861
133.972
87.726
79.721
81.243
314.777
93.979
110.089
35.794000000000004
206.246
61.261
159.429
191.174
136.499
56.561
107.08800000000001
126.938
74.743
68.492
499.999
196.052
466.54900000000004
99.964
149.262
122.233
80.688
137.01
265.609
106.992
151.615
112.49300000000001
31.173000000000002
499.999
356.281
166.166
209.862
231.37300000000002
69.07900000000001
332.666
499.999
30.076
71.923
411.548
98.976
88.149
79.71900000000001
77.257
375.01
457.798
192.216
130.489
65.132
189.62800000000001
65.035
316.699
256.996
95.918
98.967
74.131
36.618
164.866
183.059
128.209
335.58
150.876
37.901
155.478
71.526
14.366
42.608000000000004
104.98100000000001
207.043
24.566
43.201
34.959
304.01800000000003
68.224
166.144
50.369
499.999
215.086
47.698
52.983000000000004
33.184
416.34000000000003
87.125
29.821
87.608
138.928
174.994
350.222
91.593
499.999
114.715
499.999
108.215
34.838
44.158
141.703
194.92000000000002
63.215
56.575
96.015
499.999
90.421
432.976
39.59
95.15
113.69500000000001
54.594
48.550000000000004
269.041
27.293
30.826
140.372
82.914
159.578
147.579
209.701
90.455
178.868
192.572
306.509
35.804
94.741
167.76
36.029
45.908
88.163
42.609
32.508
419.89300000000003
107.808
204.55100000000002
114.157
499.999
81.824
42.958
148.856
46.866
40.711
99.09100000000001
84.883
83.635
77.568
75.561
58.973
67.733
58.398
104.59
193.65200000000002
194.247
377.91200000000003
94.729
108.783
121.62
37.417
354.201
46.766
302.231
29.979
77.034
192.308
70.397
88.534
85.115
46.662
482.043
20.077
87.664
230.35500000000002
80.83
56.609
425.25600000000003
39.748
94.334
484.622
53.765
499.999
335.17400000000004
43.494
76.795
72.296
499.999
234.011
122.57900000000001
35.905
499.999
246.199
499.999
296.415
35.424
98.027
122.729
478.608
23.235
27.972
70.981
40.155
52.01
43.194
81.82000000000001
140.546
446.625
37.063
161.435
171.116
499.999
112.812
488.197
24.672
46.09
39.827
57.696
105.514
68.851
57.034
60.297000000000004
222.136
142.06
64.022
38.739000000000004
117.913
56.569
103.894
91.523
130.106
52.553000000000004
69.075
40.595
89.633
141.544
215.84900000000002
34.857
30.265
63.118
45.024
40.331
76.369
280.89
499.999
105.794
433.411
406.462
232.964
51.326
48.703
460.673
146.455
499.999
51.893
32.981
142.928
110.316
46.7
499.999
93.669
25.564
82.904
36.372
176.275
46.072
36.34
499.999
40.954
136.237
117.524
299.135
34.65
462.555
197.627
30.288
77.395
327.588
78.95400000000001
107.686
113.796
66.133
499.999
45.57
127.49600000000001
44.804
88.82000000000001
56.88
422.35
98.922
499.999
48.558
499.999
149.513
499.999
49.987
40.176
157.875
39.24
499.999
27.569
194.802
94.63
58.726
20.139
29.022000000000002
150.412
54.649
454.865
51.561
42.174
240.565
189.939
89.081
79.57900000000001
63.355000000000004
135.65800000000002
83.197
134.915
50.303000000000004
60.224000000000004
149.837
288.008
59.986000000000004
91.994
418.608
24.032
323.245
288.175
27.836000000000002
94.16
34.412
36.62
67.922
234.328
89.22200000000001
71.677
53.246
320.003
34.187
410.53700000000003
290.88100000000003
51.838
37.335
60.329
43.445
124.906
320.238
236.364
375.40000000000003
170.89000000000001
231.203
112.45
42.441
66.686
134.492
79.226
181.413
78.05
499.999
80.254
21.866
110.514
154.806
44.403
166.546
114.48
499.999
65.907
164.129
189.104
499.999
207.211
231.40200000000002
90.305
32.359
32.358000000000004
96.034
27.145
34.747
50.298
73.012
179.75900000000001
304.599
55.312
114.69500000000001
60.456
116.47500000000001
35.433
54.102000000000004
258.202
499.999
30.507
95.706
86.758
85.943
289.129
113.628
186.602
40.699
59.589
27.714000000000002
143.05700000000002
57.593
148.514
241.98600000000002
137.488
102.015
29.251
46.613
111.937
44.412
321.682
71.276
107.16
141.751
51.224000000000004
499.999
268.437
40.952
218.677
151.391
36.485
73.58800000000001
44.339
191.497
33.504
96.614
25.844
26.045
178.772
24.355
162.299
45.457
173.14600000000002
48.874
98.97200000000001
219.231
39.535000000000004
101.366
75.968
29.662
499.999
155.705
103.846
61.581
131.538
70.547
496.055
50.53
55.382
400.825
27.142
336.109
75.922
62.809000000000005
171.862
55.508
66.519
499.999
357.301
47.566
182.105
34.258
24.465
112.324
110.263
162.847
59.891
101.82900000000001
75.964
108.351
82.211
282.507
29.669
94.498
157.111
51.387
179.346
216.163
251.92000000000002
135.24
52.04
227.07
30.333000000000002
122.659
110.60000000000001
93.96300000000001
203.299
62.498000000000005
325.89
83.384
86.679
148.826
19.543
28.882
289.50600000000003
42.517
56.814
300.855
125.162
36.053
103.915
223.019
40.249
52.53
101.913
311.782
260.587
72.904
156.632
98.574
88.697
312.733
214.144
53.192
499.999
36.607
109.912
201.87
39.428
122.279
99.501
48.372
74.042
351.96
90.851
211.317
136.842
76.59400000000001
171.56900000000002
103.077
110.532
408.389
499.999
293.039
87.906
88.527
126.158
107.132
499.999
130.064
106.867
57.992000000000004
201.868
216.083
53.608000000000004
130.745
499.999
63.026
309.428
120.724
330.394
52.806000000000004
25.526
272.976
230.65200000000002
50.109
26.253
45.19
39.315
201.70600000000002
66.44200000000001
114.36800000000001
49.708
30.135
105.488
44.103
499.999
235.3
48.294000000000004
319.627
141.845
55.605000000000004
55.882
61.947
104.277
57.574
38.668
139.745
101.672
97.501
96.32000000000001
175.21
499.999
51.165
46.485
141.562
47.979
49.88
29.581
405.224
331.43
27.727
46.707
499.999
75.529
131.405
499.999
86.672
50.301
35.308
67.772
158.579
180.567
31.846
56.278
55.35
87.607
70.276
42.405
83.23100000000001
25.259
131.684
40.257
37.192
52.805
52.399
50.01
499.999
78.974
95.013
316.1
126.21600000000001
219.288
24.876
148.559
78.484
28.576
60.97
499.999
224.092
486.341
59.584
68.655
499.999
292.628
91.173
239.516
317.712
81.911
93.168
145.30700000000002
269.416
200.334
111.20400000000001
46.187
102.528
142.561
102.10900000000001
68.493
460.684
103.532
85.016
172.799
74.626
336.49
59.051
100.608
133.86
499.999
85.34100000000001
41.299
134.454
47.281
89.22
50.175000000000004
138.263
60.159
499.999
149.881
124.778
24.882
134.086
42.243
30.826
222.631
104.239
54.046
25.114
85.605
176.262
59.857
134.272
75.007
29.733
499.999
64.561
38.249
184.263
71.938
86.676
54.682
30.584
78.69
114.066
221.673
221.39600000000002
271.973
25.908
188.059
443.712
189.216
72.277
499.999
24.1
112.86200000000001
156.542
347.42900000000003
126.57000000000001
288.139
32.263
54.81
64.218
408.84700000000004
48.167
97.245
164.15200000000002
127.354
75.32300000000001
28.753
35.955
91.025
25.739
171.696
31.563000000000002
148.473
70.526
157.424
188.446
83.023
33.579
274.426
236.814
146.094
86.82900000000001
35.469
499.999
75.298
62.034
25.006
16.548000000000002
54.753
50.461
239.103
211.574
167.32
483.636
33.86
77.997
499.999
90.083
114.891
39.846000000000004
51.124
163.03900000000002
88.183
499.999
31.786
58.844
92.075
60.422000000000004
276.904
54.659
221.036
455.64300000000003
52.062
67.967
36.588
174.01
176.171
276.62600000000003
128.29500000000002
65.267
108.11200000000001
499.999
104.015
85.44500000000001
132.065
38.298
134.075
21.926000000000002
109.024
19.605
33.615
300.017
167.24
42.6
351.698
499.999
499.999
37.498
252.068
499.999
313.053
46.504
43.636
358.713
95.093
134.337
115.863
182.101
98.214
70.542
47.086
97.58800000000001
114.65
67.99
35.795
53.313
499.999
187.477
393.904
102.52
43.509
89.32900000000001
134.79
79.288
493.944
92.441
103.793
173.998
106.534
257.37600000000003
152.198
122.144
97.55
81.09100000000001
70.245
82.642
49.870000000000005
499.999
85.08
269.682
84.57900000000001
72.557
151.991
96.281
159.775
95.214
365.446
115.96000000000001
105.873
71.622
38.238
92.62
129.179
60.497
56.705
406.302
106.763
270.875
44.378
27.101
64.286
31.649
85.747
39.916000000000004
22.195
60.052
80.9
36.259
62.906
163.788
136.114
59.584
40.29
193.488
87.804
234.98600000000002
109.36800000000001
242.375
359.579
100.797
47.474000000000004
129.355
292.656
61.336
90.699
27.932000000000002
31.577
71.327
51.303000000000004
70.278
499.999
499.999
94.443
82.022
44.181
316.32
263.43
126.85000000000001
253.185
91.773
360.579
74.048
171.195
440.046
97.163
108.726
71.58500000000001
153.83
65.798
114.928
51.463
71.792
123.668
345.371
274.857
80.548
73.006
307.13
61.608000000000004
192.453
239.371
102.592
53.951
110.10900000000001
41.081
499.999
25.663
40.672000000000004
93.108
390.78700000000003
35.767
170.424
499.999
76.086
499.999
101.71300000000001
39.237
56.998000000000005
42.266
42.918
91.151
29.984
117.005
68.505
183.341
415.997
53.391
96.46300000000001
171.349
123.69800000000001
77.677
98.01
223.552
158.52
47.751
62.375
61.137
29.303
40.283
50.877
118.45
46.592
448.791
86.217
41.718
66.287
145.838
31.717000000000002
87.67
76.193
35.531
146.001
29.119
106.589
37.235
43.968
155.048
178.913
59.607
162.08
499.999
46.658
42.383
33.732
50.969
142.058
499.999
93.941
192.722
82.94800000000001
129.195
149.103
351.805
90.795
146.811
23.309
51.458
499.999
499.999
105.361
95.828
499.999
468.512
131.851
318.133
485.368
37.63
57.21
108.11800000000001
50.58
24.43
78.022
172.869
108.001
319.653
499.999
291.187
70.024
37.309
216.293
263.436
141.508
56.795
483.595
81.521
157.255
237.947
32.792
41.944
191.17000000000002
123.833
72.35000000000001
125.803
70.048
112.998
49.008
30.726
45.032000000000004
282.913
499.999
314.432
245.505
249.68800000000002
499.999
108.159
29.755
62.092
293.377
82.234
59.687000000000005
87.089
54.398
499.999
54.472
104.897
499.999
278.835
334.08
417.286
101.681
87.008
118.676
186.412
145.897
51.309000000000005
35.765
36.317
41.407000000000004
49.489000000000004
234.404
97.776
242.20000000000002
29.194
265.176
499.999
84.095
100.117
270.207
115.179
159.179
269.493
84.561
168.745
225.913
111.736
37.624
60.834
202.161
210.642
62.733000000000004
153.707
499.999
57.159
77.414
48.886
405.137
264.235
135.129
147.585
102.804
215.496
124.221
53.597
39.635
120.35000000000001
37.631
160.779
30.275000000000002
296.937
142.962
60.322
42.409
170.75300000000001
321.952
28.839000000000002
341.02
92.275
70.303
126.522
59.278
50.496
310.91
145.25
60.412
25.312
52.791000000000004
126.325
187.165
68.507
26.062
78.39
66.13
142.767
27.994
38.682
499.999
191.558
80.171
179.933
34.536
153.16400000000002
330.765
136.159
67.281
26.218
232.677
99.881
42.355000000000004
60.825
83.381
24.279
57.472
50.451
187.745
181.697
151.132
151.81900000000002
166.368
154.379
53.463
499.999
459.81100000000004
149.18800000000002
75.94
150.51500000000001
27.861
37.955
53.795
134.27
52.78
105.21600000000001
91.33
81.84400000000001
29.036
69.427
61.715
499.999
61.893
235.342
89.304
65.986
145.782
68.174
67.956
135.654
19.392
264.077
69.973
264.901
253.686
34.231
359.437
113.756
125.208
30.89
378.31
499.999
33.065
72.908
64.421
499.999
60.396
133.08
402.451
97.543
103.136
87.308
101.653
117.095
29.705000000000002
85.991
67.703
175.642
219.846
124.343
118.681
60.646
33.304
211.921
499.999
66.756
36.763
155.978
40.326
166.434
48.495000000000005
77.989
47.429
255.311
385.62
111.536
170.293
243.821
92.837
153.636
430.579
30.666
135.844
282.184
196.977
499.999
59.168
253.78900000000002
96.883
448.836
243.079
42.722
250.10500000000002
125.096
90.141
44.631
117.211
203.09900000000002
74.25
97.927
138.776
499.999
48.51
312.219
69.675
112.599
106.263
215.695
163.142
258.31600000000003
36.934
30.806
91.61200000000001
292.076
73.43
242.764
49.536
188.87
39.595
61.479
38.186
423.666
39.857
185.597
60.112
311.306
377.432
85.19200000000001
38.141
298.136
462.778
244.21
111.777
183.686
297.448
88.033
62.257
32.81
204.465
50.126
140.314
67.617
336.415
144.25300000000001
154.897
150.83100000000002
343.411
114.56
341.238
178.65
37.029
93.685
38.144
74.70700000000001
467.163
55.328
265.345
146.336
499.999
192.159
56.074
274.448
51.854
54.485
280.452
34.786
52.345
499.999
39.925000000000004
499.999
178.269
52.154
499.999
248.64600000000002
499.999
60.851
28.96
30.131
186.79500000000002
332.896
185.03300000000002
381.766
109.069
107.304
61.348
499.999
37.521
366.492
46.973
499.999
204.829
191.154
72.92
104.298
35.065
499.999
32.597
113.864
313.732
43.753
20.91
41.361000000000004
37.812
369.176
52.410000000000004
499.999
107.05
241.21200000000002
61.406
41.188
499.999
288.447
89.35600000000001
47.899
499.999
499.999
173.639
317.294
186.796
499.999
144.302
126.937
369.921
149.501
53.874
100.528
59.245000000000005
176.763
61.664
133.659
40.528
143.428
127.57000000000001
134.261
81.32900000000001
76.644
26.793
21.161
201.445
34.078
38.223
34.11
25.135
38.492
34.983000000000004
337.41
54.337
304.543
271.461
45.131
65.238
499.999
90.483
60.182
49.84
36.903
51.254
22.979
266.055
30.392
85.614
223.642
231.17000000000002
166.412
129.16
65.69500000000001
499.999
180.59300000000002
49.985
84.133
53.985
30.519000000000002
66.375
36.306
112.154
86.16
121.173
175.93800000000002
398.902
33.096000000000004
317.48900000000003
122.872
128.03900000000002
102.412
73.819
220.261
146.25300000000001
109.752
64.973
214.31300000000002
160.561
49.867000000000004
50.811
35.093
31.241
499.999
132.025
79.538
74.002
117.331
98.763
223.655
499.999
48.093
489.173
83.446
120.706
499.999
73.316
280.53000000000003
499.999
52.407000000000004
303.66700000000003
150.217
467.111
101.38
434.161
37.074
345.65500000000003
234.095
499.999
49.401
97.03
40.482
32.556
55.147
343.978
41.544000000000004
25.04
102.161
309.378
331.867
133.51
453.743
155.478
33.158
61.529
32.796
407.253
499.999
39.984
279.016
23.058
73.523
24.943
352.062
70.877
85.91
57.973
24.516000000000002
499.999
111.761
54.447
86.85900000000001
44.933
295.664
61.599000000000004
32.83
40.078
72.22
187.54
51.702
499.999
246.177
63.050000000000004
94.342
156.966
85.473
112.758
79.393
286.272
182.677
43.848
74.635
200.43
61.488
499.999
107.015
148.999
45.632
387.19100000000003
125.244
200.398
124.50500000000001
147.812
186.53900000000002
62.581
51.79
125.781
94.896
51.95
25.724
72.393
39.399
283.276
17.667
326.988
115.36
42.455
289.163
199.633
223.952
36.139
499.999
72.502
471.325
81.016
139.425
140.917
72.593
232.345
424.682
60.113
128.798
98.373
499.999
77.927
171.686
499.999
66.552
24.45
51.757
79.876
122.011
116.111
236.496
115.423
266.66
255.036
63.794000000000004
102.915
48.922000000000004
41.63
96.352
39.618
150.29500000000002
24.683
52.006
259.71500000000003
104.133
57.483000000000004
89.58200000000001
44.906
108.77
20.327
140.63400000000001
95.006
67.683
123.017
74.869
88.053
499.999
25.894000000000002
70.974
107.97200000000001
78.234
80.822
282.67900000000003
37.653
323.5
208.33
31.478
158.615
50.775
106.312
266.825
24.796
282.774
37.908
78.17
31.740000000000002
174.793
170.383
61.135
41.226
349.028
163.136
326.237
25.062
72.292
146.287
354.872
220.18200000000002
101.127
73.077
112.149
85.385
72.647
152.472
51.225
271.596
79.494
118.09100000000001
113.148
128.299
181.338
35.993
284.616
235.489
72.856
180.915
58.526
114.34700000000001
430.71500000000003
100.802
264.358
139.139
74.89
162.949
31.683
30.151
52.163000000000004
125.635
64.882
121.048
397.546
166.50300000000001
79.083
32.681
28.613
56.738
32.028
130.2
39.754
49.054
72.797
44.155
64.349
83.299
73.647
88.496
184.064
241.012
102.325
428.165
27.78
36.452
141.951
71.607
275.012
37.563
119.946
93.709
353.702
72.983
135.12800000000001
96.257
32.452
398.52
499.999
39.316
39.219
499.999
42.763
56.975
181.798
37.665
38.601
328.616
97.361
68.471
23.991
65.343
77.075
29.701
30.154
126.024
28.432000000000002
65.681
29.611
235.728
18.383
27.991
169.876
119.141
157.203
336.32
29.143
250.029
35.851
69.938
175.81
59.931000000000004
22.354
80.311
66.78
33.733000000000004
95.71600000000001
104.105
74.59
100.7
158.767
27.002
288.79200000000003
85.21600000000001
499.999
218.20000000000002
100.176
60.323
137.102
499.999
499.999
121.86
35.367
107.69500000000001
117.277
280.636
149.903
499.999
60.369
66.434
42.93
210.031
54.387
72.256
91.611
133.104
91.621
27.987000000000002
253.987
34.345
384.22700000000003
100.595
499.999
148.019
409.444
58.317
185.909
30.293
499.999
48.526
66.118
40.747
343.249
246.137
158.05
53.828
408.384
154.577
60.668
134.284
277.081
171.391
484.839
49.569
74.677
97.129
68.022
499.999
303.212
81.169
499.999
40.609
207.41400000000002
499.999
126.18
85.45400000000001
80.297
147.761
109.723
67.867
101.462
53.326
210.805
154.061
46.576
103.33800000000001
90.036
77.71600000000001
131.246
499.999
307.79
79.22
158.817
369.508
160.347
109.992
80.153
50.736000000000004
44.975
35.4
228.046
132.942
335.997
196.276
142.165
73.421
317.075
56.589
23.999
57.259
136.556
44.668
293.849
81.97800000000001
89.977
55.343
61.507
130.44
45.956
84.596
104.273
303.306
85.057
499.999
35.602000000000004
135.398
99.933
134.86
65.509
44.807
24.758
135.973
63.788000000000004
281.894
214.298
55.195
73.255
95.622
110.35000000000001
91.965
120.425
413.82300000000004
247.481
25.297
330.31
58.213
499.999
41.266
45.747
175.089
70.51
67.44500000000001
31.828
49.298
29.859
33.521
278.196
220.502
467.839
60.318
236.924
32.9
72.782
161.03300000000002
499.999
97.248
98.116
401.151
132.868
406.551
189.77700000000002
202.546
30.886
133.092
49.843
160.54
223.626
23.735
110.783
46.341
165.15200000000002
44.086
69.32300000000001
495.983
308.282
23.830000000000002
63.306000000000004
204.865
94.584
21.565
88.62
61.199
472.37
36.469
396.57800000000003
29.633
21.473
61.418
368.416
88.663
177.643
60.762
106.276
94.82300000000001
113.502
161.76500000000001
299.189
324.736
151.32
52.234
45.341
150.87800000000001
277.729
121.23400000000001
167.88400000000001
56.828
45.727000000000004
119.664
499.999
144.416
46.629
36.65
499.999
123.691
79.765
87.801
246.73600000000002
250.691
75.19
68.339
209.07500000000002
123.845
191.183
119.14
45.752
499.999
89.202
34.978
64.367
61.336
499.999
103.252
499.999
45.108000000000004
70.791
89.025
42.446
137.78900000000002
97.902
32.674
41.217
54.784
55.534
262.692
241.872
44.511
60.978
315.496
159.562
61.271
73.983
91.968
60.836
118.09400000000001
94.0
22.121000000000002
56.943
115.793
32.888
293.731
63.994
40.484
200.39000000000001
37.445
28.007
499.999
117.119
27.652
39.841
96.396
182.735
184.151
197.596
499.999
144.427
106.529
49.736000000000004
431.789
285.502
174.365
150.241
35.576
26.13
85.433
39.946
211.867
67.848
193.933
131.211
108.28
22.219
52.059000000000005
491.618
229.847
93.777
60.542
103.599
139.353
94.081
37.024
499.999
50.03
499.999
340.164
49.024
499.999
227.28900000000002
499.999
499.999
31.637
348.747
114.86
499.999
298.508
56.872
45.408
56.277
184.95600000000002
71.44200000000001
450.944
31.904
62.415
155.149
49.729
199.506
167.967
325.188
72.3
233.032
273.34000000000003
499.999
21.856
29.671
216.291
42.063
26.834
19.346
66.282
235.387
326.639
125.271
499.999
172.026
57.849000000000004
113.11
42.246
308.181
92.774
111.458
23.828
461.836
126.272
86.477
89.065
99.801
74.014
20.948
79.697
111.598
206.916
223.154
211.144
257.311
40.529
72.098
97.10900000000001
359.01800000000003
29.869
317.532
198.921
49.761
25.135
308.522
247.75900000000001
137.793
110.404
58.054
499.999
33.908
57.397
169.275
51.28
54.221000000000004
154.27700000000002
60.816
48.002
235.334
96.47200000000001
499.999
54.695
39.109
213.089
50.777
54.04
109.464
104.783
25.685000000000002
323.553
499.999
28.059
50.338
110.775
106.441
94.687
115.525
285.133
64.34400000000001
39.065
27.758
294.468
64.292
75.93900000000001
61.861000000000004
38.508
145.748
95.289
104.676
45.374
199.947
116.84100000000001
87.537
388.952
499.999
129.699
158.09
47.377
58.334
113.468
499.999
30.823
121.35300000000001
156.717
19.819
226.412
499.999
67.734
94.33800000000001
55.782000000000004
403.463
29.069
151.172
249.535
35.873
67.234
88.321
99.933
310.585
34.172000000000004
187.19400000000002
316.084
37.584
67.771
499.999
63.404
44.738
238.383
128.445
122.171
362.767
213.40200000000002
137.748
172.689
128.952
499.999
81.069
416.344
55.559000000000005
131.889
40.572
152.026
196.794
158.966
227.15200000000002
132.529
89.32000000000001
60.695
101.128
436.824
57.278
99.71300000000001
58.908
49.921
57.476
211.70600000000002
499.999
447.575
51.521
499.999
201.257
32.787
171.371
43.187
134.17600000000002
29.949
21.314
49.674
45.041000000000004
69.504
77.514
289.729
160.382
131.735
499.999
125.479
66.396
97.59400000000001
45.11
52.874
118.595
125.32300000000001
31.113
88.418
29.698
50.22
58.645
132.671
205.808
40.369
148.518
120.673
45.974000000000004
149.547
274.01300000000003
304.784
172.304
88.84700000000001
154.207
59.75
75.487
121.57900000000001
137.44
499.999
107.037
87.289
44.876
33.643
241.739
435.379
499.999
84.392
82.124
49.613
23.635
45.131
48.538000000000004
382.808
40.237
333.458
49.596000000000004
33.241
350.851
284.04
499.999
84.495
25.289
114.035
71.386
85.253
499.999
44.948
32.757
46.474000000000004
29.8
313.277
62.459
400.725
116.645
48.776
499.999
499.999
272.782
39.888
64.903
77.299
78.736
479.962
30.899
109.843
43.777
143.169
169.642
55.389
31.810000000000002
374.607
171.757
313.91
101.71900000000001
112.738
28.111
82.95400000000001
106.176
231.821
30.113
499.999
38.818
44.744
138.404
499.999
211.788
146.493
40.338
63.331
65.653
47.51
247.022
42.017
151.094
404.373
35.413000000000004
72.369
119.98700000000001
175.67600000000002
63.758
67.624
499.999
137.881
128.047
263.807
109.037
187.427
126.23100000000001
180.606
499.999
129.266
90.917
58.367000000000004
205.887
57.027
62.619
58.27
35.777
317.495
83.73
23.462
51.596000000000004
97.549
112.633
85.544
102.657
128.349
499.999
176.23
50.736000000000004
113.739
398.171
108.444
50.824
156.135
74.27
58.964
100.59
499.999
288.781
65.797
289.487
78.169
21.667
61.072
74.965
41.261
328.499
124.383
71.465
58.537
31.897000000000002
72.478
469.383
499.999
137.726
47.796
181.264
63.283
92.522
260.433
43.914
336.647
438.812
124.943
31.757
118.024
66.816
51.263
27.541
140.12800000000001
67.013
169.875
314.456
98.589
232.607
80.46600000000001
359.97700000000003
48.494
115.623
42.334
28.182000000000002
19.326
499.999
82.262
236.508
168.554
83.06
252.284
49.050000000000004
115.36800000000001
286.258
105.501
391.56600000000003
98.908
76.636
499.999
89.69500000000001
154.832
499.999
426.887
34.549
178.326
499.999
194.16
19.571
92.047
100.19200000000001
128.841
188.64000000000001
94.66
137.421
41.28
418.814
225.029
86.233
67.095
499.999
143.529
114.587
140.859
75.278
112.389
87.921
76.816
133.685
357.205
56.779
327.208
59.69
139.692
20.774
121.803
21.12
69.528
38.946
25.715
28.93
83.859
99.035
23.764
46.233000000000004
396.60200000000003
176.58
499.999
36.781
222.282
249.508
48.873
51.543
38.774
499.999
28.058
456.254
54.92
26.91
56.001
86.378
102.33200000000001
52.883
160.806
161.681
236.905
87.063
15.019
151.79500000000002
60.014
45.327
69.589
61.724000000000004
499.999
375.005
443.802
113.226
62.753
59.2
280.144
68.236
258.043
44.568
51.523
113.581
74.803
68.961
216.901
306.098
99.20100000000001
26.923000000000002
86.257
180.13
160.40800000000002
340.10200000000003
201.262
271.776
63.427
99.632
123.85300000000001
74.741
101.053
239.49200000000002
69.196
78.292
82.672
99.807
341.969
26.191
60.192
33.396
121.73700000000001
47.054
47.365
25.818
88.543
413.214
325.544
101.81
94.257
325.37
44.052
216.082
95.986
38.904
232.824
499.999
85.672
61.406
227.881
288.499
123.774
73.077
32.157000000000004
94.773
79.797
125.10300000000001
235.43
495.047
221.114
32.488
105.266
42.369
173.454
34.041000000000004
132.365
54.788000000000004
51.550000000000004
499.999
46.568
115.428
203.513
91.33
75.526
51.671
109.965
201.436
398.028
97.828
70.94200000000001
44.323
40.845
96.324
54.311
39.198
84.565
499.999
198.243
94.46600000000001
184.991
198.43200000000002
34.167
152.03900000000002
56.813
51.518
174.55700000000002
95.71300000000001
235.797
407.20300000000003
107.25
77.843
65.624
65.104
74.507
114.943
50.817
488.011
30.014
492.39300000000003
499.999
56.92
129.05100000000002
71.569
55.042
110.229
48.139
160.26500000000001
103.155
174.997
48.905
83.58500000000001
101.58200000000001
71.993
44.708
116.355
499.999
54.793
72.345
297.516
167.704
43.35
27.579
231.435
48.629
65.943
177.1
51.357
18.26
39.483000000000004
489.017
59.866
124.313
362.44
17.425
35.027
499.999
127.39
31.252
283.194
42.571
499.999
31.604
59.149
98.658
194.366
57.844
70.042
210.32500000000002
144.4
498.63800000000003
103.025
357.765
109.461
49.321
499.999
22.959
129.353
48.039
25.209
51.755
247.56300000000002
138.559
139.175
83.161
41.641
40.35
106.56400000000001
75.7
52.987
128.35
40.231
223.75
201.526
100.156
72.473
40.323
328.743
48.69
52.717
170.20600000000002
72.738
54.262
127.813
27.132
30.129
40.623
72.351
227.264
66.231
216.21
412.516
91.133
77.055
76.156
140.723
68.538
255.775
159.618
73.881
143.19400000000002
499.999
197.264
45.037
396.351
149.292
42.028
131.345
142.406
499.999
138.28
89.584
465.794
33.412
64.70100000000001
185.834
81.19200000000001
319.335
93.491
499.999
242.31300000000002
57.206
195.287
322.49
247.79500000000002
32.852000000000004
74.112
59.515
106.443
28.867
280.40000000000003
62.878
46.038000000000004
104.631
62.861000000000004
249.818
499.999
25.551000000000002
69.605
239.00900000000001
49.009
33.786
77.062
40.337
50.813
62.339
49.962
40.094
231.732
67.909
81.34700000000001
32.39
499.999
80.492
499.999
499.999
126.071
97.308
266.25600000000003
157.855
130.014
28.416
194.312
61.423
147.161
178.377
499.999
499.999
164.107
40.882
30.013
127.206
103.935
101.136
88.751
347.832
29.762
28.405
221.719
114.559
499.999
34.287
124.155
72.774
229.225
81.032
149.054
206.356
256.87
133.989
152.02100000000002
95.217
193.227
191.007
224.802
96.433
51.908
76.535
44.439
196.546
467.865
77.175
241.433
71.724
317.134
164.524
88.907
93.504
93.807
82.558
255.945
197.266
162.089
183.844
499.999
38.308
119.76
55.337
59.797000000000004
40.448
109.321
35.023
499.999
178.91
82.519
93.738
38.314
118.661
41.797000000000004
82.82900000000001
329.735
102.405
73.485
26.926000000000002
97.22200000000001
53.749
229.815
39.289
65.864
58.543
35.355000000000004
128.07
125.864
48.39
25.1
403.958
105.421
100.88
61.89
97.941
317.234
245.582
195.393
173.43800000000002
67.156
190.84
44.883
58.897
30.713
99.366
45.44
253.318
215.341
109.12
280.904
101.819
79.943
57.456
176.506
71.59400000000001
37.194
415.91700000000003
499.999
68.516
360.212
128.788
184.93200000000002
105.434
48.275
210.954
152.755
29.358
47.044000000000004
56.886
364.708
102.35600000000001
66.96300000000001
32.482
120.296
55.618
31.384
96.76
80.61
60.534
172.818
144.953
110.766
307.913
499.999
237.954
499.999
70.163
499.999
191.338
82.188
243.677
278.515
102.146
499.999
58.061
110.25
28.959
38.103
77.928
74.12
136.897
38.584
201.013
125.7
410.416
70.996
70.138
83.33200000000001
32.467
23.775000000000002
38.068
70.185
466.438
58.383
269.662
24.673000000000002
121.3
31.6
87.03
139.927
76.491
36.802
223.377
218.16400000000002
341.44
117.529
34.773
65.22200000000001
60.525
451.85900000000004
153.905
162.816
75.859
39.078
85.17
257.051
41.218
54.9
44.626
133.179
464.07
65.359
102.723
34.168
58.043
24.342
37.531
42.505
55.547000000000004
94.286
499.999
499.999
89.011
269.45
290.152
61.483000000000004
329.926
118.433
145.994
105.76
59.478
203.744
51.566
56.127
88.379
190.264
340.78700000000003
67.103
72.702
41.002
71.859
169.446
26.098
39.457
177.321
101.479
233.941
45.468
462.024
69.362
61.165
189.391
40.819
55.924
47.017
78.86
452.272
85.527
93.70400000000001
66.918
146.117
426.442
20.794
89.809
192.306
50.909
82.427
111.656
98.486
82.313
66.077
66.912
499.999
204.472
65.125
135.77
83.737
104.873
78.33
29.609
54.95
29.536
499.999
56.686
81.518
47.614000000000004
117.81700000000001
170.614
499.999
131.054
33.275
207.865
98.276
121.626
57.26
89.087
155.549
61.532000000000004
56.092
147.389
421.321
257.45
45.417
328.742
132.239
498.62100000000004
98.715
58.438
64.437
232.333
423.79900000000004
47.97
111.001
155.871
110.453
48.721000000000004
299.212
91.868
145.106
62.078
53.002
27.41
30.302
45.318
35.08
211.568
156.887
34.268
129.596
68.71900000000001
68.293
139.732
54.219
499.999
61.52
51.333
135.5
21.824
439.08500000000004
67.45700000000001
103.828
499.999
126.721
105.751
186.399
499.999
61.776
47.742000000000004
100.542
84.465
27.706
86.209
284.45
43.465
53.394
499.999
78.46300000000001
81.526
54.156
72.941
136.915
104.4
149.30100000000002
81.015
39.703
198.945
100.32600000000001
86.509
300.44
114.943
280.766
42.543
42.989000000000004
36.285000000000004
43.132
192.745
50.737
90.092
24.94
36.26
100.706
86.101
417.067
305.683
38.694
499.999
153.918
151.64000000000001
80.819
252.568
105.812
248.96800000000002
31.616
27.065
254.31900000000002
198.75
75.532
360.81
16.716
30.702
111.331
49.485
499.999
187.588
499.999
75.60300000000001
189.63
34.36
148.102
75.337
83.138
80.986
54.145
210.464
60.162
59.219
46.27
49.631
72.241
44.299
35.725
47.845
94.404
326.017
56.541000000000004
290.004
72.555
42.161
260.153
160.139
499.999
165.119
331.839
280.934
38.576
211.345
25.155
499.999
76.75
499.999
71.275
38.844
67.16
499.999
32.596000000000004
101.224
59.929
92.246
266.61400000000003
291.022
224.496
83.143
29.542
79.789
234.316
163.781
66.95400000000001
61.021
40.818
472.406
70.168
166.81900000000002
202.37
65.538
499.999
33.47
56.741
134.78300000000002
106.158
78.58800000000001
251.949
19.342
31.928
144.623
95.333
186.068
48.393
74.69800000000001
83.598
266.851
58.622
499.999
240.696
73.669
54.829
45.54
80.06400000000001
31.538
266.021
234.42000000000002
169.30700000000002
386.38
65.369
96.72
41.961
243.163
24.603
233.121
106.636
101.153
76.999
39.907000000000004
167.107
53.456
48.823
229.982
133.065
24.429000000000002
40.345
41.646
62.479
499.999
236.776
152.40200000000002
56.241
62.272
31.310000000000002
50.787
188.25
189.153
22.955000000000002
45.215
31.004
48.299
83.513
42.894
53.19
129.656
218.257
257.588
52.402
40.216
62.366
243.901
351.422
244.286
499.999
317.432
200.147
31.351
166.345
59.436
35.208
221.82
56.167
499.999
249.883
69.779
453.927
352.288
93.57600000000001
40.743
146.566
226.739
267.891
73.839
62.961
264.955
88.31700000000001
53.498000000000005
499.999
44.658
60.223
74.29
499.999
27.973
68.539
163.588
38.761
119.183
499.999
191.631
60.689
203.395
421.27
327.121
137.349
48.701
57.022
175.662
105.937
22.598
164.05100000000002
22.444
499.999
123.574
54.075
132.525
63.625
141.104
37.547000000000004
67.058
213.214
125.176
63.105000000000004
161.042
499.999
53.318
244.312
22.577
499.999
208.517
499.999
58.085
67.289
58.722
118.863
355.104
51.826
141.535
279.336
200.495
57.753
301.776
288.385
52.991
210.873
29.641000000000002
63.378
56.851
35.659
26.86
35.489
28.593
59.425000000000004
134.729
499.999
43.765
32.433
201.475
499.999
83.946
33.637
175.014
113.21300000000001
260.44100000000003
107.781
50.303000000000004
343.009
52.987
453.207
198.18
121.72800000000001
73.856
39.739000000000004
125.961
139.206
234.016
188.122
141.218
109.239
101.851
64.691
499.999
46.669000000000004
28.209
304.22
233.364
142.132
137.843
207.942
56.161
72.109
170.0
136.418
105.227
105.714
167.478
58.209
499.999
132.831
59.375
326.798
175.959
260.902
24.353
33.730000000000004
54.507
39.065
119.94500000000001
47.405
34.926
39.64
80.453
29.345
143.743
302.511
388.969
445.866
103.446
191.104
132.089
84.84700000000001
33.276
49.371
172.482
280.193
499.999
63.661
57.366
51.685
284.2
147.22
84.157
196.048
44.853
499.999
82.324
331.50600000000003
54.003
80.277
38.246
99.602
89.71000000000001
287.116
44.146
432.42900000000003
499.999
98.261
293.25600000000003
66.158
154.505
39.757
114.459
112.09400000000001
71.798
69.143
153.798
131.135
26.889
47.362
499.999
82.98100000000001
89.292
172.859
38.146
499.999
105.24300000000001
29.501
37.181
174.443
119.339
185.189
42.493
187.169
64.21600000000001
34.255
34.026
242.983
193.482
28.712
60.97
109.011
286.483
35.929
168.44
157.472
113.766
255.085
78.61
185.913
42.953
78.044
137.233
64.724
499.999
58.806000000000004
45.135
281.067
191.317
100.22
86.673
44.367000000000004
130.413
188.475
44.563
48.516
96.72800000000001
58.36
410.85200000000003
164.273
57.601
242.56
289.057
85.10900000000001
325.837
38.858000000000004
63.52
56.14
213.681
107.94800000000001
74.536
36.934
34.295
56.827
362.327
77.608
299.621
77.99
299.95
120.915
195.023
103.937
499.999
89.523
30.961000000000002
111.546
115.921
44.951
124.735
484.981
298.28700000000003
499.999
114.91
57.985
214.543
273.811
192.477
23.759
39.123
49.736000000000004
83.013
225.333
39.423
52.553000000000004
499.999
52.109
190.002
499.999
342.867
30.377
468.785
30.872
53.371
256.1
154.111
499.999
319.166
82.559
275.02
45.618
17.939
391.856
64.683
386.353
108.56
202.27700000000002
65.417
36.879
137.894
124.97200000000001
67.673
338.214
57.817
129.19
142.83
145.761
92.187
157.30700000000002
93.61
499.999
191.79
66.59
191.952
65.004
74.12
70.94800000000001
35.292
91.953
499.999
499.999
49.419000000000004
395.178
87.7
122.715
109.202
312.336
64.68
41.274
52.343
60.274
104.223
360.945
52.906
37.82
131.395
499.999
40.275
137.124
176.52100000000002
178.492
499.999
58.752
382.938
499.999
28.037
145.713
64.688
75.513
230.803
30.848
45.262
239.577
101.675
93.753
250.312
366.595
336.51
499.999
201.833
99.604
68.441
57.664
25.747
99.014
52.761
36.276
54.539
69.271
37.327
84.057
124.565
172.183
140.506
467.055
33.429
276.745
177.565
400.458
207.54
69.886
148.448
87.031
30.642
119.95700000000001
112.91
129.53900000000002
53.894
499.999
45.906
217.46200000000002
74.02
177.223
54.593
123.33500000000001
398.286
20.225
39.039
35.859
62.341
59.265
178.096
94.494
499.999
185.556
499.999
55.439
109.346
112.191
75.499
121.319
92.93
52.284
62.987
47.43
57.581
41.396
97.182
76.218
116.863
153.50300000000001
122.589
35.831
147.353
147.93
111.921
327.754
90.349
90.541
66.133
32.238
274.289
38.798
54.813
117.21300000000001
48.413000000000004
143.99
383.971
499.999
179.674
499.999
46.576
151.809
496.17
392.955
156.656
171.276
499.999
87.83800000000001
32.701
140.656
45.866
152.171
255.109
41.942
75.971
28.736
499.999
60.199
65.489
290.219
112.857
94.664
217.661
220.897
49.469
40.811
499.999
141.002
180.558
55.055
96.328
189.792
120.70400000000001
326.206
36.47
42.802
459.25100000000003
103.123
131.093
213.121
418.533
40.411
32.967
44.814
155.056
499.999
268.584
354.689
318.045
74.962
42.209
89.468
430.557
83.69800000000001
48.126
88.089
207.72
153.50900000000001
13.83
50.985
60.712
60.545
423.812
270.551
410.40000000000003
212.05700000000002
499.999
33.907000000000004
79.51
32.345
47.292
93.419
392.337
499.999
127.833
278.87600000000003
30.245
61.940000000000005
499.999
115.718
87.723
81.32600000000001
74.043
197.97400000000002
99.279
152.576
255.971
34.555
165.998
245.567
94.941
133.818
56.851
467.892
467.122
499.999
35.583
499.999
23.636
50.777
36.917
64.356
236.71
499.999
46.285000000000004
408.659
108.19
42.382
124.331
43.796
51.677
292.511
42.516
343.462
33.1
117.274
259.344
59.727000000000004
44.344
101.233
28.357
499.999
27.695
380.38800000000003
499.999
499.999
33.537
424.485
130.964
72.638
112.391
138.761
70.554
38.294000000000004
100.223
177.549
21.267
73.5
213.671
499.999
44.963
69.08200000000001
90.744
63.448
99.379
56.564
19.587
31.67
41.662
185.905
499.999
222.65200000000002
81.379
119.409
95.625
36.375
165.815
251.976
70.659
350.238
54.269
50.224000000000004
150.51500000000001
134.041
71.056
57.901
41.671
448.883
141.886
211.471
218.21200000000002
30.688000000000002
128.257
41.312
159.613
111.854
51.548
34.076
41.038000000000004
77.13
136.674
295.128
142.744
43.104
293.75600000000003
72.937
499.999
56.353
169.855
225.257
342.404
39.404
34.611000000000004
71.937
56.338
75.259
50.658
300.229
109.513
84.641
411.009
61.65
266.058
43.921
65.167
490.427
32.24
49.353
356.527
77.048
150.208
113.62
167.713
135.534
148.857
499.999
48.29
221.46800000000002
59.377
86.83200000000001
93.35900000000001
52.927
34.005
40.067
115.126
499.999
178.599
241.118
60.531
71.914
141.745
159.347
374.315
57.733000000000004
84.183
109.854
117.01
78.487
150.917
29.438000000000002
90.145
28.849
20.22
136.175
232.209
21.133
499.999
26.008
59.461
223.59900000000002
273.294
193.73000000000002
357.974
372.762
499.999
72.518
45.464
295.133
85.479
499.999
343.661
499.999
37.347
104.85300000000001
472.153
195.679
51.195
95.23
314.82800000000003
306.976
494.90000000000003
95.142
54.335
64.936
73.506
499.999
52.426
61.706
72.999
187.768
401.66200000000003
499.999
45.987
62.453
82.637
114.071
264.609
32.805
317.539
33.09
30.18
231.586
106.273
343.387
69.81400000000001
289.6
52.916000000000004
499.999
360.66200000000003
66.604
58.967
211.595
27.240000000000002
144.648
75.08200000000001
71.687
79.193
60.785000000000004
335.53000000000003
61.695
52.551
20.059
50.179
192.02700000000002
82.36
150.483
94.739
197.95600000000002
45.669000000000004
499.999
89.562
37.336
85.496
101.345
56.819
188.406
369.557
20.671
64.978
235.782
499.999
66.237
49.623
60.21
45.552
93.313
27.261
87.668
356.795
104.99300000000001
163.542
36.581
65.768
50.494
150.595
35.267
403.964
182.842
474.867
67.22200000000001
56.375
47.647
47.449
59.193
66.159
36.105000000000004
88.688
155.019
113.024
83.982
29.374000000000002
383.767
40.088
353.225
64.203
340.103
76.742
54.396
169.703
54.075
27.988
346.036
246.78
45.463
499.999
65.343
181.308
329.479
150.977
93.047
499.999
115.405
58.313
237.06300000000002
102.851
47.712
499.999
293.99
499.999
16.597
240.451
132.761
42.684
70.409
53.783
363.366
80.877
67.16
78.672
157.46
37.119
67.879
162.626
198.172
64.386
113.97800000000001
32.968
233.109
275.436
41.613
323.603
46.894
253.70600000000002
65.345
499.999
37.536
29.639
48.142
329.75
263.802
71.552
36.108000000000004
336.105
499.999
390.117
99.843
55.074
499.999
460.266
251.339
161.399
42.573
136.147
91.547
107.711
82.379
260.01800000000003
499.999
23.051000000000002
69.07900000000001
499.999
83.834
315.869
166.81900000000002
203.847
73.754
28.603
176.96800000000002
142.633
265.996
61.111000000000004
43.377
57.692
207.964
139.03300000000002
58.276
207.779
164.876
382.508
99.48700000000001
52.6
75.08800000000001
112.87400000000001
204.653
204.90200000000002
22.663
197.537
121.94500000000001
375.79200000000003
101.22500000000001
499.999
113.486
27.261
34.22
499.999
188.861
85.563
81.188
76.905
499.999
112.95100000000001
179.529
157.418
239.49800000000002
63.804
59.175000000000004
118.289
298.259
449.732
36.145
115.349
178.019
79.058
24.556
120.511
218.251
230.798
499.999
98.84400000000001
473.385
211.247
499.999
389.22
132.76
66.155
290.722
101.675
224.073
29.564
377.356
113.637
77.848
137.007
193.364
62.331
45.192
36.943
294.05
34.973
39.328
84.723
35.768
41.764
113.045
49.397
213.023
95.21000000000001
46.189
475.18600000000004
74.384
499.999
65.799
298.306
123.099
66.377
75.59400000000001
52.324
65.81700000000001
203.52100000000002
88.214
23.463
45.122
87.764
59.564
198.94400000000002
41.498
55.162
85.438
184.0
442.744
166.477
400.747
31.723
40.906
341.486
434.575
49.687
111.769
103.84400000000001
87.33800000000001
187.741
26.967000000000002
257.868
198.423
120.075
195.389
499.999
443.345
55.274
30.403000000000002
499.999
29.13
76.444
55.018
57.534
235.059
350.335
120.282
104.509
248.246
120.34700000000001
84.649
28.553
335.534
408.65500000000003
44.827
84.117
120.522
499.999
15.344000000000001
455.26
53.948
177.202
499.999
40.844
242.52100000000002
223.516
499.999
104.89
31.113
108.167
206.893
31.965
89.807
176.835
64.171
65.242
66.91
95.599
126.366
41.153
111.184
248.602
84.616
336.193
459.623
45.236000000000004
183.429
34.607
56.005
84.165
65.039
93.427
499.999
499.999
120.696
169.27100000000002
63.166000000000004
120.20400000000001
499.999
95.98
164.085
378.98900000000003
167.224
102.679
62.888
129.117
38.141
48.404
104.151
27.68
85.141
109.772
65.22
235.705
72.428
193.092
41.334
287.347
95.44
341.431
118.423
70.014
148.635
235.72400000000002
33.65
42.816
73.944
41.714
221.022
138.375
192.83
49.983000000000004
110.333
145.671
499.999
70.985
150.156
203.841
227.324
160.744
28.417
317.408
134.01
78.293
75.697
46.694
36.178
366.351
37.454
77.55
191.165
499.999
32.364
416.063
113.634
217.70000000000002
80.653
99.586
495.46500000000003
50.407000000000004
69.93900000000001
55.196
237.21
94.015
202.691
27.435000000000002
97.063
104.027
34.42
79.21300000000001
55.189
36.36
132.904
156.302
499.999
45.46
68.514
40.542
141.286
196.991
69.241
189.921
52.016
114.875
162.867
43.013
40.315
60.091
58.014
406.285
47.697
49.08
35.681
49.648
445.219
194.332
429.896
449.666
125.218
86.328
321.27500000000003
48.986000000000004
120.285
97.656
154.08
44.682
56.378
126.401
132.626
409.32300000000004
88.522
26.344
73.291
122.717
67.727
73.413
90.531
499.999
228.877
61.948
76.161
27.011
91.79
28.469
40.49
43.689
128.666
27.732
61.829
499.999
151.674
200.881
296.76
37.45
373.391
108.18
499.999
52.384
210.961
82.18900000000001
191.574
370.693
183.987
35.985
166.843
42.744
499.999
181.178
52.319
126.881
55.372
41.852000000000004
329.637
155.644
292.111
217.016
119.146
18.567
273.62600000000003
22.098
29.013
49.181000000000004
92.047
98.43900000000001
145.714
96.355
104.229
104.777
54.472
249.48000000000002
47.339
153.39600000000002
86.286
97.796
72.785
210.71800000000002
353.707
248.667
145.383
383.552
411.531
30.355
499.999
88.901
50.047000000000004
33.132
273.171
56.660000000000004
288.759
85.537
66.137
474.795
23.549
60.762
195.219
29.797
79.224
195.879
129.809
60.666000000000004
284.72700000000003
106.553
134.024
41.76
42.639
126.98700000000001
85.665
27.082
43.146
207.239
47.733000000000004
37.167
63.491
210.543
177.155
47.660000000000004
148.257
118.785
71.009
133.85
218.925
282.011
178.025
84.8
44.237
36.315
499.999
25.169
97.164
49.795
111.899
44.678000000000004
40.35
381.576
56.992000000000004
60.002
208.671
116.949
318.409
81.48
18.563
62.49
38.708
499.999
203.013
143.754
104.921
102.099
320.996
93.624
499.999
499.999
61.049
225.639
171.315
77.138
88.845
499.999
87.643
440.581
118.587
177.737
199.787
258.555
48.6
84.049
52.766
70.444
213.232
80.626
117.392
74.891
26.087
40.964
128.553
49.271
30.887
357.319
89.375
73.224
156.637
36.621
82.372
240.722
104.56700000000001
310.107
229.862
50.008
261.765
44.051
19.975
49.57
166.504
230.398
166.346
499.999
21.583000000000002
70.193
182.374
83.43900000000001
164.62800000000001
499.999
61.025
96.71900000000001
116.144
48.86
83.202
110.758
46.248
142.397
148.248
499.999
59.041000000000004
67.834
309.35
29.928
92.807
83.824
64.68900000000001
24.727
61.626000000000005
128.977
499.999
50.58
152.546
499.999
47.545
99.718
141.537
50.105000000000004
34.5
293.637
39.775
35.693
458.526
51.6
43.043
138.268
239.204
35.378
43.474000000000004
258.21500000000003
268.254
77.874
55.427
38.537
136.377
100.99000000000001
70.236
53.529
44.681
65.354
138.70000000000002
499.999
22.508
35.78
90.212
70.601
499.999
19.889
45.914
90.263
96.535
237.97
48.085
57.411
101.644
499.999
110.67
261.521
300.341
499.999
499.999
216.671
278.248
258.939
191.96800000000002
123.661
264.571
136.873
48.438
119.215
26.929000000000002
499.999
238.239
82.923
222.01500000000001
409.669
100.998
81.35300000000001
209.275
84.18900000000001
267.999
115.83500000000001
62.061
35.15
133.93800000000002
31.095000000000002
499.999
72.779
262.157
124.905
77.595
59.857
211.038
75.75
162.90200000000002
499.999
104.296
41.102000000000004
499.999
35.419000000000004
93.144
90.977
110.949
110.411
499.999
499.999
39.292
65.73
140.183
52.69
223.279
40.748
216.124
499.999
39.752
232.528
77.65
151.98
86.494
56.945
315.134
259.492
499.999
217.455
214.502
277.291
139.526
59.057
54.991
196.519
125.947
251.889
499.999
72.549
266.447
30.569
26.877
34.109
58.406
90.69800000000001
221.686
170.626
45.729
499.999
50.363
38.551
97.592
277.958
48.550000000000004
35.464
97.531
42.411
51.485
499.999
499.999
48.817
156.691
73.528
47.239000000000004
302.495
420.07
32.82
150.526
111.883
100.65
109.431
95.78
142.824
386.913
45.526
282.879
134.581
30.156000000000002
46.104
23.873
250.166
46.903
43.933
76.164
99.679
67.59
57.241
273.404
56.259
194.03900000000002
62.999
48.519
458.361
135.704
45.413000000000004
499.999
111.531
153.573
69.505
150.198
47.828
499.999
148.098
196.141
314.11
289.639
267.65
42.124
119.72500000000001
145.905
126.721
499.999
372.071
28.976
36.919000000000004
499.999
33.541000000000004
145.79
84.758
181.347
82.435
160.455
33.503
149.216
48.93
193.705
39.819
21.915
429.462
36.015
71.815
396.33
86.34
62.091
46.086
156.029
252.341
29.729
134.581
43.855000000000004
336.87600000000003
57.731
28.693
103.94200000000001
310.033
59.246
61.586
76.031
62.539
341.819
94.385
129.684
79.872
164.849
158.866
313.954
363.49
55.143
499.999
25.896
54.538000000000004
499.999
280.11400000000003
71.613
119.607
132.585
31.401
74.501
58.425000000000004
425.31
58.368
26.026
141.675
100.421
105.21900000000001
499.999
84.19200000000001
91.944
106.303
51.055
119.248
265.706
403.714
308.991
44.857
40.222
309.296
176.177
401.342
121.092
390.011
57.848
80.806
119.85300000000001
119.31
219.715
24.876
434.624
107.013
314.218
131.073
42.419000000000004
88.613
79.46300000000001
85.217
217.812
273.97
18.879
139.697
23.580000000000002
186.27700000000002
109.333
87.824
499.999
81.403
477.517
48.7
104.577
90.22
36.716
499.999
88.636
354.658
172.69400000000002
66.84400000000001
220.683
104.316
168.728
58.32
105.999
298.238
115.422
236.798
190.668
37.052
149.612
102.69
63.594
60.874
107.781
499.999
49.711
233.006
93.0
103.458
134.049
41.067
43.302
32.807
499.999
75.254
140.12
345.916
38.306
329.785
49.846000000000004
41.227000000000004
127.434
32.507
499.999
32.643
30.145
83.785
441.926
296.458
89.139
247.215
65.897
309.343
136.303
64.619
119.84
81.357
499.999
33.941
93.552
499.999
42.067
173.623
48.347
119.58800000000001
41.059
106.48700000000001
46.65
53.464
309.314
72.305
46.743
83.325
481.015
101.08200000000001
42.048
128.023
35.974000000000004
66.43900000000001
120.387
75.342
67.872
65.83500000000001
188.487
83.31
52.668
49.26
499.999
27.651
61.079
367.8
99.236
136.427
36.883
180.312
260.079
35.757
69.656
55.668
49.163000000000004
39.638
64.484
40.529
178.19
55.667
499.999
201.12
216.841
239.431
52.544000000000004
496.877
44.697
31.251
40.259
68.623
67.483
197.622
85.10600000000001
194.77
100.874
106.821
28.906000000000002
43.438
111.313
444.745
129.945
79.092
136.121
499.999
36.595
218.112
28.849
499.999
203.94400000000002
226.59300000000002
33.445
51.347
499.999
136.951
212.708
205.39600000000002
55.804
38.9
58.824
370.862
90.188
125.58
71.039
237.94
34.96
102.533
32.569
89.46300000000001
499.999
124.159
26.759
94.206
499.999
51.383
104.727
168.763
68.123
221.315
74.419
54.458
180.531
67.72200000000001
53.292
143.179
148.4
492.027
228.626
424.089
31.254
38.162
122.831
126.831
37.785000000000004
499.999
26.795
134.049
70.93900000000001
188.85
221.254
50.656
26.202
31.593
53.834
200.909
81.589
158.243
68.086
150.28
119.256
461.12600000000003
99.759
499.999
138.56
175.909
48.762
73.132
46.598
286.617
31.403000000000002
55.81
320.865
199.916
73.857
65.59
112.98100000000001
70.563
29.025000000000002
92.842
189.11
45.307
149.374
72.217
29.845
50.931000000000004
32.392
95.679
251.28300000000002
38.153
298.843
215.339
19.611
28.088
316.065
302.418
47.649
176.564
27.693
145.093
105.187
102.259
109.025
104.135
442.791
35.815
50.194
49.903
70.697
107.526
29.545
185.083
332.246
95.394
200.324
69.262
71.18
69.254
35.85
37.423
76.911
74.941
94.59400000000001
67.881
221.422
171.66
27.574
325.694
70.913
42.591
123.761
162.89600000000002
37.29
34.313
188.40800000000002
39.629
95.392
187.869
66.423
112.546
102.706
108.203
214.56
73.26
112.888
297.047
59.97
78.653
42.703
112.539
96.008
40.468
285.798
499.999
376.969
141.601
499.999
51.812
99.22
110.383
80.887
159.55
183.912
278.194
92.101
122.23100000000001
71.71300000000001
499.999
92.661
113.918
67.324
42.732
159.363
59.435
42.301
159.424
224.733
152.24
123.473
104.452
27.044
132.458
147.136
45.473
321.02
88.395
25.51
374.574
349.734
399.675
43.906
72.97
263.596
85.83500000000001
256.135
62.495000000000005
54.169000000000004
240.455
33.722
46.52
34.756
117.268
312.628
277.95300000000003
161.296
74.804
72.925
54.998000000000005
293.064
46.621
361.973
499.999
499.999
383.46000000000004
259.997
72.595
104.8
41.567
21.57
99.8
373.116
499.999
92.977
499.999
133.579
202.818
155.211
141.486
41.098
55.479
44.769
61.789
19.803
57.375
79.276
25.818
82.46300000000001
49.541000000000004
343.755
206.329
51.965
82.706
46.346000000000004
44.904
32.405
81.268
360.106
54.026
85.104
412.267
50.643
255.126
141.609
85.334
75.263
91.936
31.411
116.662
52.884
56.902
247.725
71.78
68.626
239.519
29.296
24.491
112.979
219.339
197.523
212.168
118.825
138.369
279.938
48.101
36.503
32.743
69.325
166.641
124.372
119.4
30.079
141.65200000000002
46.646
86.923
40.207
71.41
85.10600000000001
186.912
36.839
76.435
137.931
499.999
122.98400000000001
103.07600000000001
283.117
181.197
403.78700000000003
499.999
102.351
499.999
56.83
37.189
291.571
76.311
23.842
192.876
499.999
185.89000000000001
279.831
235.153
69.002
120.611
111.446
117.005
47.216
30.643
136.273
73.983
354.708
47.037
76.108
129.382
168.523
73.741
242.96200000000002
62.207
102.929
259.111
499.999
38.522
499.999
162.399
34.408
66.266
200.393
124.47
122.503
250.483
102.632
52.448
33.674
499.999
108.404
72.031
29.099
82.168
24.098
80.474
137.181
440.401
466.37600000000003
174.685
185.95000000000002
105.937
116.656
167.28300000000002
32.133
255.548
499.999
70.398
104.91
59.99
52.665
36.082
160.197
79.854
46.313
138.644
90.056
33.824
242.964
32.526
86.107
24.064
133.74
185.864
283.866
54.385
37.031
102.396
40.681
60.822
47.624
95.125
383.057
499.999
499.999
112.721
192.769
94.119
45.171
55.589
49.933
48.894
326.887
180.485
50.336
242.12300000000002
233.12800000000001
75.483
75.423
91.411
87.73100000000001
64.37
366.535
54.894
265.641
315.08
36.557
499.999
103.134
57.876
54.708
67.282
60.987
32.267
166.106
28.231
499.999
306.563
100.054
51.254
395.883
65.873
28.567
220.844
393.919
120.683
32.793
81.88
391.428
157.089
166.72
128.154
57.845
210.061
50.822
176.08100000000002
45.691
320.793
38.306
40.621
136.18200000000002
110.24300000000001
77.014
319.637
20.012
255.208
185.238
22.111
142.701
78.682
137.863
130.81300000000002
499.999
48.605000000000004
100.03
458.118
144.42600000000002
58.607
328.762
124.581
25.624
85.048
49.870000000000005
499.999
102.012
211.46800000000002
100.512
499.999
64.431
58.098
140.796
39.980000000000004
88.84100000000001
82.346
59.715
122.31400000000001
153.653
41.910000000000004
51.683
97.456
80.809
33.495
116.45700000000001
499.999
476.56
50.980000000000004
396.12600000000003
70.388
133.9
122.486
89.118
142.332
229.08100000000002
48.356
499.999
50.179
83.831
59.997
81.497
324.954
50.674
439.769
499.999
92.057
165.826
174.228
108.449
95.458
173.227
277.361
78.534
288.821
49.782000000000004
66.159
86.854
499.999
67.526
325.838
26.606
39.036
63.528
68.21600000000001
81.899
54.362
117.961
115.083
134.09
124.97800000000001
246.20600000000002
266.118
184.354
382.964
268.665
56.878
103.789
70.114
68.859
166.703
499.999
61.806000000000004
21.553
98.13
62.023
406.008
50.915
499.999
74.343
80.303
69.509
62.208
112.34700000000001
162.669
42.674
66.82600000000001
111.554
123.22200000000001
46.053000000000004
66.83800000000001
95.441
39.623
167.812
225.92600000000002
56.785000000000004
132.3
43.068
155.272
114.79
376.68
41.69
37.124
56.039
36.239
60.52
212.868
64.586
30.303
170.565
66.504
51.575
174.377
84.747
53.864000000000004
53.714
42.998
67.272
47.431000000000004
75.382
306.599
173.147
95.965
86.035
60.115
125.061
29.569
80.968
131.635
44.079
56.101
128.049
25.272000000000002
143.51500000000001
145.07500000000002
34.112
425.045
321.028
277.289
126.675
131.251
160.178
249.244
46.184
51.179
34.235
32.231
126.10600000000001
132.809
33.725
314.686
199.05700000000002
22.213
37.587
74.887
499.999
174.727
51.966
92.712
49.449
187.353
148.707
77.533
213.92000000000002
37.345
74.385
68.116
499.999
67.84400000000001
499.999
25.788
78.32900000000001
192.073
262.872
52.218
95.958
123.786
78.078
65.368
125.095
108.733
499.999
204.107
119.305
41.485
58.966
499.999
30.908
306.46500000000003
75.008
38.543
221.219
77.173
40.134
103.286
499.999
111.52
168.33700000000002
226.186
32.976
51.468
89.664
65.959
60.711
76.673
94.404
372.933
59.556000000000004
56.847
242.928
294.755
64.931
221.997
55.026
167.31900000000002
199.421
499.999
53.267
52.903
27.354
53.477000000000004
47.568
39.744
48.774
261.312
106.01
168.177
44.495
228.691
75.63
120.23700000000001
236.77100000000002
59.838
454.86400000000003
22.887
221.107
89.22800000000001
154.641
30.874000000000002
95.512
82.434
192.92600000000002
66.827
151.972
77.769
93.027
23.279
35.717
41.925000000000004
154.576
77.333
273.957
70.07000000000001
235.266
202.213
94.902
227.335
462.903
130.156
499.999
378.797
46.006
25.694
29.97
74.839
42.793
62.017
78.257
39.421
100.777
196.687
123.85300000000001
64.18
69.31400000000001
35.324
63.022
243.449
172.41
345.444
122.536
28.219
82.539
47.396
48.675000000000004
28.016000000000002
133.115
117.663
123.24600000000001
306.291
42.542
242.729
173.986
187.062
463.004
61.343
84.365
159.83
85.102
52.724000000000004
108.816
95.638
198.702
83.736
200.543
170.876
148.074
70.467
31.142
491.641
186.322
52.962
113.889
46.127
25.715
499.999
448.236
46.414
45.814
51.313
39.685
91.921
94.911
201.554
76.135
28.36
66.453
165.118
464.985
466.325
86.029
37.862
268.442
166.82
160.83700000000002
73.89
56.155
38.85
78.763
138.766
53.65
110.98
238.971
86.188
83.049
252.329
145.639
296.528
385.664
40.534
192.341
499.999
301.90000000000003
124.498
46.136
247.251
125.10300000000001
33.87
50.282000000000004
45.271
499.999
374.423
309.049
26.621000000000002
134.203
46.384
27.477
296.211
102.77
471.978
497.73
41.266
66.392
325.479
99.569
131.516
37.471000000000004
120.69200000000001
45.279
159.971
114.565
92.524
74.756
60.811
499.999
321.796
47.478
48.869
160.796
154.977
323.75600000000003
188.34900000000002
68.606
124.61800000000001
37.453
73.265
69.136
499.999
336.955
79.264
274.692
48.833
125.105
104.129
37.678
27.703
100.048
35.902
146.802
121.419
193.913
67.21900000000001
57.437000000000005
119.419
86.891
499.999
66.231
499.999
92.745
109.23400000000001
140.049
91.654
237.606
124.558
345.946
317.892
74.59700000000001
97.001
74.218
487.426
112.69800000000001
163.094
92.735
491.62100000000004
396.824
259.984
119.542
298.491
116.645
39.7
230.702
27.146
110.29
57.181000000000004
52.827
73.418
29.904
94.882
156.267
151.346
443.047
27.163
110.038
158.849
33.9
376.849
499.999
23.937
202.761
405.934
362.246
89.562
116.754
79.032
420.765
39.169000000000004
102.882
47.796
300.735
166.952
65.94
53.17
492.632
134.88
44.514
303.66200000000003
128.808
60.997
160.722
45.455
23.164
76.285
32.509
34.511
61.101
141.843
499.999
36.636
57.707
98.375
22.619
116.92
311.918
58.923
148.449
31.447
43.194
117.34
297.198
285.931
306.72
55.311
131.903
499.999
82.775
76.976
56.387
499.999
58.605000000000004
20.087
27.507
23.362000000000002
21.435
392.294
272.553
107.754
117.156
78.626
33.533
41.514
36.410000000000004
30.962
20.099
257.937
337.294
59.671
59.422000000000004
49.264
32.111000000000004
45.109
97.59400000000001
221.31900000000002
112.34
39.498
330.733
60.206
84.657
499.999
63.984
267.255
30.446
21.696
107.71300000000001
66.324
42.868
38.403
79.661
110.81
58.611000000000004
91.02
47.384
422.059
23.598
60.733000000000004
499.999
48.133
151.341
61.018
499.999
98.979
159.329
68.881
137.048
89.97800000000001
64.506
33.032000000000004
85.83200000000001
27.887
155.76
155.677
118.82600000000001
165.037
31.218
467.838
67.84100000000001
77.517
149.007
434.103
137.732
339.945
62.386
102.808
29.794
249.464
59.463
244.949
100.051
32.717
52.327
51.583
29.166
113.672
64.424
132.326
100.453
184.219
64.14
49.024
276.349
35.129
91.652
46.721000000000004
63.327
83.738
39.435
61.893
250.401
30.107
32.8
30.033
22.422
47.980000000000004
104.215
134.597
60.438
85.974
494.767
253.202
19.71
53.910000000000004
65.756
499.999
239.96200000000002
77.524
189.22
499.999
62.366
62.752
44.94
51.06
229.119
234.50900000000001
361.749
357.846
61.004
410.258
77.32600000000001
103.283
180.725
193.482
227.83
167.657
499.999
106.99300000000001
332.369
217.049
138.441
27.437
140.724
329.481
314.86
82.203
29.765
37.47
321.00100000000003
107.252
55.622
45.461
67.363
209.285
105.414
172.228
119.044
66.675
115.539
41.72
110.02
230.534
39.599000000000004
104.241
107.94800000000001
274.32
60.933
51.688
190.624
29.654
406.264
57.744
69.218
307.72
34.099000000000004
465.688
133.54
117.205
77.31
33.385
77.671
62.436
499.999
190.684
127.784
204.869
499.999
40.57
163.649
69.76
42.064
63.675000000000004
29.755
69.766
456.118
62.604
499.999
66.775
56.905
188.405
38.635
36.827
63.589
130.823
267.01300000000003
62.102000000000004
55.512
28.858
40.057
177.737
143.812
23.899
269.037
75.697
107.045
21.035
74.536
97.551
188.011
92.515
371.139
61.736000000000004
59.103
499.999
23.490000000000002
75.059
352.925
167.239
27.155
118.24000000000001
417.366
499.999
113.37100000000001
123.256
60.872
28.94
50.444
103.193
70.749
123.363
30.174
145.106
52.763
55.386
195.839
36.506
481.144
82.537
82.98100000000001
461.093
39.837
486.064
49.57
499.999
214.043
80.359
25.633
76.97200000000001
209.05
479.696
185.074
382.902
57.879
84.558
205.663
490.498
58.589
266.499
288.637
159.397
89.003
26.357
43.096000000000004
31.447
39.537
89.679
26.913
25.138
37.025
115.298
60.328
189.948
63.272
60.126000000000005
23.975
43.362
201.43
203.616
349.82
55.739000000000004
285.90000000000003
52.188
90.858
296.07800000000003
154.729
155.889
54.264
499.999
352.089
137.537
32.496
67.96000000000001
499.999
125.907
111.138
88.837
59.512
64.08500000000001
370.17
32.479
97.894
35.794000000000004
79.362
25.387
149.011
181.225
42.467
289.35200000000003
32.775
65.11
51.895
46.808
192.674
499.999
195.856
42.458
70.112
85.696
61.824
34.086
499.999
89.254
89.22
433.845
120.766
91.214
67.255
91.365
63.428000000000004
499.999
129.985
71.299
34.375
94.06
193.171
190.354
104.162
119.133
95.405
40.480000000000004
57.653
444.084
423.59700000000004
399.688
420.705
124.95700000000001
92.994
308.967
499.999
499.999
32.795
51.5
247.665
53.032000000000004
68.146
81.996
28.097
165.782
193.275
149.834
158.292
46.847
22.641000000000002
499.999
67.278
123.178
58.461
109.552
85.793
499.999
63.83
184.21800000000002
117.43900000000001
392.706
146.04500000000002
352.27
35.434
298.362
117.767
330.321
52.325
216.423
72.614
94.298
71.45
46.173
28.213
39.676
210.65200000000002
87.261
45.324
63.156
140.328
84.961
390.98
193.949
51.54
54.496
129.16
461.567
83.998
228.252
499.999
118.974
274.125
150.799
499.999
39.266
248.102
76.53
427.195
69.46000000000001
160.749
166.077
499.999
43.568
88.868
467.289
351.419
220.233
499.999
102.72
48.562
268.247
207.151
130.544
130.347
50.483000000000004
65.762
158.411
125.07600000000001
130.749
54.564
46.404
208.94
130.2
27.011
499.999
31.244
95.601
58.02
221.84900000000002
234.476
169.89000000000001
152.624
385.671
24.808
499.999
32.519
45.113
53.798
82.737
86.563
285.535
273.647
61.716
36.869
59.718
114.761
128.586
199.125
162.606
499.999
43.292
176.126
78.393
50.317
499.999
494.576
66.206
352.458
209.413
109.909
76.446
259.769
80.37
147.90200000000002
61.19
198.929
30.197
332.898
428.919
183.622
132.406
414.516
148.392
176.211
101.48100000000001
127.116
63.413000000000004
253.946
65.46300000000001
293.284
125.58
100.993
139.722
70.499
87.336
37.87
58.292
86.72200000000001
312.693
296.95300000000003
110.19
80.531
44.986000000000004
31.995
28.714000000000002
151.546
41.554
192.356
122.928
39.741
318.698
168.243
68.486
107.99600000000001
301.533
89.905
104.381
161.448
499.999
96.667
499.999
72.66
78.411
294.159
41.550000000000004
130.863
38.641
156.492
97.83500000000001
95.464
47.25
67.21900000000001
39.597
118.974
59.577
56.431000000000004
255.522
92.62
136.216
78.371
499.999
499.999
61.841
29.705000000000002
325.086
499.999
221.186
41.359
184.122
24.537
499.999
69.14
45.859
69.494
330.805
25.489
30.826
85.023
26.767
499.999
95.912
126.473
82.517
267.754
499.999
40.505
499.999
27.844
261.301
121.836
49.046
440.034
29.344
256.278
102.33200000000001
499.999
154.257
114.477
39.006
41.832
241.835
41.066
83.743
34.747
461.69
94.232
77.929
498.659
47.483000000000004
83.598
499.999
421.807
212.534
289.25100000000003
230.278
209.186
66.371
370.161
218.447
197.01500000000001
119.19200000000001
467.53000000000003
29.279
99.881
77.857
223.578
43.895
57.705
78.884
61.897
39.402
367.512
49.302
143.362
176.603
59.201
61.588
74.476
103.95400000000001
138.62800000000001
499.999
52.026
62.563
62.481
164.97
66.501
469.74
39.764
183.95000000000002
499.999
83.529
62.481
63.317
132.826
141.203
36.686
116.465
16.864
97.874
181.624
434.51
49.271
146.849
55.209
88.68
230.02
499.999
135.25900000000001
61.237
151.37800000000001
270.805
24.091
66.147
49.037
60.532000000000004
115.208
71.998
436.74
240.476
104.255
412.336
330.883
168.996
112.73100000000001
329.964
60.785000000000004
140.106
37.841
36.447
73.38
108.358
208.64600000000002
46.155
36.779
106.658
55.976
77.604
136.178
34.499
57.071
185.87800000000001
308.43
25.159
32.874
47.343
63.807
135.127
49.693
13.305
70.551
209.167
49.338
63.346000000000004
34.183
223.317
499.999
60.334
383.577
195.92000000000002
189.52
53.153
222.424
63.456
352.332
66.32600000000001
102.319
197.467
313.988
33.182
53.812
312.749
196.93200000000002
80.471
39.505
486.10200000000003
52.897
75.625
219.812
225.798
31.944
72.928
66.349
98.408
73.812
123.985
43.356
499.999
163.728
47.83
288.387
47.473
18.446
434.19800000000004
58.996
41.336
224.621
69.605
213.203
189.96800000000002
368.819
265.147
39.686
63.71
139.743
31.776
85.496
106.453
499.999
394.2
169.233
25.664
93.46300000000001
52.867000000000004
266.237
86.105
39.13
499.999
196.822
75.848
80.266
337.44
189.028
24.174
164.69400000000002
49.563
499.999
20.2
96.179
40.315
98.657
66.678
66.071
32.367
48.606
191.473
276.22700000000003
184.18
25.565
158.29
228.74200000000002
439.971
321.267
87.754
19.369
195.83100000000002
134.586
35.195
351.61400000000003
499.999
66.522
67.856
49.537
25.945
45.338
269.594
499.999
94.345
70.529
136.226
40.438
94.793
43.878
59.019
166.505
56.513
110.47200000000001
270.997
229.627
68.172
24.312
210.422
44.26
499.999
415.024
262.17900000000003
499.999
331.40500000000003
66.01
110.325
48.216
102.084
293.961
73.06700000000001
145.881
96.956
46.917
178.623
79.906
309.075
76.742
119.12100000000001
100.69
87.172
90.374
234.467
26.489
189.955
94.436
117.842
45.65
148.02100000000002
121.87400000000001
54.379
132.781
105.17
499.999
46.435
79.587
208.761
86.785
52.144
293.464
108.86500000000001
166.159
322.89
127.503
191.49
79.684
360.157
