Hitting Time
85.30000000000001
77.5
57.1
79.5
136.3
137.8
51.400000000000006
194.3
29.5
173.20000000000002
54.7
128.20000000000002
81.5
78.0
174.4
105.7
35.6
68.5
47.900000000000006
47.400000000000006
81.10000000000001
63.900000000000006
133.0
264.7
483.0
60.900000000000006
51.400000000000006
105.2
110.7
390.70000000000005
193.9
100.10000000000001
49.400000000000006
60.300000000000004
82.0
47.6
79.0
39.2
203.70000000000002
273.40000000000003
157.20000000000002
174.0
167.20000000000002
85.4
73.2
142.20000000000002
76.60000000000001
91.10000000000001
84.10000000000001
34.2
163.10000000000002
171.9
108.7
108.9
252.5
172.60000000000002
65.7
120.30000000000001
47.7
49.900000000000006
131.1
35.0
55.400000000000006
50.1
42.2
132.8
185.5
250.20000000000002
106.9
114.7
181.8
67.7
99.5
38.900000000000006
79.30000000000001
86.2
108.0
161.3
54.300000000000004
68.9
30.200000000000003
56.7
45.300000000000004
130.6
308.70000000000005
141.8
131.0
117.7
103.9
148.3
91.0
46.6
63.2
130.9
61.300000000000004
68.9
131.5
140.8
128.20000000000002
280.1
79.30000000000001
78.2
176.0
166.0
27.8
""
111.60000000000001
83.7
97.0
75.2
29.400000000000002
75.10000000000001
85.2
164.5
67.3
130.5
48.900000000000006
""
269.90000000000003
119.60000000000001
60.7
74.3
48.2
100.5
53.7
179.8
60.0
60.800000000000004
41.400000000000006
458.90000000000003
274.7
56.400000000000006
58.300000000000004
187.3
43.300000000000004
48.2
396.3
131.0
123.30000000000001
76.0
124.10000000000001
41.800000000000004
92.9
80.5
181.9
76.7
142.0
162.70000000000002
37.1
173.70000000000002
57.6
43.7
226.70000000000002
94.7
109.7
83.7
67.10000000000001
237.4
54.300000000000004
215.70000000000002
64.2
73.0
138.5
51.1
338.0
130.8
57.6
98.5
51.7
61.6
61.300000000000004
65.7
87.2
85.0
47.0
181.20000000000002
46.2
144.3
196.8
52.300000000000004
47.0
55.5
451.90000000000003
211.20000000000002
258.1
258.1
116.9
40.2
99.2
202.70000000000002
42.6
63.300000000000004
53.800000000000004
150.9
466.20000000000005
75.60000000000001
170.9
140.8
75.60000000000001
84.10000000000001
65.4
84.7
57.2
66.10000000000001
127.9
52.6
90.30000000000001
167.20000000000002
31.700000000000003
147.0
205.4
99.4
81.80000000000001
276.6
77.10000000000001
143.6
46.0
97.60000000000001
53.300000000000004
47.800000000000004
66.60000000000001
144.20000000000002
38.0
47.400000000000006
120.60000000000001
43.400000000000006
76.3
86.60000000000001
119.0
108.60000000000001
70.2
170.70000000000002
56.1
110.0
69.7
47.5
164.10000000000002
36.7
56.7
63.1
95.4
32.5
69.60000000000001
48.400000000000006
110.5
74.0
197.8
42.2
202.0
60.1
152.9
72.2
70.10000000000001
72.4
78.60000000000001
80.80000000000001
128.1
58.0
112.2
79.10000000000001
29.1
184.4
94.80000000000001
122.80000000000001
147.6
44.1
100.7
55.300000000000004
46.400000000000006
66.0
61.400000000000006
72.60000000000001
155.9
250.3
46.800000000000004
57.0
164.8
352.3
71.10000000000001
72.4
25.8
151.6
181.0
107.2
41.300000000000004
97.0
42.6
103.0
34.1
35.6
56.400000000000006
145.20000000000002
116.4
83.5
101.10000000000001
129.5
42.800000000000004
76.5
381.20000000000005
119.30000000000001
44.900000000000006
39.6
179.20000000000002
60.2
44.6
121.7
478.0
86.9
54.1
115.10000000000001
65.9
50.400000000000006
60.0
192.10000000000002
83.5
122.0
65.8
95.2
184.0
55.5
63.400000000000006
35.0
93.7
64.9
54.2
70.9
""
35.300000000000004
33.7
110.5
155.20000000000002
118.5
75.10000000000001
56.2
185.70000000000002
98.0
213.5
49.2
189.3
158.10000000000002
150.20000000000002
179.8
166.4
94.10000000000001
40.1
39.300000000000004
206.70000000000002
28.200000000000003
40.800000000000004
52.5
38.900000000000006
55.300000000000004
57.1
195.10000000000002
47.400000000000006
60.6
172.60000000000002
60.2
141.70000000000002
116.2
102.7
109.10000000000001
35.6
52.300000000000004
70.60000000000001
161.3
287.40000000000003
74.7
42.7
100.4
259.90000000000003
61.5
86.2
190.3
141.8
92.60000000000001
45.6
70.3
350.1
81.60000000000001
""
29.6
182.60000000000002
37.800000000000004
48.0
68.3
145.70000000000002
264.1
52.6
148.8
118.4
98.2
52.900000000000006
79.2
120.5
230.20000000000002
90.60000000000001
213.8
116.60000000000001
86.7
39.0
34.7
103.30000000000001
104.0
42.0
264.40000000000003
50.400000000000006
60.1
135.9
28.0
232.70000000000002
22.900000000000002
92.2
105.4
194.10000000000002
32.2
67.10000000000001
70.2
87.2
140.6
46.300000000000004
206.9
119.9
94.80000000000001
175.60000000000002
134.4
180.0
86.7
128.6
133.6
113.2
70.7
126.10000000000001
222.10000000000002
61.0
79.2
168.20000000000002
416.6
150.3
80.9
112.80000000000001
43.400000000000006
238.4
72.0
67.4
53.5
59.6
49.300000000000004
41.300000000000004
37.300000000000004
152.3
82.30000000000001
78.30000000000001
53.400000000000006
361.40000000000003
263.40000000000003
86.4
80.7
79.30000000000001
72.60000000000001
88.7
99.2
69.0
62.900000000000006
28.5
119.10000000000001
37.300000000000004
88.10000000000001
111.0
38.2
69.60000000000001
187.10000000000002
142.9
87.5
52.900000000000006
84.9
103.10000000000001
74.8
206.60000000000002
30.900000000000002
34.4
157.3
78.2
104.4
31.8
68.8
""
60.2
211.10000000000002
41.2
157.20000000000002
110.60000000000001
181.20000000000002
61.800000000000004
118.5
35.2
67.9
160.8
50.7
55.6
184.4
73.9
84.2
105.4
39.6
92.80000000000001
33.5
352.0
134.4
53.7
131.9
35.6
32.800000000000004
175.70000000000002
128.3
127.4
123.9
125.5
48.800000000000004
65.0
272.0
125.4
68.60000000000001
59.5
73.10000000000001
64.7
64.7
121.60000000000001
37.4
182.0
41.6
37.1
143.20000000000002
253.0
153.9
171.5
367.5
106.4
161.70000000000002
298.2
80.0
63.6
93.9
84.0
74.10000000000001
134.4
39.300000000000004
61.400000000000006
173.5
255.3
31.400000000000002
68.0
98.2
67.4
84.2
67.4
105.4
57.400000000000006
175.10000000000002
87.2
26.1
61.7
134.20000000000002
79.30000000000001
48.2
91.7
44.900000000000006
243.60000000000002
68.3
256.0
56.900000000000006
55.5
35.6
30.900000000000002
107.0
60.7
51.800000000000004
60.7
101.0
196.8
33.300000000000004
244.0
42.1
73.9
34.4
67.60000000000001
141.6
102.9
100.30000000000001
52.0
73.60000000000001
64.4
43.1
158.9
116.2
64.0
82.9
66.10000000000001
49.7
38.1
135.20000000000002
159.9
184.9
59.0
51.900000000000006
41.5
59.800000000000004
83.4
160.3
24.200000000000003
103.9
103.4
261.1
91.80000000000001
62.2
113.7
37.5
55.300000000000004
230.4
68.2
45.2
225.3
119.4
64.9
37.4
40.400000000000006
204.0
61.1
164.20000000000002
87.60000000000001
154.4
159.3
87.7
67.9
90.5
83.5
189.9
49.0
103.9
56.900000000000006
48.800000000000004
59.1
180.3
299.5
104.80000000000001
77.30000000000001
314.3
165.4
42.5
45.5
57.800000000000004
178.0
82.10000000000001
223.3
31.700000000000003
64.60000000000001
69.3
412.3
87.30000000000001
215.5
75.60000000000001
238.4
390.6
90.80000000000001
34.6
98.4
86.10000000000001
66.60000000000001
416.40000000000003
71.4
44.7
73.5
109.2
133.4
91.10000000000001
90.5
77.4
37.800000000000004
181.3
192.8
323.3
66.4
52.400000000000006
76.5
38.300000000000004
136.8
78.60000000000001
35.2
109.9
40.2
161.0
164.9
39.1
38.6
105.80000000000001
100.80000000000001
61.2
141.9
42.800000000000004
51.5
162.0
242.0
104.4
52.900000000000006
52.400000000000006
335.8
63.1
66.5
93.80000000000001
36.7
115.80000000000001
45.0
104.2
47.400000000000006
29.700000000000003
127.80000000000001
99.80000000000001
92.7
86.0
199.9
100.4
110.60000000000001
257.2
83.9
81.80000000000001
74.10000000000001
100.10000000000001
53.2
76.4
42.300000000000004
101.30000000000001
84.60000000000001
74.5
107.0
47.7
153.8
231.3
295.1
31.5
111.80000000000001
123.7
81.10000000000001
157.4
133.4
49.7
382.0
48.2
76.60000000000001
125.0
84.5
110.60000000000001
138.5
154.9
42.1
71.8
76.10000000000001
32.9
75.8
118.0
173.10000000000002
59.300000000000004
22.200000000000003
99.80000000000001
66.2
61.900000000000006
174.10000000000002
283.8
163.10000000000002
38.400000000000006
46.400000000000006
84.10000000000001
121.5
45.2
68.9
270.40000000000003
87.80000000000001
107.7
56.2
49.6
394.1
99.5
68.7
151.8
57.6
65.0
152.9
198.5
44.6
212.5
393.20000000000005
110.9
106.30000000000001
113.30000000000001
48.300000000000004
76.7
125.10000000000001
52.7
80.80000000000001
161.70000000000002
68.7
34.2
55.0
66.8
129.9
50.300000000000004
51.0
40.400000000000006
47.5
26.6
91.10000000000001
33.1
77.5
40.900000000000006
37.800000000000004
59.0
191.3
84.30000000000001
52.6
82.10000000000001
139.5
159.4
195.4
100.80000000000001
40.0
174.8
77.9
85.5
39.6
31.900000000000002
107.5
64.0
98.0
56.300000000000004
150.6
81.30000000000001
41.900000000000006
164.4
154.5
56.7
50.7
140.3
137.0
165.3
36.0
60.900000000000006
31.400000000000002
74.7
80.30000000000001
112.4
47.0
53.900000000000006
28.8
148.9
58.0
69.8
144.1
99.10000000000001
119.60000000000001
90.60000000000001
102.60000000000001
60.900000000000006
289.6
50.900000000000006
185.70000000000002
139.1
127.9
79.80000000000001
85.30000000000001
83.10000000000001
299.0
60.0
47.1
32.9
152.5
263.5
89.10000000000001
51.400000000000006
85.10000000000001
90.5
67.5
130.1
195.0
174.20000000000002
462.20000000000005
53.5
68.8
68.0
200.4
74.7
100.5
60.400000000000006
41.300000000000004
86.80000000000001
126.7
170.5
162.9
61.0
114.9
138.5
66.9
180.9
300.40000000000003
64.2
142.8
357.70000000000005
187.5
74.8
86.0
93.5
97.2
75.2
30.3
73.9
69.60000000000001
187.70000000000002
109.60000000000001
159.4
194.10000000000002
52.0
125.2
45.1
46.1
94.80000000000001
98.4
94.10000000000001
90.5
76.80000000000001
256.7
40.800000000000004
96.0
67.8
42.900000000000006
123.4
55.6
119.5
55.900000000000006
54.400000000000006
68.7
49.6
232.5
284.6
72.2
97.2
62.7
131.4
69.9
62.300000000000004
64.60000000000001
81.30000000000001
88.9
53.5
106.5
127.30000000000001
33.1
104.2
145.70000000000002
151.6
35.2
363.8
44.900000000000006
39.5
154.9
80.0
115.2
77.60000000000001
221.8
80.80000000000001
41.400000000000006
143.9
151.5
68.60000000000001
96.30000000000001
87.5
65.7
159.4
93.7
132.8
94.7
58.800000000000004
47.800000000000004
209.4
133.3
103.60000000000001
51.300000000000004
156.5
334.40000000000003
36.5
139.1
54.800000000000004
90.30000000000001
98.4
108.5
52.800000000000004
40.900000000000006
95.7
40.2
126.2
99.0
50.900000000000006
154.3
180.70000000000002
63.5
40.5
107.5
84.30000000000001
100.30000000000001
111.80000000000001
300.3
89.10000000000001
266.40000000000003
158.8
186.10000000000002
39.5
65.9
87.7
221.5
98.80000000000001
146.9
85.5
56.2
277.3
47.5
73.0
48.2
227.4
76.7
177.0
72.9
90.9
60.300000000000004
96.10000000000001
82.9
49.400000000000006
77.60000000000001
40.300000000000004
122.5
53.2
42.5
155.60000000000002
96.60000000000001
113.7
57.800000000000004
162.20000000000002
107.30000000000001
69.10000000000001
95.60000000000001
43.0
30.3
63.400000000000006
53.800000000000004
66.5
292.40000000000003
83.80000000000001
50.800000000000004
69.0
45.5
137.5
42.400000000000006
221.5
282.0
134.5
47.6
115.60000000000001
180.9
50.900000000000006
34.2
55.2
39.400000000000006
74.60000000000001
75.9
71.0
43.1
41.7
55.2
178.8
27.8
136.0
211.60000000000002
57.1
166.10000000000002
102.60000000000001
116.9
337.6
286.6
324.8
69.60000000000001
104.9
46.2
81.9
194.20000000000002
69.4
86.30000000000001
173.9
90.5
69.3
109.2
33.300000000000004
138.1
416.20000000000005
44.5
448.3
326.20000000000005
86.7
71.7
51.6
58.1
40.5
37.2
192.5
38.800000000000004
69.4
45.1
93.2
57.1
60.800000000000004
78.2
224.0
73.5
118.80000000000001
54.1
306.3
88.4
""
171.3
68.8
116.9
103.9
107.0
178.70000000000002
222.20000000000002
69.0
70.0
131.70000000000002
155.70000000000002
123.30000000000001
44.300000000000004
38.400000000000006
50.7
129.9
103.30000000000001
34.5
41.2
79.30000000000001
40.1
""
72.10000000000001
95.4
36.5
38.0
102.10000000000001
103.4
49.5
65.8
52.900000000000006
97.0
324.40000000000003
54.7
83.10000000000001
123.10000000000001
53.400000000000006
116.0
126.4
79.7
66.60000000000001
102.80000000000001
45.2
154.70000000000002
42.1
108.9
71.60000000000001
43.900000000000006
42.7
21.0
141.3
125.30000000000001
107.30000000000001
50.7
73.3
175.70000000000002
78.60000000000001
50.6
46.800000000000004
138.9
127.4
198.10000000000002
96.60000000000001
130.9
69.10000000000001
62.800000000000004
161.0
168.70000000000002
170.20000000000002
85.10000000000001
149.5
135.20000000000002
148.20000000000002
84.2
49.5
121.7
53.0
140.3
86.2
40.6
56.2
64.10000000000001
174.9
112.80000000000001
45.7
103.10000000000001
69.9
182.8
91.7
31.0
61.1
160.10000000000002
156.9
52.300000000000004
74.2
182.60000000000002
49.400000000000006
30.200000000000003
94.0
51.5
50.6
49.6
62.6
111.5
90.60000000000001
45.800000000000004
56.300000000000004
31.700000000000003
53.6
282.8
122.30000000000001
106.7
58.0
96.4
249.60000000000002
54.800000000000004
85.30000000000001
97.2
192.60000000000002
34.9
63.900000000000006
29.900000000000002
89.7
72.4
130.8
49.5
61.7
176.3
126.10000000000001
168.4
60.0
215.0
149.6
127.7
101.7
66.9
172.70000000000002
82.60000000000001
33.4
72.4
56.900000000000006
69.8
44.400000000000006
210.10000000000002
34.800000000000004
80.10000000000001
115.10000000000001
29.5
113.7
117.5
52.6
78.0
64.4
66.3
87.2
68.8
61.300000000000004
37.300000000000004
58.400000000000006
36.4
87.7
125.10000000000001
46.800000000000004
26.900000000000002
183.20000000000002
42.800000000000004
58.7
55.400000000000006
170.9
73.0
94.0
67.8
154.4
245.4
102.9
59.1
63.300000000000004
46.2
31.700000000000003
63.1
157.70000000000002
37.7
97.4
136.8
79.80000000000001
41.5
46.7
50.900000000000006
228.8
77.10000000000001
62.400000000000006
44.900000000000006
112.0
104.2
248.20000000000002
84.7
203.3
37.5
260.3
86.9
127.2
73.2
103.2
77.7
117.80000000000001
113.30000000000001
142.5
457.3
58.2
80.5
55.300000000000004
278.2
250.0
40.0
47.6
142.70000000000002
68.2
70.60000000000001
53.5
51.5
34.0
89.7
100.10000000000001
42.400000000000006
197.60000000000002
146.20000000000002
175.0
28.0
204.60000000000002
107.9
50.300000000000004
220.0
121.7
250.9
82.7
49.800000000000004
44.6
60.300000000000004
69.5
68.2
36.6
79.7
90.30000000000001
367.40000000000003
90.2
199.5
50.300000000000004
83.4
63.7
47.7
105.10000000000001
62.2
84.10000000000001
137.20000000000002
183.20000000000002
64.60000000000001
33.300000000000004
112.7
62.2
208.5
116.80000000000001
38.7
""
53.7
41.800000000000004
137.6
106.10000000000001
69.4
142.70000000000002
106.80000000000001
41.6
278.1
150.9
73.7
40.7
43.900000000000006
63.0
58.5
40.0
166.5
62.300000000000004
62.2
120.9
106.30000000000001
37.0
161.4
59.6
151.1
46.6
58.1
62.300000000000004
48.300000000000004
50.900000000000006
195.10000000000002
82.4
60.7
62.5
68.0
123.0
84.10000000000001
121.0
147.0
49.800000000000004
83.80000000000001
130.5
45.300000000000004
48.900000000000006
171.70000000000002
82.60000000000001
193.70000000000002
75.3
103.2
120.2
140.1
162.5
218.20000000000002
75.60000000000001
118.5
154.8
37.0
66.9
213.0
110.60000000000001
81.60000000000001
114.30000000000001
70.10000000000001
40.300000000000004
50.900000000000006
31.400000000000002
49.5
267.40000000000003
76.80000000000001
137.20000000000002
76.60000000000001
35.7
111.30000000000001
45.900000000000006
90.4
115.7
144.0
137.6
45.1
125.30000000000001
166.20000000000002
65.5
92.10000000000001
312.8
73.3
118.0
95.2
85.9
115.10000000000001
62.1
98.60000000000001
106.2
123.2
63.7
60.7
79.0
46.800000000000004
84.7
58.7
59.1
55.400000000000006
116.10000000000001
88.30000000000001
76.10000000000001
86.4
84.0
122.30000000000001
100.10000000000001
45.800000000000004
79.5
59.6
116.4
344.70000000000005
37.0
56.900000000000006
36.7
166.9
473.90000000000003
71.2
109.2
154.3
147.4
131.1
223.0
34.7
79.30000000000001
40.5
54.0
93.4
292.0
44.800000000000004
63.6
23.6
44.6
431.20000000000005
40.6
299.90000000000003
45.800000000000004
47.800000000000004
50.1
116.4
174.5
46.5
95.80000000000001
101.10000000000001
44.400000000000006
239.0
99.9
57.400000000000006
269.5
60.2
78.5
82.9
78.30000000000001
67.8
155.8
177.60000000000002
58.800000000000004
173.9
48.0
196.70000000000002
130.0
136.3
125.7
42.6
76.80000000000001
50.7
48.6
51.900000000000006
133.4
126.0
113.9
98.9
230.70000000000002
59.300000000000004
73.4
309.3
36.6
307.6
54.800000000000004
127.2
153.70000000000002
36.9
52.400000000000006
76.3
67.4
35.0
97.9
85.4
66.10000000000001
174.4
54.900000000000006
161.20000000000002
61.300000000000004
98.7
248.10000000000002
123.10000000000001
56.6
83.4
62.0
56.2
126.0
317.3
39.0
229.20000000000002
52.400000000000006
260.6
32.800000000000004
124.10000000000001
80.4
211.5
43.1
89.7
32.5
174.10000000000002
58.2
61.400000000000006
113.80000000000001
116.2
166.8
80.4
79.5
87.30000000000001
87.5
82.0
52.300000000000004
64.0
28.5
33.9
80.10000000000001
67.9
120.5
128.3
86.0
225.3
249.10000000000002
52.400000000000006
170.70000000000002
72.0
151.9
51.0
41.5
30.700000000000003
189.0
51.400000000000006
176.60000000000002
67.7
95.5
336.70000000000005
64.10000000000001
48.0
123.5
293.7
157.60000000000002
49.2
59.400000000000006
27.900000000000002
44.6
32.0
115.80000000000001
62.300000000000004
169.0
118.60000000000001
58.7
66.60000000000001
63.400000000000006
130.20000000000002
39.0
65.2
63.800000000000004
61.6
46.300000000000004
31.200000000000003
97.2
29.0
46.7
61.400000000000006
182.8
60.5
109.10000000000001
93.2
106.2
68.3
98.60000000000001
58.300000000000004
162.3
76.5
224.70000000000002
241.5
64.60000000000001
54.0
43.800000000000004
379.1
82.10000000000001
425.40000000000003
210.70000000000002
33.9
234.70000000000002
155.70000000000002
287.5
282.1
144.70000000000002
88.60000000000001
139.70000000000002
196.70000000000002
202.5
145.20000000000002
81.4
117.10000000000001
42.7
76.80000000000001
277.0
111.0
48.0
144.5
183.4
127.0
41.800000000000004
29.900000000000002
34.2
39.1
338.20000000000005
48.7
90.7
40.6
68.10000000000001
145.5
83.80000000000001
346.1
99.60000000000001
47.1
177.10000000000002
74.4
66.10000000000001
138.3
49.7
57.2
207.3
73.0
77.2
288.0
64.7
88.7
57.2
80.9
302.1
129.3
189.20000000000002
124.30000000000001
59.6
86.4
60.300000000000004
83.0
73.3
43.5
49.400000000000006
68.7
322.1
40.900000000000006
119.5
73.2
119.5
150.4
380.70000000000005
171.70000000000002
212.5
71.3
77.4
72.10000000000001
65.5
112.30000000000001
190.20000000000002
46.300000000000004
54.6
235.9
90.60000000000001
114.10000000000001
487.1
56.1
145.3
97.7
101.2
72.5
199.9
170.10000000000002
376.0
223.70000000000002
85.10000000000001
125.4
69.3
42.5
151.3
38.2
60.300000000000004
174.9
186.70000000000002
86.0
100.0
34.1
80.10000000000001
62.300000000000004
125.80000000000001
38.800000000000004
78.60000000000001
71.4
29.3
87.0
68.10000000000001
173.8
115.60000000000001
44.7
57.5
97.4
69.0
102.5
122.5
48.5
68.7
101.9
47.300000000000004
78.7
112.5
192.60000000000002
267.0
139.4
21.700000000000003
32.1
85.2
81.9
188.3
69.2
188.5
134.8
60.2
212.70000000000002
40.300000000000004
242.20000000000002
38.7
340.0
125.5
90.0
221.5
178.70000000000002
123.5
45.7
88.5
133.9
69.8
47.0
60.900000000000006
58.300000000000004
74.9
61.2
85.10000000000001
83.10000000000001
113.2
69.5
96.7
44.5
43.0
107.0
383.1
67.9
52.5
157.9
123.9
78.10000000000001
99.4
124.30000000000001
94.9
98.9
125.0
289.3
45.900000000000006
74.4
115.2
106.30000000000001
62.300000000000004
104.4
165.4
77.5
128.5
89.4
85.0
225.9
77.60000000000001
97.9
71.10000000000001
189.60000000000002
113.80000000000001
183.60000000000002
71.4
60.2
61.7
35.7
170.10000000000002
407.90000000000003
112.5
""
118.4
163.5
309.40000000000003
82.7
32.5
309.5
59.400000000000006
194.10000000000002
74.9
147.3
59.900000000000006
111.2
43.2
491.6
237.70000000000002
122.80000000000001
39.6
70.7
362.70000000000005
436.90000000000003
86.30000000000001
249.0
133.1
35.9
99.80000000000001
40.900000000000006
81.4
195.10000000000002
20.400000000000002
163.10000000000002
69.3
91.30000000000001
107.9
76.60000000000001
62.300000000000004
145.0
47.900000000000006
45.6
65.7
51.1
290.6
156.10000000000002
69.10000000000001
115.9
134.1
98.0
69.9
86.2
106.10000000000001
94.10000000000001
73.7
73.60000000000001
87.80000000000001
62.400000000000006
121.0
51.2
104.4
42.0
100.80000000000001
157.8
75.7
72.9
50.300000000000004
176.20000000000002
341.20000000000005
80.60000000000001
128.9
85.4
41.2
29.400000000000002
121.5
57.900000000000006
107.4
59.0
194.60000000000002
97.2
158.20000000000002
45.900000000000006
75.60000000000001
64.8
90.7
190.8
109.0
39.0
58.2
248.0
93.5
38.900000000000006
62.2
54.1
76.60000000000001
62.400000000000006
53.7
43.300000000000004
101.80000000000001
111.4
40.6
73.10000000000001
291.8
93.10000000000001
45.300000000000004
88.80000000000001
34.800000000000004
53.1
66.7
172.3
88.9
48.900000000000006
63.900000000000006
56.900000000000006
97.9
76.7
113.9
42.800000000000004
121.0
157.5
57.300000000000004
63.0
252.3
192.3
478.5
89.30000000000001
144.3
238.10000000000002
49.400000000000006
55.5
40.5
72.2
94.4
54.7
44.800000000000004
""
81.2
94.9
101.60000000000001
336.8
163.10000000000002
70.60000000000001
233.8
65.60000000000001
43.5
62.2
72.10000000000001
179.0
309.8
57.6
82.4
143.0
143.3
77.10000000000001
116.0
97.4
49.1
96.80000000000001
67.0
63.1
200.4
39.5
137.9
54.900000000000006
101.10000000000001
404.8
190.8
463.3
124.2
301.90000000000003
64.10000000000001
101.7
123.7
77.10000000000001
46.0
217.9
135.8
97.10000000000001
96.30000000000001
492.6
45.400000000000006
143.1
125.60000000000001
211.20000000000002
54.7
61.2
41.2
69.3
104.4
151.70000000000002
307.5
73.3
92.10000000000001
53.800000000000004
59.300000000000004
126.4
113.0
96.7
47.6
119.9
""
37.7
65.3
202.10000000000002
50.5
52.800000000000004
98.30000000000001
77.7
303.1
67.10000000000001
120.0
125.30000000000001
46.1
52.1
36.0
223.5
92.5
114.0
97.80000000000001
90.4
131.8
322.6
41.7
39.1
70.3
33.7
41.900000000000006
119.0
115.4
64.60000000000001
94.7
159.3
95.9
120.4
100.4
73.9
200.0
128.5
58.300000000000004
85.10000000000001
114.5
42.2
187.60000000000002
30.0
116.80000000000001
141.8
190.60000000000002
140.5
54.300000000000004
58.2
102.2
216.10000000000002
75.5
54.0
110.60000000000001
60.6
80.30000000000001
67.7
44.300000000000004
85.4
185.8
334.3
80.30000000000001
67.3
115.4
314.40000000000003
61.0
36.1
76.5
27.200000000000003
59.400000000000006
112.0
329.5
462.0
44.7
175.70000000000002
65.3
98.7
60.300000000000004
160.10000000000002
103.10000000000001
110.80000000000001
142.70000000000002
162.8
82.30000000000001
50.400000000000006
61.800000000000004
88.60000000000001
77.30000000000001
110.9
82.10000000000001
64.8
37.1
212.3
83.9
195.20000000000002
93.30000000000001
78.5
44.2
74.3
136.9
98.2
117.30000000000001
58.900000000000006
66.3
71.10000000000001
160.4
282.5
121.2
48.5
237.3
56.1
65.8
45.900000000000006
116.80000000000001
144.3
140.9
67.8
40.800000000000004
87.2
171.4
116.5
128.6
117.30000000000001
40.800000000000004
103.5
135.20000000000002
141.1
99.5
99.2
206.3
129.70000000000002
122.9
87.0
58.6
82.60000000000001
73.0
84.60000000000001
330.3
198.5
92.5
283.1
78.5
97.80000000000001
62.7
59.7
113.80000000000001
195.9
290.8
118.30000000000001
114.60000000000001
192.10000000000002
53.7
72.8
144.9
100.80000000000001
47.400000000000006
98.2
76.0
76.5
64.8
108.0
113.10000000000001
67.3
145.3
77.2
91.5
64.2
36.5
117.2
45.5
49.0
31.6
120.2
167.3
47.0
144.20000000000002
149.0
77.10000000000001
140.8
56.5
76.60000000000001
265.3
103.10000000000001
261.5
75.2
157.4
83.10000000000001
90.5
227.9
117.0
62.900000000000006
80.60000000000001
115.9
69.5
155.70000000000002
53.800000000000004
143.70000000000002
97.10000000000001
228.0
100.60000000000001
59.400000000000006
142.3
50.900000000000006
68.2
43.2
33.4
40.800000000000004
61.6
46.400000000000006
339.3
32.5
210.9
57.5
33.300000000000004
61.1
94.4
92.7
61.6
64.9
69.3
114.9
166.20000000000002
279.0
53.7
140.70000000000002
94.5
172.4
34.800000000000004
191.20000000000002
45.6
308.90000000000003
292.8
150.0
305.3
71.0
57.0
103.60000000000001
120.2
43.900000000000006
257.1
86.10000000000001
61.300000000000004
114.7
53.5
228.60000000000002
35.800000000000004
165.9
43.1
259.1
60.5
150.3
181.0
58.2
70.9
66.9
81.9
44.800000000000004
47.7
52.800000000000004
50.1
78.9
211.20000000000002
110.80000000000001
71.7
59.800000000000004
91.10000000000001
118.9
88.7
97.7
57.6
70.4
375.3
235.3
314.3
38.5
26.700000000000003
41.5
134.0
100.7
91.9
151.5
179.0
41.2
117.10000000000001
41.400000000000006
40.5
158.3
142.6
318.6
54.6
291.2
64.4
63.2
59.900000000000006
118.10000000000001
119.9
46.300000000000004
39.1
145.70000000000002
47.7
33.5
72.60000000000001
80.0
107.60000000000001
96.80000000000001
264.2
82.5
72.5
76.2
149.4
""
137.9
171.8
179.60000000000002
36.0
59.300000000000004
148.6
71.5
75.5
186.5
72.2
92.7
201.3
63.300000000000004
90.7
37.2
50.2
65.5
56.2
42.2
69.7
84.10000000000001
71.10000000000001
59.900000000000006
94.5
87.9
58.800000000000004
95.60000000000001
76.7
106.2
37.300000000000004
95.0
88.10000000000001
150.0
203.9
51.900000000000006
55.400000000000006
104.2
173.4
55.6
267.90000000000003
85.10000000000001
89.7
164.60000000000002
182.3
42.800000000000004
267.2
52.400000000000006
217.9
65.8
414.20000000000005
139.1
98.7
63.5
100.60000000000001
48.800000000000004
241.8
234.0
36.2
128.1
37.800000000000004
60.900000000000006
73.8
88.4
170.4
48.800000000000004
79.10000000000001
57.7
61.5
159.10000000000002
288.5
37.300000000000004
28.6
103.60000000000001
124.60000000000001
76.10000000000001
21.8
178.60000000000002
80.5
93.4
82.0
79.30000000000001
125.60000000000001
52.400000000000006
35.800000000000004
66.5
65.3
131.1
69.0
39.2
34.1
60.0
82.4
96.60000000000001
90.4
129.1
82.2
59.2
113.60000000000001
69.10000000000001
64.5
65.2
155.0
71.7
112.60000000000001
42.900000000000006
94.80000000000001
176.70000000000002
65.5
68.10000000000001
112.7
67.7
392.6
113.7
276.1
153.8
54.400000000000006
88.7
361.40000000000003
90.30000000000001
84.4
163.9
72.8
128.0
123.7
34.5
64.0
134.20000000000002
77.2
79.30000000000001
55.1
59.0
226.8
200.9
48.300000000000004
48.5
75.9
83.30000000000001
30.6
214.9
23.400000000000002
233.70000000000002
150.6
127.2
78.4
241.4
57.800000000000004
51.7
106.2
32.6
192.60000000000002
92.10000000000001
100.80000000000001
144.5
178.70000000000002
137.20000000000002
59.800000000000004
119.80000000000001
95.4
95.7
117.7
154.60000000000002
38.300000000000004
79.80000000000001
93.7
66.3
96.80000000000001
33.0
53.300000000000004
100.5
401.40000000000003
135.5
70.10000000000001
170.9
142.9
64.10000000000001
103.0
175.8
21.900000000000002
250.70000000000002
61.300000000000004
57.6
40.5
115.30000000000001
""
152.0
62.5
124.60000000000001
162.8
94.80000000000001
138.5
41.300000000000004
103.5
126.4
27.8
48.800000000000004
61.2
43.800000000000004
103.10000000000001
39.1
97.9
128.3
149.6
79.30000000000001
139.3
91.2
45.900000000000006
131.9
42.800000000000004
72.60000000000001
67.9
68.3
75.5
144.70000000000002
223.9
69.60000000000001
39.7
34.300000000000004
95.0
65.4
66.5
71.5
101.2
235.3
436.1
52.300000000000004
57.900000000000006
142.3
165.10000000000002
153.1
165.9
49.0
66.10000000000001
53.900000000000006
465.20000000000005
96.9
45.400000000000006
37.1
62.300000000000004
74.8
64.60000000000001
162.5
114.60000000000001
125.9
113.30000000000001
47.400000000000006
93.4
98.0
52.5
28.400000000000002
134.8
39.5
72.10000000000001
75.8
58.1
45.2
101.2
109.30000000000001
149.20000000000002
199.3
259.7
132.5
69.0
115.7
108.4
121.30000000000001
77.60000000000001
83.5
35.0
208.20000000000002
158.70000000000002
148.9
40.2
83.10000000000001
97.10000000000001
98.30000000000001
46.900000000000006
87.9
298.8
237.5
104.60000000000001
402.20000000000005
101.2
110.30000000000001
123.4
85.30000000000001
133.0
113.9
107.0
49.800000000000004
83.9
371.3
69.7
96.5
101.10000000000001
41.1
231.5
61.5
75.5
137.9
31.6
46.900000000000006
99.30000000000001
30.6
92.30000000000001
46.400000000000006
40.6
90.30000000000001
94.7
""
166.10000000000002
92.0
50.6
63.7
60.0
146.0
147.3
57.5
110.10000000000001
155.60000000000002
79.7
39.300000000000004
197.10000000000002
58.300000000000004
182.10000000000002
61.900000000000006
39.400000000000006
63.800000000000004
56.2
72.8
57.300000000000004
31.0
41.300000000000004
""
71.10000000000001
105.2
100.4
49.5
65.10000000000001
215.3
285.5
111.5
133.6
99.5
35.4
120.30000000000001
19.8
98.7
182.20000000000002
141.20000000000002
243.10000000000002
111.7
81.80000000000001
61.1
116.60000000000001
91.0
39.2
30.6
214.5
85.9
193.3
209.9
82.10000000000001
208.60000000000002
97.10000000000001
464.3
81.30000000000001
135.70000000000002
53.5
77.5
216.4
63.1
52.6
70.10000000000001
57.0
73.4
105.10000000000001
153.8
""
40.0
80.0
55.800000000000004
50.0
174.10000000000002
94.10000000000001
48.0
46.6
149.4
400.40000000000003
208.4
73.0
141.6
96.80000000000001
84.10000000000001
111.30000000000001
47.0
121.30000000000001
91.5
98.9
111.80000000000001
119.7
91.5
63.6
141.3
57.800000000000004
78.80000000000001
90.0
90.4
58.2
216.4
38.6
149.6
37.4
100.60000000000001
187.5
43.800000000000004
92.10000000000001
69.4
27.3
59.0
55.2
68.9
111.5
82.7
82.60000000000001
124.60000000000001
41.2
43.6
44.7
77.10000000000001
27.3
72.4
35.1
36.1
54.900000000000006
74.3
88.7
312.0
106.4
76.3
175.8
62.800000000000004
73.60000000000001
368.5
73.10000000000001
249.70000000000002
110.60000000000001
85.30000000000001
74.8
41.400000000000006
57.800000000000004
284.90000000000003
69.2
108.0
44.6
106.0
79.10000000000001
193.10000000000002
71.5
161.20000000000002
151.1
96.9
34.9
31.700000000000003
37.1
76.5
191.20000000000002
61.5
96.7
45.900000000000006
70.5
""
207.3
245.9
69.4
69.2
39.7
251.10000000000002
64.60000000000001
48.7
98.9
271.5
""
38.7
35.2
174.20000000000002
41.300000000000004
48.7
54.800000000000004
31.1
175.4
124.9
117.9
63.1
62.1
47.300000000000004
43.2
56.7
61.800000000000004
138.6
99.9
59.6
62.900000000000006
43.400000000000006
136.6
83.9
81.5
86.80000000000001
52.5
90.2
241.0
38.6
104.7
56.0
166.4
60.7
66.10000000000001
120.0
96.10000000000001
47.7
146.1
308.6
186.9
50.6
50.800000000000004
112.2
120.2
251.4
56.900000000000006
166.0
67.8
69.7
99.80000000000001
162.0
127.10000000000001
53.5
51.5
66.4
44.900000000000006
62.2
93.5
180.4
93.10000000000001
42.900000000000006
127.60000000000001
278.0
116.80000000000001
149.8
163.4
137.8
151.5
42.5
66.5
63.5
75.10000000000001
122.0
58.0
189.9
92.60000000000001
118.30000000000001
108.4
32.0
99.0
228.10000000000002
91.60000000000001
102.10000000000001
41.300000000000004
89.4
47.0
117.2
314.6
47.800000000000004
274.1
83.4
72.3
71.2
129.0
57.2
196.5
316.90000000000003
91.4
54.900000000000006
66.5
90.5
58.300000000000004
146.4
260.3
82.9
87.7
64.2
29.1
196.0
62.300000000000004
362.0
47.7
43.5
54.6
34.9
46.400000000000006
50.5
89.80000000000001
74.3
153.3
67.5
176.60000000000002
71.10000000000001
32.800000000000004
62.400000000000006
133.70000000000002
28.700000000000003
115.5
60.900000000000006
180.0
273.1
411.5
300.8
223.0
127.9
51.800000000000004
44.400000000000006
244.5
50.2
49.7
72.0
102.5
146.3
51.7
283.8
30.1
69.3
55.300000000000004
100.10000000000001
93.80000000000001
99.2
350.5
216.0
40.400000000000006
58.900000000000006
150.9
122.0
74.7
115.2
71.5
19.0
43.800000000000004
161.3
43.7
87.2
72.3
55.5
208.10000000000002
190.5
83.7
51.1
306.8
54.300000000000004
168.70000000000002
73.8
157.4
29.400000000000002
424.70000000000005
96.2
93.30000000000001
85.0
126.9
220.60000000000002
425.3
181.10000000000002
102.0
74.10000000000001
79.5
54.2
64.9
109.0
134.1
293.8
58.300000000000004
201.0
31.8
71.8
50.5
73.7
63.0
253.0
61.0
52.6
72.7
134.20000000000002
96.80000000000001
188.10000000000002
85.30000000000001
27.8
95.60000000000001
202.5
47.6
100.4
76.10000000000001
156.60000000000002
35.2
49.400000000000006
38.2
60.5
130.1
76.10000000000001
75.7
212.5
299.7
41.1
61.800000000000004
34.9
39.900000000000006
66.10000000000001
70.60000000000001
94.4
194.4
74.7
90.60000000000001
297.40000000000003
42.7
367.90000000000003
82.80000000000001
149.5
38.900000000000006
195.3
65.5
131.20000000000002
26.8
114.5
350.1
128.8
222.3
359.3
74.5
258.7
99.0
216.3
155.60000000000002
55.0
63.7
56.5
278.2
44.800000000000004
40.400000000000006
35.0
225.3
154.9
38.6
63.5
118.80000000000001
49.900000000000006
141.8
122.7
87.9
100.60000000000001
87.5
108.10000000000001
254.60000000000002
142.20000000000002
65.7
118.5
41.1
220.10000000000002
65.3
161.9
51.900000000000006
34.800000000000004
67.3
155.60000000000002
73.8
318.70000000000005
58.1
109.5
78.2
161.10000000000002
166.10000000000002
73.60000000000001
96.7
65.0
81.5
254.0
""
237.60000000000002
90.7
206.60000000000002
301.5
99.30000000000001
90.60000000000001
66.0
260.7
38.800000000000004
58.300000000000004
224.8
72.10000000000001
64.60000000000001
126.9
97.9
40.300000000000004
73.10000000000001
86.60000000000001
83.60000000000001
44.5
420.8
42.5
76.0
69.3
245.3
34.300000000000004
37.5
86.10000000000001
71.4
293.6
40.6
96.7
173.0
371.40000000000003
71.9
111.5
192.70000000000002
62.7
36.5
52.900000000000006
42.1
153.1
343.1
169.5
112.7
54.5
75.0
40.2
98.80000000000001
47.6
42.1
142.3
132.5
50.5
111.60000000000001
106.30000000000001
327.0
170.70000000000002
64.8
113.4
75.4
45.800000000000004
37.800000000000004
129.1
67.2
78.80000000000001
68.8
120.60000000000001
49.1
63.400000000000006
82.80000000000001
92.30000000000001
62.800000000000004
95.0
80.30000000000001
63.900000000000006
96.2
84.10000000000001
73.4
60.2
47.900000000000006
106.5
43.0
143.0
180.9
106.4
88.9
48.7
138.6
65.9
123.80000000000001
119.60000000000001
96.80000000000001
168.70000000000002
157.20000000000002
41.6
186.3
213.60000000000002
233.4
86.30000000000001
473.3
180.60000000000002
72.10000000000001
68.8
392.40000000000003
209.4
48.5
61.300000000000004
57.1
193.9
178.60000000000002
181.20000000000002
99.0
32.800000000000004
205.10000000000002
187.4
57.1
64.5
144.1
346.3
169.60000000000002
64.0
90.4
180.5
90.7
119.7
108.7
211.4
112.10000000000001
106.80000000000001
95.30000000000001
110.9
99.80000000000001
111.10000000000001
55.800000000000004
92.2
115.0
77.7
38.2
31.1
64.0
42.900000000000006
105.4
54.800000000000004
89.7
56.0
85.10000000000001
88.7
100.7
39.900000000000006
265.6
149.20000000000002
327.90000000000003
142.3
79.30000000000001
79.10000000000001
75.9
47.1
93.4
121.4
151.4
92.80000000000001
148.8
173.10000000000002
56.300000000000004
211.70000000000002
154.8
43.0
63.300000000000004
65.5
76.9
157.0
101.30000000000001
164.4
79.80000000000001
166.9
121.9
144.1
41.800000000000004
27.700000000000003
97.9
92.60000000000001
144.6
99.2
271.6
128.9
107.30000000000001
289.6
91.0
83.4
63.6
200.60000000000002
63.5
406.6
128.70000000000002
152.8
198.4
68.0
122.2
48.900000000000006
109.7
160.20000000000002
62.900000000000006
52.400000000000006
222.9
407.70000000000005
30.700000000000003
227.5
55.300000000000004
77.30000000000001
61.7
96.9
91.30000000000001
44.800000000000004
34.0
177.8
35.1
59.400000000000006
134.4
240.9
131.3
99.5
114.4
55.900000000000006
264.5
73.10000000000001
88.9
98.80000000000001
40.7
75.60000000000001
54.800000000000004
72.9
173.4
105.7
92.80000000000001
96.80000000000001
64.9
44.800000000000004
113.10000000000001
43.300000000000004
81.5
189.20000000000002
112.2
60.5
101.9
46.800000000000004
65.10000000000001
84.4
78.7
112.10000000000001
413.70000000000005
62.900000000000006
86.4
120.30000000000001
90.5
99.2
138.1
176.3
76.4
184.20000000000002
85.5
39.900000000000006
72.10000000000001
45.5
120.5
141.0
77.5
50.5
139.70000000000002
93.7
266.0
69.3
103.30000000000001
119.30000000000001
99.80000000000001
91.5
36.7
216.4
203.60000000000002
62.900000000000006
41.400000000000006
87.5
65.9
44.2
41.1
59.6
85.4
353.1
25.5
67.8
178.10000000000002
25.8
153.5
62.1
75.7
68.9
79.30000000000001
57.6
31.0
76.4
180.3
96.10000000000001
110.5
117.7
95.7
148.1
137.9
37.800000000000004
256.2
311.3
104.30000000000001
78.4
49.800000000000004
143.9
54.5
71.5
242.60000000000002
109.2
65.0
75.3
221.10000000000002
423.90000000000003
164.8
68.8
466.70000000000005
150.20000000000002
56.0
98.4
203.3
52.6
94.60000000000001
110.9
43.5
42.800000000000004
125.30000000000001
109.2
45.400000000000006
68.5
93.2
114.4
50.5
36.4
75.2
118.10000000000001
39.5
111.2
60.300000000000004
122.60000000000001
74.5
136.8
116.80000000000001
62.800000000000004
76.80000000000001
41.800000000000004
119.9
79.80000000000001
107.5
71.9
146.3
162.8
70.2
137.1
114.80000000000001
59.2
41.300000000000004
218.10000000000002
67.5
210.4
160.70000000000002
106.0
197.3
390.0
80.7
144.8
241.4
478.3
127.2
42.900000000000006
112.10000000000001
156.8
101.9
278.2
31.900000000000002
126.0
91.80000000000001
83.0
128.4
19.900000000000002
100.2
66.7
70.60000000000001
173.5
61.0
97.10000000000001
""
207.3
83.80000000000001
172.4
40.900000000000006
32.9
""
54.400000000000006
57.7
66.9
170.0
77.80000000000001
67.8
499.90000000000003
199.10000000000002
37.9
51.6
70.2
53.5
83.7
56.400000000000006
102.2
71.0
89.80000000000001
88.5
102.0
83.5
63.400000000000006
67.5
88.5
165.20000000000002
243.10000000000002
153.1
94.80000000000001
56.300000000000004
49.5
158.8
123.7
72.0
47.7
242.8
75.9
106.2
74.7
55.0
""
158.0
29.200000000000003
62.400000000000006
272.1
47.7
41.5
47.2
156.0
253.9
142.5
46.2
115.80000000000001
110.9
36.300000000000004
134.4
158.60000000000002
98.5
64.10000000000001
36.9
38.300000000000004
180.4
196.20000000000002
121.60000000000001
33.5
120.0
293.2
48.900000000000006
153.3
86.4
42.2
81.10000000000001
36.800000000000004
61.1
43.800000000000004
111.60000000000001
46.0
153.9
241.5
26.8
50.900000000000006
283.7
179.70000000000002
303.7
121.30000000000001
286.1
121.2
45.900000000000006
33.300000000000004
219.10000000000002
62.5
74.0
52.900000000000006
45.6
129.70000000000002
58.800000000000004
151.0
75.2
55.300000000000004
31.400000000000002
107.4
260.1
108.0
49.900000000000006
87.60000000000001
94.60000000000001
238.0
148.4
143.9
129.5
98.9
217.8
158.3
67.7
111.5
105.30000000000001
116.0
100.2
251.0
105.9
151.0
55.0
171.3
176.9
80.30000000000001
341.0
79.10000000000001
162.8
83.4
298.5
92.60000000000001
64.9
90.30000000000001
62.300000000000004
43.1
31.8
118.60000000000001
116.0
75.9
258.1
54.2
73.60000000000001
45.800000000000004
181.3
67.4
95.80000000000001
56.7
75.5
94.7
86.0
88.10000000000001
200.9
87.9
83.60000000000001
109.4
222.60000000000002
148.6
180.5
194.9
82.7
54.800000000000004
60.800000000000004
93.60000000000001
23.5
249.5
54.400000000000006
140.4
134.20000000000002
56.300000000000004
74.60000000000001
110.60000000000001
83.80000000000001
86.5
233.10000000000002
48.7
59.400000000000006
89.0
91.4
56.900000000000006
131.5
252.8
192.10000000000002
87.2
35.6
66.8
103.60000000000001
60.7
23.900000000000002
165.60000000000002
116.10000000000001
255.9
102.60000000000001
81.80000000000001
43.2
163.4
410.8
116.10000000000001
86.60000000000001
153.70000000000002
188.3
166.3
43.0
29.8
441.5
76.9
55.800000000000004
64.10000000000001
210.4
42.1
113.30000000000001
134.70000000000002
167.20000000000002
88.60000000000001
59.6
76.9
52.900000000000006
124.10000000000001
89.10000000000001
80.30000000000001
118.30000000000001
17.2
86.0
76.4
58.1
170.5
74.4
174.70000000000002
70.8
395.0
178.70000000000002
47.900000000000006
85.2
111.7
47.0
150.6
65.0
103.5
148.8
172.20000000000002
112.0
53.800000000000004
113.10000000000001
105.5
118.2
225.70000000000002
309.20000000000005
49.900000000000006
125.0
130.1
351.5
33.800000000000004
91.9
216.4
51.0
97.4
107.60000000000001
277.5
32.6
38.7
157.9
49.0
120.7
36.2
171.5
62.300000000000004
192.5
76.3
196.10000000000002
107.30000000000001
102.9
71.10000000000001
376.20000000000005
65.9
71.9
56.2
88.9
80.10000000000001
74.7
72.60000000000001
99.7
474.70000000000005
52.2
396.90000000000003
163.0
188.70000000000002
347.70000000000005
78.4
83.7
66.8
299.8
51.800000000000004
60.300000000000004
119.7
27.400000000000002
282.40000000000003
107.4
71.4
82.30000000000001
120.80000000000001
51.2
50.7
187.3
51.900000000000006
42.400000000000006
315.70000000000005
70.3
85.30000000000001
83.2
92.2
88.5
51.6
80.0
135.8
106.9
148.6
139.3
173.3
73.3
122.5
54.800000000000004
164.20000000000002
56.2
49.300000000000004
223.9
80.10000000000001
64.8
129.5
43.0
63.300000000000004
64.8
83.2
72.5
162.60000000000002
46.400000000000006
""
377.5
32.800000000000004
77.4
49.900000000000006
47.1
100.9
79.10000000000001
42.2
60.900000000000006
49.400000000000006
71.0
109.0
66.8
102.10000000000001
""
204.5
252.0
75.8
55.1
51.300000000000004
152.1
355.0
190.4
231.9
92.2
49.300000000000004
85.60000000000001
254.20000000000002
171.60000000000002
116.80000000000001
148.8
93.80000000000001
49.900000000000006
60.900000000000006
33.7
70.2
108.60000000000001
156.5
92.60000000000001
73.7
73.2
223.0
124.7
186.20000000000002
41.1
43.7
185.20000000000002
146.9
32.2
124.30000000000001
""
81.30000000000001
79.60000000000001
118.4
35.1
135.70000000000002
40.2
131.20000000000002
114.10000000000001
102.60000000000001
47.5
95.9
41.6
173.10000000000002
105.9
111.10000000000001
170.3
64.2
50.5
52.7
78.7
82.4
263.40000000000003
251.9
110.2
54.800000000000004
47.2
133.4
33.5
54.900000000000006
122.0
83.4
142.8
155.3
103.7
164.5
63.0
48.1
193.0
378.90000000000003
51.800000000000004
168.5
80.4
57.6
180.4
92.7
125.80000000000001
480.6
137.8
119.10000000000001
105.30000000000001
""
69.4
66.2
155.3
132.1
156.0
152.70000000000002
67.7
172.8
206.5
135.4
53.1
60.6
113.30000000000001
99.7
101.80000000000001
60.5
51.7
181.60000000000002
30.700000000000003
92.9
134.1
61.1
45.1
76.0
105.2
230.4
150.6
55.2
65.9
197.0
150.1
86.9
68.5
152.70000000000002
156.5
51.400000000000006
166.20000000000002
37.9
49.800000000000004
101.60000000000001
141.8
159.70000000000002
80.9
213.0
52.800000000000004
90.60000000000001
45.300000000000004
150.4
102.80000000000001
88.10000000000001
165.4
36.7
56.800000000000004
76.10000000000001
200.70000000000002
441.1
51.0
46.7
44.300000000000004
80.10000000000001
44.0
93.10000000000001
64.9
140.4
220.4
67.60000000000001
24.0
58.7
169.5
94.9
273.7
91.10000000000001
44.2
37.0
39.800000000000004
25.8
52.0
128.5
69.7
80.7
126.10000000000001
108.4
188.0
85.10000000000001
123.30000000000001
109.60000000000001
56.5
100.5
418.1
132.8
184.10000000000002
176.60000000000002
43.7
217.5
85.80000000000001
39.1
59.5
136.8
24.5
""
91.30000000000001
59.900000000000006
35.2
87.30000000000001
92.2
28.8
58.800000000000004
75.2
96.5
52.400000000000006
47.6
329.3
44.2
211.9
55.5
98.10000000000001
177.5
70.3
112.60000000000001
48.0
47.0
69.5
51.300000000000004
79.5
64.5
163.8
32.1
56.0
50.6
125.7
107.30000000000001
192.9
31.3
413.3
86.30000000000001
87.10000000000001
118.5
95.30000000000001
81.0
85.60000000000001
88.30000000000001
203.70000000000002
156.0
63.0
79.2
42.400000000000006
62.0
141.3
45.1
109.2
93.10000000000001
63.6
105.2
149.9
171.9
66.3
34.9
83.2
49.5
65.7
59.0
50.6
95.30000000000001
120.80000000000001
67.5
54.5
74.2
66.0
207.8
113.0
297.0
267.2
89.7
61.7
56.1
76.9
49.900000000000006
163.60000000000002
92.60000000000001
54.900000000000006
71.60000000000001
134.70000000000002
81.60000000000001
131.5
114.9
220.10000000000002
146.4
25.700000000000003
158.60000000000002
78.4
66.9
115.0
86.9
348.3
134.70000000000002
66.2
66.60000000000001
91.80000000000001
212.3
42.7
178.20000000000002
262.90000000000003
188.0
41.6
43.6
103.60000000000001
40.5
220.5
19.8
133.3
322.8
36.9
64.9
96.7
321.3
102.2
45.1
60.2
63.800000000000004
146.3
170.4
370.20000000000005
150.6
43.7
49.5
358.1
88.0
114.60000000000001
223.5
48.900000000000006
135.6
26.700000000000003
75.3
57.5
165.70000000000002
40.300000000000004
69.4
119.30000000000001
147.0
100.10000000000001
113.60000000000001
104.10000000000001
127.80000000000001
67.0
282.0
186.9
48.5
90.60000000000001
63.900000000000006
72.7
202.70000000000002
43.7
142.1
88.60000000000001
48.900000000000006
132.9
114.30000000000001
110.7
107.9
220.20000000000002
60.2
61.0
36.5
84.10000000000001
67.60000000000001
82.30000000000001
44.900000000000006
60.5
145.4
339.5
76.9
44.0
241.9
91.60000000000001
119.2
69.8
109.10000000000001
91.0
171.4
81.2
51.6
78.0
169.60000000000002
137.4
421.0
213.10000000000002
50.900000000000006
142.6
211.20000000000002
85.0
78.4
78.10000000000001
33.5
87.0
50.800000000000004
51.400000000000006
152.8
52.6
141.9
131.3
256.90000000000003
72.3
198.60000000000002
109.60000000000001
134.20000000000002
171.3
115.80000000000001
61.800000000000004
87.10000000000001
109.2
71.4
61.900000000000006
183.20000000000002
66.60000000000001
382.40000000000003
85.5
203.70000000000002
98.80000000000001
180.8
36.800000000000004
50.1
80.4
61.800000000000004
92.7
130.0
47.400000000000006
181.70000000000002
58.400000000000006
235.60000000000002
99.0
43.5
26.700000000000003
177.8
236.60000000000002
107.9
225.3
133.8
92.9
47.800000000000004
52.7
37.6
86.5
68.7
148.1
68.5
105.7
73.3
62.7
59.300000000000004
52.800000000000004
63.1
44.2
48.400000000000006
97.4
59.1
47.1
157.8
195.8
119.9
57.6
117.10000000000001
157.60000000000002
53.0
91.0
147.0
116.0
""
104.60000000000001
106.80000000000001
112.30000000000001
182.9
136.9
354.3
44.5
99.5
444.1
103.4
88.10000000000001
88.0
268.40000000000003
25.6
73.0
171.4
74.2
189.9
196.8
235.8
51.0
49.400000000000006
59.7
144.0
43.7
87.5
52.400000000000006
72.10000000000001
69.10000000000001
118.10000000000001
177.3
188.9
182.5
166.4
122.30000000000001
84.4
128.9
146.0
327.20000000000005
124.4
92.7
46.6
257.40000000000003
117.0
104.7
39.400000000000006
126.30000000000001
82.7
74.5
129.8
161.5
68.0
52.1
61.2
53.6
45.5
252.0
89.9
57.5
49.0
152.4
27.8
173.4
70.7
91.0
216.70000000000002
76.5
81.2
56.300000000000004
47.6
61.800000000000004
245.3
246.0
62.5
69.2
76.9
74.0
187.4
135.20000000000002
72.8
88.2
194.60000000000002
97.0
78.5
250.9
46.300000000000004
69.5
96.5
77.9
199.60000000000002
194.4
183.9
63.1
116.60000000000001
56.400000000000006
135.6
103.10000000000001
124.10000000000001
37.300000000000004
65.4
44.2
358.6
81.60000000000001
263.2
70.7
131.0
233.3
182.3
65.8
101.10000000000001
70.60000000000001
90.80000000000001
227.3
118.60000000000001
51.0
110.7
121.80000000000001
92.9
94.9
74.0
50.2
202.0
131.5
122.4
211.8
59.900000000000006
332.8
""
127.60000000000001
117.9
88.9
65.7
179.5
147.1
60.300000000000004
80.10000000000001
213.70000000000002
51.900000000000006
209.60000000000002
107.4
89.80000000000001
122.0
104.4
69.8
324.6
81.4
92.7
315.5
44.6
161.3
56.0
61.0
242.3
152.0
134.3
495.3
93.9
28.200000000000003
150.6
178.3
312.0
133.6
64.10000000000001
145.0
165.70000000000002
223.10000000000002
205.60000000000002
196.10000000000002
41.400000000000006
107.2
208.10000000000002
52.800000000000004
57.300000000000004
52.400000000000006
36.9
47.400000000000006
75.7
118.60000000000001
302.7
55.6
38.400000000000006
83.2
75.2
91.7
100.0
290.0
57.300000000000004
68.8
100.80000000000001
122.5
72.2
50.800000000000004
103.4
187.20000000000002
65.0
55.900000000000006
170.70000000000002
442.70000000000005
135.1
441.20000000000005
70.2
40.400000000000006
92.60000000000001
42.900000000000006
19.6
311.90000000000003
71.10000000000001
59.400000000000006
99.5
167.0
55.800000000000004
127.60000000000001
127.7
132.0
74.5
97.80000000000001
136.70000000000002
54.900000000000006
90.7
43.5
66.4
120.10000000000001
58.1
109.4
60.1
91.80000000000001
193.70000000000002
43.400000000000006
122.5
59.800000000000004
96.5
54.800000000000004
53.800000000000004
104.0
85.9
48.800000000000004
77.80000000000001
76.60000000000001
219.3
99.9
296.8
154.4
94.5
134.5
30.400000000000002
43.900000000000006
76.5
71.4
274.90000000000003
247.0
83.80000000000001
145.8
126.4
63.400000000000006
123.0
104.5
156.20000000000002
263.8
74.5
78.30000000000001
47.900000000000006
46.1
76.80000000000001
87.9
52.1
159.70000000000002
49.800000000000004
83.4
60.900000000000006
24.1
56.800000000000004
140.0
314.5
61.6
127.9
224.8
52.400000000000006
""
111.80000000000001
70.2
46.7
47.1
65.4
72.5
146.70000000000002
169.70000000000002
397.40000000000003
85.9
117.7
143.8
44.400000000000006
72.7
84.4
155.60000000000002
41.0
118.30000000000001
75.10000000000001
49.300000000000004
73.4
140.70000000000002
100.5
59.5
71.7
84.10000000000001
37.9
124.80000000000001
134.1
74.60000000000001
83.10000000000001
91.30000000000001
34.9
175.0
32.1
36.1
170.3
138.3
212.20000000000002
85.80000000000001
49.900000000000006
256.3
70.2
108.30000000000001
45.6
53.400000000000006
55.2
36.6
235.60000000000002
102.80000000000001
69.0
163.3
90.0
71.7
125.9
29.5
116.10000000000001
257.0
185.8
82.30000000000001
64.4
136.8
80.7
57.6
82.0
48.300000000000004
48.2
54.5
98.9
43.900000000000006
83.0
82.2
140.3
32.6
30.400000000000002
119.10000000000001
158.10000000000002
27.3
176.8
41.5
137.70000000000002
143.0
63.400000000000006
55.5
179.3
111.0
83.10000000000001
164.20000000000002
60.0
62.2
94.80000000000001
73.60000000000001
159.20000000000002
83.5
58.1
343.5
98.0
110.7
47.7
219.10000000000002
30.700000000000003
22.3
80.10000000000001
25.6
45.7
50.0
34.9
25.8
93.9
169.60000000000002
69.5
76.3
43.900000000000006
54.300000000000004
49.800000000000004
33.800000000000004
224.8
40.800000000000004
91.5
137.1
172.70000000000002
24.8
122.0
72.7
54.0
152.0
56.2
114.10000000000001
83.0
94.5
44.1
140.70000000000002
126.9
163.4
46.1
284.0
91.30000000000001
134.20000000000002
48.2
263.0
141.0
89.80000000000001
69.9
52.5
81.10000000000001
21.200000000000003
51.5
219.60000000000002
78.9
88.0
112.5
53.400000000000006
48.5
59.7
66.10000000000001
96.4
89.10000000000001
226.20000000000002
119.30000000000001
49.800000000000004
71.5
103.0
65.8
41.300000000000004
99.9
159.3
60.800000000000004
65.60000000000001
70.7
29.200000000000003
106.10000000000001
293.40000000000003
56.7
142.4
93.10000000000001
94.0
88.2
46.300000000000004
51.800000000000004
73.0
54.0
460.8
169.5
31.0
64.4
71.5
144.8
63.0
182.9
84.4
47.900000000000006
38.7
100.2
67.60000000000001
55.0
169.8
109.9
140.3
32.800000000000004
79.9
50.5
47.2
48.7
67.4
81.0
78.7
107.7
69.3
158.5
203.3
101.9
74.9
203.60000000000002
24.8
58.7
193.4
98.9
143.0
110.4
66.7
44.0
141.0
83.80000000000001
405.70000000000005
39.0
39.0
129.6
38.6
84.5
75.4
125.7
44.0
74.3
48.2
59.900000000000006
87.2
55.7
370.3
100.30000000000001
96.10000000000001
440.3
117.4
43.900000000000006
165.3
83.10000000000001
45.300000000000004
148.4
97.0
44.1
141.9
57.2
80.4
20.0
183.10000000000002
96.4
251.4
46.300000000000004
216.3
81.30000000000001
272.3
439.5
115.10000000000001
173.20000000000002
116.0
64.8
89.9
136.1
54.5
160.5
182.10000000000002
203.70000000000002
37.7
159.4
118.0
80.60000000000001
217.0
58.6
107.5
275.5
185.9
168.8
178.70000000000002
47.1
62.6
95.4
62.800000000000004
118.2
40.300000000000004
98.4
303.90000000000003
104.80000000000001
109.4
139.0
63.1
93.80000000000001
52.300000000000004
271.8
81.30000000000001
82.2
96.2
84.80000000000001
52.900000000000006
49.900000000000006
76.60000000000001
49.6
38.7
206.20000000000002
136.20000000000002
227.70000000000002
119.4
46.5
273.7
81.80000000000001
56.300000000000004
128.3
42.900000000000006
187.20000000000002
108.5
57.0
61.1
106.0
48.0
63.900000000000006
80.4
178.10000000000002
52.300000000000004
80.2
53.5
95.7
123.60000000000001
194.3
205.4
83.4
264.8
68.8
35.800000000000004
45.7
41.900000000000006
181.0
52.800000000000004
77.30000000000001
177.20000000000002
35.9
64.0
64.3
85.30000000000001
63.0
85.10000000000001
206.10000000000002
58.0
87.0
115.0
86.5
87.9
56.7
46.0
31.0
83.30000000000001
153.3
98.9
73.4
47.900000000000006
89.2
61.6
73.8
120.30000000000001
74.0
58.2
73.3
114.5
40.6
32.800000000000004
286.8
74.7
53.0
53.800000000000004
65.8
38.1
112.0
57.1
50.5
70.60000000000001
80.4
486.5
111.4
68.10000000000001
106.30000000000001
30.900000000000002
99.5
42.0
36.4
56.800000000000004
49.400000000000006
49.900000000000006
327.5
102.30000000000001
171.60000000000002
54.300000000000004
32.5
157.8
103.10000000000001
54.800000000000004
59.900000000000006
157.0
62.2
96.30000000000001
62.300000000000004
196.3
97.9
116.4
46.900000000000006
37.800000000000004
43.2
131.0
99.80000000000001
91.5
70.5
107.2
64.60000000000001
104.7
53.2
91.0
66.0
188.9
50.2
180.8
89.30000000000001
125.60000000000001
482.20000000000005
286.5
319.0
143.1
158.3
207.3
59.2
214.3
32.5
28.0
88.30000000000001
99.5
95.9
60.900000000000006
41.5
178.8
41.2
102.7
94.80000000000001
342.20000000000005
172.60000000000002
166.9
52.6
102.30000000000001
278.90000000000003
88.0
42.300000000000004
165.70000000000002
73.7
72.2
232.10000000000002
26.700000000000003
48.7
76.0
114.4
90.2
148.5
307.8
70.5
178.9
69.5
29.700000000000003
129.0
313.40000000000003
107.7
141.70000000000002
69.9
481.40000000000003
118.4
137.5
107.7
80.2
87.10000000000001
130.3
75.60000000000001
49.800000000000004
87.60000000000001
197.20000000000002
182.3
83.80000000000001
66.4
75.0
46.900000000000006
31.400000000000002
115.30000000000001
83.9
174.10000000000002
43.300000000000004
131.1
98.10000000000001
44.800000000000004
216.5
106.30000000000001
83.60000000000001
366.5
59.300000000000004
200.3
292.7
34.6
89.2
162.5
48.6
52.900000000000006
54.2
39.5
53.6
98.0
65.10000000000001
189.60000000000002
110.80000000000001
199.60000000000002
73.9
62.7
77.0
366.0
72.10000000000001
272.0
53.6
95.2
124.7
72.3
86.0
100.7
38.5
86.30000000000001
56.1
69.4
58.2
67.8
29.900000000000002
367.8
79.9
31.1
""
51.5
89.4
272.1
60.400000000000006
97.7
121.7
41.400000000000006
33.1
36.9
63.2
59.800000000000004
404.70000000000005
274.6
180.3
80.4
368.40000000000003
185.60000000000002
98.80000000000001
90.9
125.10000000000001
72.0
107.30000000000001
256.90000000000003
207.60000000000002
171.20000000000002
95.2
79.30000000000001
88.30000000000001
62.7
213.3
46.2
87.9
39.300000000000004
109.30000000000001
231.3
144.0
55.1
87.80000000000001
108.9
104.9
48.900000000000006
273.1
184.20000000000002
88.9
65.9
51.1
207.70000000000002
125.4
51.400000000000006
62.900000000000006
100.10000000000001
98.10000000000001
130.70000000000002
135.9
39.0
78.7
76.0
76.7
291.7
53.0
123.5
38.800000000000004
68.7
90.9
44.800000000000004
38.400000000000006
67.8
144.0
36.1
183.3
109.9
176.70000000000002
182.3
97.5
58.900000000000006
96.4
83.60000000000001
21.3
89.0
53.1
128.9
115.10000000000001
137.1
100.30000000000001
""
130.1
60.7
94.9
83.10000000000001
161.10000000000002
46.1
379.6
74.9
84.2
386.0
95.4
84.10000000000001
190.60000000000002
64.0
122.5
58.1
48.5
72.4
126.0
115.7
93.5
37.2
67.5
89.2
115.10000000000001
159.10000000000002
96.30000000000001
53.0
189.0
85.2
60.0
98.10000000000001
64.3
65.10000000000001
120.0
112.30000000000001
83.2
106.5
93.2
44.300000000000004
59.2
447.40000000000003
63.300000000000004
29.400000000000002
187.70000000000002
54.2
61.300000000000004
49.2
249.9
79.4
77.5
206.0
151.3
118.0
96.30000000000001
81.5
59.900000000000006
77.80000000000001
58.5
133.8
250.0
46.2
54.900000000000006
125.7
35.4
93.80000000000001
48.7
113.2
74.3
373.20000000000005
193.70000000000002
114.0
66.9
87.7
83.2
128.1
142.5
59.300000000000004
137.9
182.70000000000002
130.4
359.20000000000005
98.10000000000001
188.0
98.80000000000001
172.20000000000002
78.0
54.6
63.400000000000006
58.5
48.300000000000004
160.70000000000002
""
34.800000000000004
231.20000000000002
54.800000000000004
44.1
380.6
109.80000000000001
115.30000000000001
111.10000000000001
68.9
157.8
285.0
43.5
133.70000000000002
115.4
450.6
117.4
153.1
96.7
124.7
100.0
75.9
115.5
35.5
194.60000000000002
100.60000000000001
194.9
97.0
130.70000000000002
226.60000000000002
83.7
77.10000000000001
169.0
70.4
124.80000000000001
119.60000000000001
182.10000000000002
258.8
114.4
70.2
66.5
273.90000000000003
91.7
168.8
151.3
64.10000000000001
309.20000000000005
380.3
42.2
87.7
92.4
202.70000000000002
38.900000000000006
119.7
90.30000000000001
55.1
106.4
87.0
67.5
472.0
43.0
281.7
39.300000000000004
141.0
135.9
89.80000000000001
125.4
60.0
101.30000000000001
84.9
151.70000000000002
135.9
28.5
90.60000000000001
""
143.70000000000002
147.5
118.0
42.1
53.6
76.3
98.80000000000001
67.0
69.0
114.9
225.20000000000002
38.0
83.9
158.5
28.6
39.800000000000004
88.2
95.4
97.10000000000001
397.40000000000003
51.0
130.9
97.0
120.5
66.4
55.400000000000006
63.0
49.7
82.2
21.6
46.2
31.400000000000002
132.8
438.90000000000003
47.2
261.7
207.4
78.5
148.20000000000002
132.0
41.900000000000006
98.5
251.70000000000002
100.4
38.400000000000006
21.1
118.10000000000001
108.0
75.9
80.0
63.6
69.7
143.8
50.1
163.3
99.5
111.30000000000001
248.60000000000002
244.5
223.5
157.60000000000002
45.400000000000006
74.3
60.800000000000004
220.4
192.3
303.90000000000003
202.10000000000002
152.8
51.800000000000004
63.7
108.2
99.60000000000001
63.0
106.60000000000001
34.2
104.80000000000001
47.5
79.5
200.60000000000002
60.2
192.70000000000002
101.10000000000001
168.10000000000002
165.3
124.80000000000001
72.10000000000001
337.70000000000005
45.800000000000004
112.2
243.8
41.1
19.900000000000002
80.30000000000001
43.800000000000004
72.2
186.60000000000002
58.6
151.6
49.1
90.30000000000001
125.30000000000001
46.2
54.5
73.3
48.1
143.6
105.5
64.5
128.4
276.5
443.20000000000005
57.5
52.1
130.0
50.800000000000004
86.60000000000001
39.5
103.10000000000001
118.9
415.3
171.8
164.8
71.5
108.30000000000001
42.0
178.9
163.4
94.5
185.0
82.9
176.4
152.9
248.70000000000002
57.7
160.20000000000002
106.0
109.10000000000001
70.60000000000001
56.300000000000004
107.5
292.8
87.2
""
52.7
31.5
168.5
107.4
55.300000000000004
114.2
46.2
97.2
49.300000000000004
28.400000000000002
326.5
284.1
55.300000000000004
202.8
74.8
168.0
87.7
95.4
55.800000000000004
82.7
167.5
133.9
69.5
96.10000000000001
106.30000000000001
57.7
48.5
101.5
46.5
75.3
49.2
52.5
199.3
61.6
175.20000000000002
65.4
117.2
91.30000000000001
106.5
161.3
77.10000000000001
69.9
119.30000000000001
142.4
256.6
38.300000000000004
46.5
83.60000000000001
52.6
44.300000000000004
206.0
89.80000000000001
63.5
162.20000000000002
49.300000000000004
37.300000000000004
99.2
84.7
172.60000000000002
108.10000000000001
220.20000000000002
183.60000000000002
139.0
72.0
27.3
124.7
28.5
155.60000000000002
85.2
155.0
59.900000000000006
57.1
87.60000000000001
55.1
132.0
333.5
90.7
33.2
58.2
63.7
325.1
121.2
108.30000000000001
41.800000000000004
55.900000000000006
164.60000000000002
220.3
265.90000000000003
125.0
92.30000000000001
238.0
50.6
53.900000000000006
24.200000000000003
102.80000000000001
147.0
57.6
66.4
59.400000000000006
227.0
35.1
65.8
164.8
94.0
70.10000000000001
32.1
214.60000000000002
314.6
250.5
277.0
110.4
33.300000000000004
77.10000000000001
178.9
110.2
57.6
221.0
29.200000000000003
92.4
62.800000000000004
63.0
186.4
46.400000000000006
446.8
110.60000000000001
161.5
85.4
107.4
75.0
136.3
74.4
77.60000000000001
76.3
214.5
46.300000000000004
48.6
152.5
37.1
66.5
82.5
76.7
144.4
64.10000000000001
181.5
119.5
77.10000000000001
145.4
69.8
133.8
47.6
115.5
103.4
157.3
100.7
77.10000000000001
80.9
97.10000000000001
133.70000000000002
135.70000000000002
117.9
74.9
48.7
114.7
86.0
84.7
66.4
90.9
100.60000000000001
74.9
74.3
46.900000000000006
169.4
51.6
90.0
41.5
327.90000000000003
53.400000000000006
31.0
58.800000000000004
94.0
121.0
54.400000000000006
38.7
39.800000000000004
70.8
55.900000000000006
76.9
129.5
143.9
37.9
28.0
101.80000000000001
38.6
71.8
235.3
158.5
71.8
111.9
235.8
92.60000000000001
72.3
156.5
46.5
80.10000000000001
387.20000000000005
91.7
76.3
90.0
118.9
51.300000000000004
79.9
68.5
76.5
98.4
68.0
180.20000000000002
59.1
292.7
164.10000000000002
65.9
259.8
111.4
54.6
115.2
""
188.4
47.7
56.1
84.4
292.5
63.300000000000004
48.5
40.1
87.30000000000001
67.2
130.5
373.6
51.5
96.4
81.4
56.0
200.8
126.7
43.7
""
240.8
103.2
69.7
114.2
56.5
176.10000000000002
45.1
103.5
159.3
67.10000000000001
57.2
143.5
86.7
64.3
150.20000000000002
92.30000000000001
101.9
60.800000000000004
82.9
92.0
236.0
154.3
126.10000000000001
78.10000000000001
117.10000000000001
152.1
140.1
137.0
66.8
46.900000000000006
148.8
58.7
55.1
75.4
51.2
55.900000000000006
103.2
73.7
44.6
176.5
168.0
65.4
99.60000000000001
59.900000000000006
51.800000000000004
59.900000000000006
54.300000000000004
91.60000000000001
45.5
187.5
256.5
53.5
45.800000000000004
39.0
59.6
200.60000000000002
83.9
165.0
100.4
221.8
205.60000000000002
62.2
70.5
205.4
214.70000000000002
90.4
77.60000000000001
124.0
44.7
84.2
38.300000000000004
45.900000000000006
179.60000000000002
61.400000000000006
96.0
38.5
120.10000000000001
83.4
60.300000000000004
73.9
219.10000000000002
45.0
34.9
154.60000000000002
132.70000000000002
89.9
39.5
157.70000000000002
71.9
53.300000000000004
133.9
86.30000000000001
25.900000000000002
59.800000000000004
49.900000000000006
78.5
74.8
189.4
206.10000000000002
48.2
150.70000000000002
81.80000000000001
125.60000000000001
392.1
96.80000000000001
51.6
133.5
38.300000000000004
88.9
108.7
46.1
35.2
81.30000000000001
231.5
101.9
117.80000000000001
41.6
45.1
80.2
72.5
55.0
40.7
227.0
173.70000000000002
73.7
242.70000000000002
52.1
37.6
321.3
104.5
158.9
53.800000000000004
68.2
71.4
51.1
51.7
123.80000000000001
99.60000000000001
41.900000000000006
141.20000000000002
135.9
85.9
81.10000000000001
107.4
184.9
224.9
122.2
103.60000000000001
66.10000000000001
61.7
308.8
304.3
129.0
160.5
64.2
39.0
73.7
120.0
52.6
63.800000000000004
87.0
132.3
58.1
93.30000000000001
224.4
275.0
207.8
111.30000000000001
62.800000000000004
66.2
101.4
185.3
134.9
51.800000000000004
127.5
38.900000000000006
72.0
53.7
53.7
88.5
49.5
47.5
65.60000000000001
109.7
92.2
109.9
67.0
250.9
34.7
166.5
32.800000000000004
123.7
122.30000000000001
30.3
240.8
61.7
48.2
67.4
74.9
50.300000000000004
27.900000000000002
411.0
73.4
56.7
234.4
108.7
84.9
154.8
41.2
153.70000000000002
138.5
47.5
37.4
40.6
90.30000000000001
81.30000000000001
88.9
228.3
32.4
53.900000000000006
55.800000000000004
93.80000000000001
55.800000000000004
56.7
41.900000000000006
207.70000000000002
99.80000000000001
50.400000000000006
29.3
54.7
26.200000000000003
59.900000000000006
86.4
104.80000000000001
101.2
24.700000000000003
63.300000000000004
59.300000000000004
49.5
38.0
28.900000000000002
80.2
306.1
77.4
26.200000000000003
145.9
275.8
240.9
32.800000000000004
86.80000000000001
97.9
43.6
""
53.1
71.0
205.0
44.5
87.30000000000001
44.1
56.2
79.80000000000001
96.30000000000001
47.5
166.8
41.400000000000006
112.60000000000001
117.10000000000001
103.30000000000001
59.7
161.5
63.900000000000006
39.6
96.5
43.900000000000006
149.8
225.5
""
99.30000000000001
80.7
42.300000000000004
175.8
112.80000000000001
102.80000000000001
53.7
224.0
73.2
76.9
31.200000000000003
72.0
68.0
70.2
93.5
106.7
43.6
145.4
30.900000000000002
41.5
64.4
31.400000000000002
430.20000000000005
161.8
32.2
84.2
149.70000000000002
90.7
64.60000000000001
57.5
115.60000000000001
160.10000000000002
120.80000000000001
60.800000000000004
25.200000000000003
210.3
126.5
291.5
132.1
73.60000000000001
110.5
134.9
271.90000000000003
52.6
82.5
88.4
191.10000000000002
98.4
56.0
112.9
46.400000000000006
88.80000000000001
64.2
39.300000000000004
110.60000000000001
88.30000000000001
85.10000000000001
33.800000000000004
429.8
182.20000000000002
230.3
66.2
86.7
126.2
71.0
113.5
194.20000000000002
35.1
44.5
271.0
206.20000000000002
79.60000000000001
116.9
61.5
133.0
97.5
41.6
155.10000000000002
63.0
62.2
96.5
47.800000000000004
39.300000000000004
66.9
287.3
31.6
71.0
84.5
140.1
91.0
45.400000000000006
80.80000000000001
87.60000000000001
50.7
84.7
91.0
103.2
162.4
80.9
176.60000000000002
62.0
74.8
44.0
123.4
377.0
61.900000000000006
61.800000000000004
66.7
55.900000000000006
51.300000000000004
54.5
97.7
141.70000000000002
99.10000000000001
32.1
64.0
29.1
92.30000000000001
39.0
200.10000000000002
58.7
156.5
97.0
29.900000000000002
189.8
87.30000000000001
61.1
96.10000000000001
198.60000000000002
162.5
159.20000000000002
46.6
75.9
122.4
211.3
82.60000000000001
87.60000000000001
135.5
184.60000000000002
83.7
49.800000000000004
91.2
64.9
377.0
165.5
52.800000000000004
176.5
72.4
66.5
110.2
81.9
59.300000000000004
114.30000000000001
110.60000000000001
315.8
47.900000000000006
123.60000000000001
140.8
89.0
49.300000000000004
74.8
34.4
73.0
129.70000000000002
59.1
268.90000000000003
96.7
101.10000000000001
103.2
219.0
64.3
166.0
96.7
120.2
73.0
146.20000000000002
82.5
85.5
33.5
208.3
381.90000000000003
88.9
59.6
32.7
33.0
61.6
64.4
84.4
95.4
83.2
416.1
34.0
322.5
130.70000000000002
""
146.4
216.9
85.30000000000001
43.800000000000004
43.6
50.800000000000004
34.2
120.80000000000001
186.8
234.10000000000002
80.2
50.0
217.20000000000002
221.0
131.5
45.800000000000004
66.10000000000001
160.9
94.10000000000001
50.7
179.20000000000002
115.30000000000001
56.400000000000006
48.2
45.300000000000004
148.1
111.30000000000001
97.4
119.30000000000001
91.2
122.9
73.7
266.8
40.800000000000004
112.10000000000001
53.1
71.10000000000001
91.4
49.900000000000006
278.3
299.1
68.10000000000001
76.80000000000001
252.70000000000002
113.0
67.5
69.10000000000001
224.3
200.20000000000002
76.2
72.10000000000001
61.300000000000004
28.0
495.0
70.0
82.4
187.60000000000002
163.70000000000002
117.7
42.7
51.800000000000004
49.800000000000004
185.4
169.0
47.1
46.7
52.900000000000006
59.1
140.1
120.30000000000001
125.60000000000001
213.20000000000002
130.20000000000002
193.70000000000002
59.0
84.2
221.3
58.300000000000004
67.5
267.6
63.2
24.200000000000003
81.5
117.7
95.0
100.5
40.7
124.30000000000001
233.5
87.80000000000001
187.8
43.400000000000006
50.7
101.4
52.0
154.20000000000002
150.6
176.8
57.2
47.300000000000004
55.1
120.2
52.0
71.2
123.10000000000001
54.1
230.3
218.70000000000002
28.3
90.4
218.9
29.6
242.0
97.10000000000001
41.900000000000006
108.2
90.0
225.20000000000002
42.7
90.60000000000001
29.700000000000003
141.0
34.2
56.1
56.6
225.60000000000002
85.80000000000001
49.0
157.3
395.40000000000003
82.5
65.5
88.4
256.5
112.30000000000001
120.60000000000001
174.60000000000002
46.6
77.7
112.5
172.60000000000002
152.70000000000002
51.1
321.8
62.300000000000004
219.20000000000002
99.80000000000001
167.10000000000002
88.0
86.2
98.60000000000001
182.5
152.4
108.60000000000001
136.5
161.0
49.2
27.3
81.30000000000001
87.4
46.5
74.10000000000001
83.10000000000001
165.60000000000002
196.4
43.7
192.0
111.0
107.30000000000001
93.30000000000001
239.20000000000002
107.9
168.4
55.7
241.3
68.60000000000001
103.10000000000001
117.7
39.300000000000004
""
20.900000000000002
83.10000000000001
99.5
114.60000000000001
68.8
80.7
96.5
50.2
43.6
70.0
43.300000000000004
71.9
152.0
126.7
146.8
374.6
220.8
152.8
58.6
65.10000000000001
112.0
58.2
109.30000000000001
80.10000000000001
238.0
119.5
41.800000000000004
93.80000000000001
84.2
89.5
48.0
72.3
64.8
120.5
68.3
115.80000000000001
107.10000000000001
31.400000000000002
156.8
108.0
108.10000000000001
113.10000000000001
97.2
112.30000000000001
57.5
250.0
76.2
109.5
64.4
40.300000000000004
95.80000000000001
47.300000000000004
77.0
64.9
74.5
88.0
78.60000000000001
""
56.2
53.6
266.0
105.9
83.80000000000001
140.0
85.2
63.6
150.4
154.0
89.5
153.5
99.5
57.800000000000004
36.6
181.10000000000002
73.3
41.400000000000006
149.4
45.900000000000006
51.7
69.3
151.3
166.5
309.8
65.60000000000001
149.20000000000002
114.5
64.5
36.300000000000004
73.3
59.300000000000004
55.7
54.2
52.5
39.5
98.5
238.10000000000002
40.1
132.1
52.6
146.3
62.0
333.90000000000003
127.80000000000001
169.60000000000002
52.6
218.60000000000002
122.2
56.6
183.8
119.60000000000001
51.5
48.800000000000004
72.60000000000001
43.800000000000004
141.5
331.70000000000005
78.2
103.30000000000001
89.2
93.80000000000001
69.60000000000001
68.5
38.400000000000006
90.7
111.9
39.2
41.900000000000006
74.9
324.8
43.6
179.5
47.400000000000006
47.7
114.9
63.7
241.70000000000002
188.60000000000002
58.400000000000006
152.1
127.10000000000001
48.800000000000004
164.70000000000002
211.8
83.10000000000001
29.1
102.7
50.900000000000006
331.8
131.20000000000002
60.1
38.900000000000006
88.60000000000001
112.2
55.5
48.300000000000004
86.7
62.900000000000006
63.0
38.400000000000006
266.5
133.4
59.300000000000004
64.60000000000001
76.9
32.6
38.2
141.6
72.5
116.5
97.30000000000001
136.20000000000002
88.60000000000001
36.0
""
184.10000000000002
58.5
182.4
86.5
69.7
""
51.800000000000004
97.10000000000001
111.10000000000001
73.60000000000001
31.5
126.60000000000001
80.0
74.7
247.70000000000002
37.2
166.3
34.5
139.70000000000002
216.60000000000002
60.300000000000004
70.9
72.7
192.4
104.60000000000001
40.400000000000006
79.0
107.7
35.0
159.9
83.0
73.3
167.3
183.0
107.80000000000001
54.900000000000006
78.60000000000001
37.4
59.5
113.5
84.60000000000001
80.30000000000001
56.400000000000006
236.70000000000002
67.3
147.1
85.5
134.3
120.4
79.10000000000001
66.2
49.1
152.8
61.800000000000004
72.7
128.20000000000002
106.4
96.5
204.70000000000002
""
107.10000000000001
64.4
147.20000000000002
89.5
86.7
110.5
107.7
114.5
217.8
450.5
148.8
280.1
84.5
209.20000000000002
61.6
90.4
51.300000000000004
114.7
63.300000000000004
141.3
66.60000000000001
47.900000000000006
39.7
171.20000000000002
33.0
119.7
176.3
84.9
131.5
92.7
139.0
61.400000000000006
37.2
68.5
88.4
58.2
59.400000000000006
52.0
37.9
44.1
25.200000000000003
27.0
166.0
53.400000000000006
38.0
62.1
115.30000000000001
155.0
130.5
115.4
111.9
137.4
103.30000000000001
100.30000000000001
70.9
184.9
195.70000000000002
89.10000000000001
225.4
83.9
83.4
161.4
209.4
45.0
104.0
43.7
46.900000000000006
51.800000000000004
46.300000000000004
43.900000000000006
220.4
58.5
61.300000000000004
203.70000000000002
447.8
162.3
105.60000000000001
59.800000000000004
70.8
407.1
242.0
101.0
46.800000000000004
48.1
84.80000000000001
105.4
439.3
30.200000000000003
325.90000000000003
88.5
""
86.30000000000001
71.7
62.800000000000004
56.6
142.8
99.2
43.900000000000006
144.20000000000002
37.800000000000004
70.8
58.300000000000004
58.300000000000004
211.8
212.0
94.2
85.4
40.300000000000004
41.2
23.900000000000002
386.0
62.7
127.80000000000001
125.9
66.60000000000001
116.5
127.10000000000001
63.5
69.10000000000001
61.1
43.1
102.4
125.10000000000001
108.30000000000001
87.60000000000001
37.4
34.4
31.8
150.9
71.7
113.9
66.4
119.9
74.10000000000001
34.4
168.60000000000002
100.9
168.5
59.0
54.300000000000004
46.300000000000004
133.20000000000002
265.5
34.1
172.8
63.2
53.800000000000004
55.7
87.30000000000001
40.800000000000004
36.9
199.3
159.70000000000002
45.800000000000004
131.1
43.400000000000006
70.5
96.30000000000001
276.2
137.4
59.300000000000004
60.400000000000006
69.60000000000001
29.900000000000002
40.6
80.30000000000001
71.4
69.5
167.9
155.10000000000002
98.80000000000001
34.5
55.300000000000004
335.0
69.3
109.4
66.10000000000001
64.2
38.7
74.60000000000001
170.0
113.60000000000001
177.5
101.30000000000001
52.400000000000006
65.60000000000001
70.60000000000001
115.0
160.0
132.70000000000002
57.5
69.9
49.7
144.9
197.8
46.300000000000004
86.9
44.6
66.2
28.3
296.3
132.5
35.0
145.20000000000002
113.30000000000001
62.6
165.4
131.6
46.800000000000004
85.0
87.10000000000001
31.8
76.4
99.10000000000001
63.900000000000006
40.300000000000004
179.60000000000002
98.5
59.300000000000004
104.5
106.4
51.2
64.0
86.7
143.20000000000002
100.60000000000001
140.4
284.7
34.5
96.80000000000001
60.1
38.300000000000004
196.10000000000002
69.7
45.900000000000006
102.80000000000001
110.30000000000001
77.0
131.8
81.10000000000001
34.7
66.8
131.8
205.5
104.80000000000001
39.300000000000004
48.400000000000006
87.9
87.2
60.0
41.6
""
201.5
35.1
75.7
150.5
31.200000000000003
111.60000000000001
97.7
50.0
63.800000000000004
71.60000000000001
121.0
121.10000000000001
50.300000000000004
85.60000000000001
54.900000000000006
67.3
60.400000000000006
137.1
48.400000000000006
90.4
81.60000000000001
69.7
253.0
112.80000000000001
68.10000000000001
61.800000000000004
76.80000000000001
96.80000000000001
23.900000000000002
62.5
76.2
38.2
61.2
80.80000000000001
170.20000000000002
89.2
92.60000000000001
66.0
61.2
220.4
221.3
91.0
141.6
155.3
66.9
151.1
42.6
36.9
66.10000000000001
52.6
155.70000000000002
""
53.400000000000006
70.3
158.8
141.1
127.4
100.2
41.1
279.6
57.5
114.0
39.6
407.90000000000003
47.300000000000004
92.30000000000001
69.9
130.4
96.10000000000001
56.300000000000004
88.9
342.6
55.1
52.5
66.4
136.0
75.0
54.800000000000004
95.4
179.9
32.2
310.20000000000005
114.9
98.60000000000001
242.5
95.10000000000001
32.800000000000004
69.8
44.5
40.300000000000004
""
57.0
288.3
119.7
44.300000000000004
105.4
70.3
64.3
46.1
51.6
67.8
122.5
46.900000000000006
164.4
96.5
129.0
56.0
72.2
63.2
35.0
68.60000000000001
36.9
81.30000000000001
54.7
63.400000000000006
111.5
70.10000000000001
53.1
62.0
192.0
81.5
102.9
121.10000000000001
49.900000000000006
42.400000000000006
42.800000000000004
142.1
82.9
131.1
119.0
351.40000000000003
125.2
200.4
127.2
25.5
218.10000000000002
62.800000000000004
315.40000000000003
45.5
72.8
76.2
41.400000000000006
190.4
81.10000000000001
82.2
30.400000000000002
""
106.60000000000001
127.4
250.8
28.700000000000003
47.5
144.20000000000002
65.4
90.2
45.900000000000006
127.4
29.400000000000002
208.10000000000002
64.3
44.900000000000006
77.80000000000001
207.10000000000002
55.7
144.8
122.0
127.80000000000001
413.5
89.10000000000001
39.1
198.0
149.0
100.2
82.80000000000001
91.7
42.6
108.0
235.0
82.9
206.20000000000002
165.20000000000002
140.4
141.8
35.0
114.10000000000001
71.2
254.5
118.2
89.9
39.900000000000006
82.7
68.9
99.4
161.60000000000002
100.60000000000001
71.7
55.400000000000006
57.2
86.30000000000001
54.5
285.7
56.0
39.1
182.20000000000002
121.7
67.4
116.2
158.10000000000002
339.40000000000003
135.20000000000002
289.0
182.20000000000002
234.4
79.0
137.20000000000002
90.2
100.30000000000001
61.900000000000006
93.60000000000001
135.5
96.80000000000001
54.2
104.0
129.0
105.80000000000001
31.8
128.9
45.800000000000004
84.5
78.0
65.10000000000001
30.8
134.4
40.800000000000004
40.800000000000004
54.1
111.60000000000001
66.8
22.900000000000002
80.30000000000001
149.4
143.4
50.900000000000006
39.400000000000006
189.8
65.9
388.3
97.0
72.5
59.400000000000006
70.5
123.0
91.30000000000001
37.4
98.7
75.5
55.2
94.80000000000001
37.1
84.5
169.70000000000002
73.8
42.400000000000006
161.5
176.4
35.6
59.800000000000004
169.4
57.300000000000004
83.2
66.8
73.5
55.300000000000004
31.8
67.5
70.7
167.4
187.70000000000002
111.7
116.9
72.5
58.5
109.10000000000001
66.5
118.9
66.7
97.0
84.30000000000001
63.1
37.7
466.1
43.400000000000006
53.6
128.4
59.800000000000004
55.300000000000004
90.9
143.9
59.2
53.1
53.900000000000006
104.9
351.3
70.0
99.10000000000001
70.5
82.30000000000001
149.3
133.3
302.1
89.30000000000001
40.6
52.900000000000006
219.8
42.1
43.5
49.900000000000006
72.7
63.800000000000004
56.0
300.2
92.60000000000001
204.3
134.0
90.4
165.60000000000002
186.0
284.0
155.70000000000002
124.7
42.0
153.20000000000002
64.4
71.0
126.60000000000001
55.0
56.800000000000004
45.0
71.9
41.6
132.0
115.7
120.60000000000001
93.10000000000001
437.0
163.4
165.70000000000002
70.7
121.10000000000001
90.0
100.2
125.30000000000001
81.60000000000001
33.9
149.20000000000002
53.900000000000006
54.800000000000004
56.5
110.80000000000001
53.2
85.80000000000001
195.0
76.9
72.10000000000001
53.1
184.0
69.2
69.60000000000001
44.400000000000006
108.5
135.8
73.9
94.10000000000001
68.8
165.8
50.800000000000004
168.20000000000002
157.10000000000002
36.6
272.40000000000003
83.30000000000001
91.9
35.4
141.6
39.0
95.10000000000001
108.7
125.4
56.2
105.2
47.0
108.4
77.60000000000001
54.0
241.60000000000002
42.300000000000004
44.300000000000004
177.8
75.7
79.60000000000001
298.40000000000003
49.400000000000006
66.8
56.7
174.4
225.8
79.0
179.5
88.0
53.5
99.30000000000001
141.4
40.5
103.80000000000001
182.0
194.10000000000002
110.30000000000001
95.30000000000001
49.7
81.30000000000001
66.10000000000001
60.1
102.0
47.7
125.80000000000001
47.7
87.5
113.4
72.7
54.5
58.0
94.80000000000001
216.3
52.300000000000004
46.1
151.3
40.6
""
57.7
99.80000000000001
194.20000000000002
188.70000000000002
271.2
61.300000000000004
349.6
88.10000000000001
110.10000000000001
77.9
118.9
40.400000000000006
99.9
41.900000000000006
55.0
40.300000000000004
36.0
70.60000000000001
41.7
96.7
86.0
454.1
253.10000000000002
49.0
253.0
61.0
26.0
70.0
53.0
58.900000000000006
65.9
194.4
40.5
167.0
59.2
140.4
150.4
256.8
""
180.0
106.5
134.20000000000002
81.30000000000001
79.10000000000001
89.10000000000001
57.800000000000004
68.7
184.3
115.30000000000001
61.5
73.3
33.1
50.800000000000004
204.8
130.70000000000002
66.60000000000001
115.80000000000001
104.60000000000001
123.0
80.0
107.10000000000001
42.6
189.9
85.60000000000001
42.0
44.5
120.2
103.10000000000001
65.60000000000001
25.700000000000003
146.6
255.3
47.5
119.80000000000001
405.8
32.5
49.900000000000006
59.400000000000006
116.0
140.1
63.300000000000004
28.700000000000003
33.2
439.90000000000003
210.8
49.6
52.1
37.0
230.10000000000002
97.10000000000001
107.5
83.9
49.5
96.80000000000001
60.900000000000006
113.0
41.1
60.900000000000006
134.5
34.2
55.300000000000004
150.20000000000002
45.900000000000006
164.3
89.5
143.5
101.30000000000001
52.2
56.6
141.70000000000002
46.1
165.4
76.80000000000001
76.7
35.7
61.900000000000006
104.9
150.3
54.1
104.4
78.30000000000001
202.0
131.1
138.5
45.1
78.2
194.8
99.80000000000001
89.2
63.7
70.9
305.6
54.0
92.10000000000001
50.0
348.1
52.800000000000004
142.9
186.70000000000002
74.0
69.3
67.9
46.900000000000006
85.4
28.6
271.2
56.6
64.0
55.0
43.0
77.9
47.7
37.0
94.60000000000001
92.0
160.3
53.1
66.8
174.20000000000002
106.7
210.5
62.1
""
58.2
42.6
101.7
116.5
76.7
52.2
97.5
67.4
147.9
173.20000000000002
65.10000000000001
97.7
70.10000000000001
120.2
42.5
28.200000000000003
81.7
""
97.2
106.80000000000001
119.0
64.2
""
68.5
38.400000000000006
108.2
60.300000000000004
50.1
336.8
50.2
""
46.800000000000004
44.300000000000004
99.0
87.60000000000001
190.4
71.5
49.900000000000006
49.300000000000004
177.3
65.7
85.80000000000001
264.3
28.1
74.4
46.300000000000004
30.1
357.70000000000005
106.60000000000001
86.7
150.20000000000002
223.3
171.9
217.60000000000002
41.7
73.3
202.10000000000002
78.5
127.10000000000001
43.900000000000006
150.8
52.300000000000004
87.7
228.70000000000002
100.9
142.70000000000002
66.7
117.30000000000001
44.0
142.0
106.9
215.5
108.80000000000001
127.2
55.900000000000006
353.6
51.0
90.5
98.2
57.5
26.8
50.6
423.90000000000003
210.5
312.90000000000003
176.60000000000002
35.4
79.80000000000001
99.60000000000001
71.9
227.8
154.20000000000002
47.800000000000004
57.400000000000006
121.80000000000001
293.2
51.0
58.1
44.5
141.5
59.7
125.9
35.0
64.2
68.2
137.9
73.10000000000001
52.7
68.9
44.900000000000006
76.2
348.0
103.30000000000001
170.60000000000002
75.9
78.0
108.7
44.0
76.60000000000001
79.2
138.70000000000002
109.5
69.8
173.0
88.5
154.9
342.6
60.1
62.0
172.5
106.10000000000001
155.60000000000002
58.900000000000006
63.7
102.10000000000001
263.6
32.5
34.5
187.9
98.2
130.8
57.900000000000006
105.5
222.9
58.5
130.4
58.1
80.60000000000001
57.7
89.9
74.2
52.900000000000006
62.900000000000006
""
142.70000000000002
46.5
209.20000000000002
74.5
141.5
122.30000000000001
69.10000000000001
52.0
39.7
177.3
141.8
48.1
216.3
115.30000000000001
50.1
137.0
85.9
77.30000000000001
60.0
79.60000000000001
91.2
49.900000000000006
77.60000000000001
64.8
85.4
85.4
78.0
230.0
75.8
91.60000000000001
98.9
75.2
165.20000000000002
39.6
109.0
127.5
98.9
61.5
34.2
162.3
72.5
143.4
43.7
373.1
89.9
23.0
80.60000000000001
177.0
119.4
45.900000000000006
60.400000000000006
50.900000000000006
46.900000000000006
137.1
119.4
55.1
157.60000000000002
37.9
85.9
45.1
36.800000000000004
52.400000000000006
169.10000000000002
192.70000000000002
97.4
71.2
114.5
64.10000000000001
147.0
159.60000000000002
175.20000000000002
133.5
25.3
45.7
169.5
55.800000000000004
83.0
78.7
486.90000000000003
44.6
135.3
121.4
103.2
49.0
60.400000000000006
89.60000000000001
65.9
63.1
49.900000000000006
71.9
33.7
100.7
175.20000000000002
140.8
40.800000000000004
105.5
103.30000000000001
293.1
67.0
142.8
275.1
152.70000000000002
45.900000000000006
32.9
220.8
32.1
82.10000000000001
108.10000000000001
50.5
292.3
143.9
50.800000000000004
54.5
306.1
43.400000000000006
165.5
244.20000000000002
31.8
35.2
70.9
152.20000000000002
94.10000000000001
174.8
145.1
73.5
64.2
114.9
55.5
176.70000000000002
120.5
69.7
62.800000000000004
49.5
78.0
62.400000000000006
102.5
89.80000000000001
52.300000000000004
126.10000000000001
29.8
104.2
130.3
105.9
72.60000000000001
63.800000000000004
143.6
65.5
175.60000000000002
61.5
113.30000000000001
69.4
149.6
67.8
73.3
33.9
55.300000000000004
131.9
56.800000000000004
127.2
101.5
75.8
57.5
199.70000000000002
210.5
111.80000000000001
165.70000000000002
28.1
78.4
94.2
103.80000000000001
108.80000000000001
91.5
238.70000000000002
227.70000000000002
54.300000000000004
84.60000000000001
121.7
258.1
156.10000000000002
36.2
39.400000000000006
119.7
242.3
171.9
101.2
140.4
283.90000000000003
88.5
145.4
62.1
62.7
118.60000000000001
55.400000000000006
186.10000000000002
78.4
57.2
39.300000000000004
93.80000000000001
89.80000000000001
117.9
63.900000000000006
255.0
61.0
166.20000000000002
58.7
128.4
61.900000000000006
35.800000000000004
36.0
52.0
68.5
64.5
380.70000000000005
37.7
401.20000000000005
336.0
65.2
37.300000000000004
61.1
80.9
149.5
120.0
261.2
220.60000000000002
45.400000000000006
90.60000000000001
96.2
136.1
45.6
25.400000000000002
72.5
106.9
92.2
252.5
165.9
81.2
197.3
63.2
126.7
71.60000000000001
110.80000000000001
132.4
81.2
178.60000000000002
156.4
68.3
83.2
83.4
44.5
92.5
68.4
40.1
127.9
104.5
172.10000000000002
109.10000000000001
92.10000000000001
173.5
253.0
107.80000000000001
66.9
44.0
187.9
161.60000000000002
44.2
121.4
18.5
115.9
47.1
42.0
419.20000000000005
41.6
77.4
66.5
89.4
171.20000000000002
41.800000000000004
121.60000000000001
134.6
192.9
76.80000000000001
74.2
67.4
114.30000000000001
37.6
64.8
153.70000000000002
155.0
90.9
55.2
69.8
55.900000000000006
37.9
129.1
137.6
68.0
97.2
152.1
15.9
67.8
356.8
165.5
203.9
159.20000000000002
297.3
56.5
173.9
292.3
23.5
""
41.6
52.2
47.0
66.9
145.3
40.900000000000006
70.60000000000001
114.4
40.7
64.10000000000001
47.800000000000004
38.0
69.60000000000001
56.900000000000006
65.4
324.70000000000005
78.60000000000001
32.9
36.5
53.2
54.400000000000006
62.800000000000004
104.60000000000001
48.6
97.5
71.3
53.7
459.0
59.800000000000004
186.5
60.0
47.1
212.10000000000002
33.4
77.7
60.7
44.900000000000006
48.800000000000004
193.3
56.800000000000004
298.2
""
113.7
86.30000000000001
126.2
182.3
63.6
93.4
42.800000000000004
62.900000000000006
166.10000000000002
406.1
39.300000000000004
314.70000000000005
152.20000000000002
188.20000000000002
36.7
192.60000000000002
138.20000000000002
64.60000000000001
52.5
63.400000000000006
40.7
85.5
57.5
169.0
80.2
40.300000000000004
77.4
386.90000000000003
44.2
102.30000000000001
114.4
229.8
302.6
131.5
60.6
63.0
252.5
106.0
36.5
44.0
231.3
79.9
33.2
157.3
70.2
109.60000000000001
66.60000000000001
63.900000000000006
84.4
291.6
98.80000000000001
250.10000000000002
61.5
103.9
231.70000000000002
130.5
51.900000000000006
42.800000000000004
""
237.4
250.60000000000002
55.0
211.0
114.0
126.60000000000001
90.80000000000001
85.10000000000001
276.1
73.8
98.7
112.30000000000001
27.900000000000002
110.2
65.2
226.9
43.6
255.0
151.9
55.6
43.5
69.4
347.8
81.2
214.0
257.0
294.90000000000003
81.5
215.5
77.80000000000001
46.400000000000006
63.900000000000006
83.30000000000001
170.8
345.5
33.1
278.3
""
140.1
88.0
51.7
54.6
65.60000000000001
44.900000000000006
110.9
213.9
32.800000000000004
153.60000000000002
59.400000000000006
52.6
302.6
301.90000000000003
42.900000000000006
90.5
93.60000000000001
64.8
40.400000000000006
372.90000000000003
56.300000000000004
""
128.20000000000002
86.9
65.3
46.5
84.60000000000001
50.800000000000004
62.300000000000004
88.5
66.0
110.5
25.0
149.1
133.5
107.4
50.2
145.5
60.900000000000006
36.800000000000004
52.7
60.800000000000004
54.0
135.5
267.3
127.60000000000001
22.400000000000002
80.60000000000001
211.3
86.60000000000001
88.5
192.20000000000002
214.0
55.2
78.7
53.0
155.70000000000002
47.6
176.4
40.6
124.0
33.5
61.6
302.0
136.20000000000002
77.30000000000001
82.2
95.80000000000001
48.2
25.200000000000003
59.400000000000006
134.20000000000002
104.80000000000001
95.80000000000001
55.800000000000004
129.8
135.5
48.300000000000004
33.300000000000004
105.0
121.4
358.0
80.30000000000001
70.0
76.60000000000001
103.60000000000001
130.4
42.0
69.5
76.9
109.2
71.7
104.2
92.7
157.70000000000002
106.60000000000001
84.9
261.3
51.900000000000006
368.40000000000003
219.4
119.9
84.7
54.0
77.80000000000001
115.30000000000001
17.8
112.80000000000001
49.300000000000004
197.60000000000002
58.800000000000004
81.4
229.0
98.4
68.0
60.7
94.80000000000001
328.5
28.200000000000003
71.8
55.7
50.400000000000006
78.10000000000001
60.300000000000004
62.300000000000004
53.400000000000006
91.7
235.10000000000002
69.5
426.70000000000005
49.5
98.7
75.3
57.300000000000004
160.10000000000002
172.3
75.5
69.4
304.7
66.10000000000001
43.0
82.9
65.10000000000001
178.20000000000002
58.2
64.2
74.10000000000001
95.2
31.0
68.4
332.1
309.90000000000003
51.7
71.3
44.1
76.60000000000001
83.7
43.5
143.0
226.10000000000002
150.1
40.5
115.60000000000001
49.6
241.70000000000002
28.5
152.20000000000002
222.0
62.5
31.1
307.40000000000003
117.7
29.400000000000002
190.3
113.5
49.0
72.0
62.1
103.7
46.2
87.80000000000001
142.8
82.80000000000001
78.30000000000001
35.1
156.5
75.8
82.30000000000001
406.70000000000005
127.7
86.2
31.3
47.6
75.5
100.0
23.6
237.20000000000002
94.7
126.60000000000001
171.9
182.9
107.4
87.7
63.0
72.60000000000001
20.700000000000003
213.60000000000002
74.5
135.3
107.9
258.6
201.70000000000002
87.7
258.90000000000003
30.5
188.70000000000002
55.5
73.7
78.2
136.3
51.1
175.0
67.5
94.0
96.10000000000001
66.0
108.30000000000001
29.0
40.400000000000006
110.2
84.7
42.1
80.7
118.7
121.0
239.4
78.7
80.60000000000001
126.5
142.1
106.2
81.10000000000001
77.80000000000001
248.70000000000002
200.20000000000002
282.3
77.80000000000001
171.8
45.1
324.6
63.6
33.0
53.6
90.9
84.2
54.5
54.7
68.9
127.4
46.5
75.0
55.900000000000006
205.70000000000002
65.9
186.10000000000002
53.5
85.5
58.7
37.7
87.80000000000001
52.5
65.9
40.400000000000006
100.4
69.9
88.30000000000001
47.800000000000004
58.5
58.1
77.0
73.0
87.7
46.800000000000004
123.60000000000001
369.40000000000003
67.3
98.4
128.1
48.900000000000006
198.9
103.0
38.1
40.5
89.2
58.7
81.0
55.7
76.7
56.0
173.10000000000002
57.1
181.20000000000002
58.900000000000006
161.3
99.60000000000001
121.4
87.7
95.4
126.30000000000001
53.900000000000006
78.4
72.8
157.8
137.20000000000002
140.4
47.5
53.800000000000004
114.4
237.70000000000002
211.9
70.9
66.5
54.300000000000004
157.9
45.0
58.2
69.60000000000001
187.20000000000002
293.90000000000003
69.5
98.7
82.7
35.4
76.4
70.10000000000001
52.300000000000004
77.2
189.5
20.0
180.5
111.30000000000001
82.0
55.400000000000006
100.0
58.900000000000006
60.0
65.7
69.10000000000001
83.80000000000001
182.70000000000002
88.2
118.5
90.4
57.1
205.0
67.3
105.0
33.6
177.0
101.0
70.4
42.0
296.0
136.6
48.6
59.800000000000004
78.0
148.4
108.80000000000001
51.300000000000004
41.2
126.7
55.2
83.4
58.1
87.80000000000001
122.4
113.60000000000001
77.10000000000001
90.30000000000001
133.1
46.7
35.1
86.7
120.9
""
50.300000000000004
128.0
133.3
90.9
35.800000000000004
177.8
70.0
101.5
91.30000000000001
43.300000000000004
50.800000000000004
138.6
95.5
79.0
65.7
127.60000000000001
57.1
62.900000000000006
50.5
80.60000000000001
50.2
256.3
38.800000000000004
72.4
56.400000000000006
121.9
65.60000000000001
108.2
87.9
95.0
37.1
81.60000000000001
151.4
187.4
153.8
55.900000000000006
61.300000000000004
75.3
122.60000000000001
68.10000000000001
111.4
124.9
35.5
60.5
75.7
236.60000000000002
118.7
66.5
65.5
32.5
95.2
133.9
79.60000000000001
201.5
""
43.6
80.2
150.3
122.5
58.800000000000004
107.10000000000001
134.6
149.20000000000002
61.800000000000004
56.6
53.5
295.3
186.4
87.10000000000001
108.30000000000001
34.6
84.10000000000001
58.2
135.1
149.8
55.0
49.6
44.5
63.7
51.300000000000004
178.3
98.4
222.9
121.0
124.10000000000001
115.0
260.90000000000003
311.1
84.0
34.4
176.5
131.1
140.6
134.70000000000002
46.1
65.5
64.0
39.5
191.60000000000002
43.0
173.4
47.7
118.0
100.4
67.2
122.7
75.0
85.9
126.4
51.6
466.3
98.5
79.10000000000001
320.0
45.400000000000006
101.2
66.8
62.2
30.8
57.900000000000006
66.5
122.2
91.4
37.5
60.7
66.10000000000001
82.7
243.10000000000002
161.20000000000002
53.7
122.80000000000001
59.6
86.7
121.0
178.10000000000002
40.400000000000006
57.900000000000006
80.2
44.2
""
52.7
53.300000000000004
86.7
78.30000000000001
97.30000000000001
50.400000000000006
56.800000000000004
102.0
84.60000000000001
75.0
45.800000000000004
351.5
44.6
49.6
47.6
41.5
96.0
64.60000000000001
57.1
178.20000000000002
275.2
137.4
30.700000000000003
60.7
45.6
55.2
43.300000000000004
129.8
65.8
101.30000000000001
193.8
66.0
83.9
111.30000000000001
124.9
116.60000000000001
109.30000000000001
55.400000000000006
169.9
106.30000000000001
62.800000000000004
158.70000000000002
32.800000000000004
245.20000000000002
92.80000000000001
48.5
58.0
61.900000000000006
83.2
228.70000000000002
111.4
69.7
56.5
88.4
71.10000000000001
32.5
67.5
339.20000000000005
29.1
80.4
45.7
257.40000000000003
102.4
43.7
144.9
103.4
82.60000000000001
212.20000000000002
64.7
95.0
141.0
85.9
101.0
29.3
54.5
273.0
133.70000000000002
165.0
102.9
176.0
64.4
81.5
144.0
176.5
57.1
81.5
51.5
94.4
36.5
115.9
58.800000000000004
32.9
134.6
37.6
198.20000000000002
70.9
103.10000000000001
374.3
48.7
67.7
56.1
44.7
105.4
101.4
31.6
181.60000000000002
80.4
73.8
38.300000000000004
83.30000000000001
142.4
44.400000000000006
31.400000000000002
89.0
52.900000000000006
99.9
22.1
55.0
72.10000000000001
48.1
68.2
124.9
77.9
79.4
78.0
79.4
118.60000000000001
38.0
70.3
62.5
74.8
49.2
30.0
59.400000000000006
102.80000000000001
110.5
59.1
70.9
49.6
39.900000000000006
58.0
105.60000000000001
71.7
67.5
102.0
103.5
54.6
39.7
32.6
107.2
122.5
73.4
279.6
127.30000000000001
56.5
103.30000000000001
57.800000000000004
71.4
88.60000000000001
237.20000000000002
81.0
84.0
121.9
58.0
38.800000000000004
72.0
314.0
69.5
31.900000000000002
69.3
96.7
78.10000000000001
120.80000000000001
26.400000000000002
86.7
180.3
126.0
68.60000000000001
34.9
77.60000000000001
69.60000000000001
122.9
76.0
81.4
266.0
69.8
56.400000000000006
125.10000000000001
162.9
86.60000000000001
48.400000000000006
106.10000000000001
292.7
396.8
111.7
64.9
404.5
98.5
62.7
96.4
139.8
56.6
57.800000000000004
336.0
59.1
""
186.70000000000002
48.2
55.400000000000006
116.5
92.4
28.900000000000002
74.8
138.70000000000002
52.2
87.2
107.4
62.800000000000004
152.1
148.0
89.30000000000001
129.0
106.30000000000001
72.4
241.20000000000002
97.10000000000001
64.10000000000001
88.80000000000001
294.40000000000003
116.5
71.7
68.5
62.300000000000004
30.8
93.10000000000001
101.30000000000001
50.7
87.5
83.0
172.9
48.2
138.20000000000002
52.400000000000006
54.900000000000006
55.300000000000004
42.400000000000006
42.400000000000006
41.800000000000004
219.5
112.4
42.400000000000006
79.30000000000001
44.800000000000004
100.10000000000001
205.5
265.0
157.0
96.10000000000001
254.9
62.5
174.20000000000002
125.9
113.80000000000001
53.300000000000004
47.300000000000004
89.7
44.6
49.800000000000004
218.3
383.0
34.4
94.0
333.40000000000003
63.900000000000006
37.300000000000004
98.2
51.6
164.20000000000002
358.0
355.1
65.8
110.10000000000001
107.4
246.8
212.70000000000002
68.60000000000001
97.80000000000001
51.400000000000006
45.900000000000006
33.0
67.2
77.80000000000001
224.60000000000002
62.300000000000004
244.20000000000002
60.900000000000006
115.0
97.30000000000001
53.0
145.0
207.3
47.900000000000006
98.2
98.2
177.60000000000002
30.0
228.10000000000002
439.5
40.900000000000006
79.4
93.2
97.9
42.7
122.0
152.1
97.0
224.60000000000002
46.300000000000004
91.60000000000001
179.60000000000002
266.0
259.6
103.0
50.6
163.3
70.7
77.2
107.80000000000001
78.80000000000001
242.60000000000002
50.2
104.30000000000001
30.8
147.5
51.2
244.60000000000002
55.7
104.5
26.900000000000002
54.5
81.5
52.7
55.6
""
193.10000000000002
38.2
116.9
58.2
323.0
46.7
149.3
46.2
81.7
218.4
122.9
196.0
58.0
61.5
124.7
240.9
107.5
135.6
66.4
62.0
77.5
69.5
94.30000000000001
71.0
129.3
61.5
88.10000000000001
40.300000000000004
322.8
97.80000000000001
36.800000000000004
75.0
74.3
91.60000000000001
64.60000000000001
180.9
113.0
56.300000000000004
69.7
54.800000000000004
260.40000000000003
127.10000000000001
86.5
36.1
101.60000000000001
114.30000000000001
44.6
91.5
100.7
55.6
41.2
163.4
70.10000000000001
116.5
56.900000000000006
113.30000000000001
65.8
76.10000000000001
87.60000000000001
111.60000000000001
139.8
94.4
173.60000000000002
38.2
51.300000000000004
201.70000000000002
68.7
82.7
52.0
114.10000000000001
157.20000000000002
126.30000000000001
180.20000000000002
43.800000000000004
66.5
79.9
56.2
47.800000000000004
408.1
95.10000000000001
95.0
89.7
242.20000000000002
339.40000000000003
135.0
48.900000000000006
87.80000000000001
244.10000000000002
111.10000000000001
65.60000000000001
180.5
56.6
99.9
42.900000000000006
84.80000000000001
74.5
51.5
242.3
42.0
72.10000000000001
28.400000000000002
38.5
47.1
68.8
67.60000000000001
149.4
197.8
78.7
101.4
137.70000000000002
116.4
235.10000000000002
30.900000000000002
89.30000000000001
49.800000000000004
49.7
54.300000000000004
90.2
50.800000000000004
75.8
61.300000000000004
92.0
84.7
119.7
73.5
46.400000000000006
60.300000000000004
50.7
84.30000000000001
79.10000000000001
115.80000000000001
97.0
72.7
168.4
85.2
92.30000000000001
66.60000000000001
328.20000000000005
40.400000000000006
81.9
130.3
51.300000000000004
36.300000000000004
147.6
84.80000000000001
62.6
180.10000000000002
73.8
34.1
477.8
72.10000000000001
127.0
97.5
107.2
49.0
65.60000000000001
64.9
179.5
90.9
109.60000000000001
263.3
68.0
67.5
69.2
53.1
98.60000000000001
493.6
67.0
81.9
64.3
29.700000000000003
215.4
155.60000000000002
142.6
102.9
61.1
134.0
93.5
62.5
68.60000000000001
146.8
106.30000000000001
133.3
39.5
59.900000000000006
65.9
122.60000000000001
43.800000000000004
106.2
172.20000000000002
93.30000000000001
76.0
63.1
267.1
119.5
60.5
104.7
107.9
83.5
121.9
98.0
48.2
85.10000000000001
41.7
37.5
62.2
79.0
55.1
148.9
165.5
57.300000000000004
151.8
42.1
50.300000000000004
26.700000000000003
153.3
66.9
105.0
132.3
140.3
28.1
98.2
90.4
296.1
82.7
157.3
48.5
261.8
75.8
66.4
218.70000000000002
453.1
49.0
105.4
87.4
65.8
319.90000000000003
98.4
47.300000000000004
97.0
223.20000000000002
139.20000000000002
74.3
50.1
48.800000000000004
45.0
139.9
95.10000000000001
70.10000000000001
138.0
107.30000000000001
94.7
60.800000000000004
65.5
""
112.4
146.8
134.5
255.70000000000002
117.7
88.80000000000001
414.0
30.400000000000002
170.0
91.80000000000001
362.90000000000003
80.5
49.1
62.1
53.6
72.5
66.0
84.2
80.7
86.30000000000001
73.7
121.5
35.300000000000004
58.800000000000004
56.6
318.1
176.3
90.10000000000001
59.900000000000006
30.700000000000003
29.8
43.800000000000004
124.7
121.9
35.800000000000004
71.8
383.1
115.7
155.3
88.80000000000001
153.9
86.30000000000001
53.0
52.2
105.0
35.800000000000004
55.5
40.400000000000006
46.900000000000006
46.2
34.6
64.4
84.0
302.8
227.0
55.400000000000006
76.80000000000001
149.9
39.0
78.30000000000001
68.7
138.70000000000002
44.5
92.5
93.2
40.300000000000004
78.4
34.800000000000004
38.1
85.7
203.8
158.8
103.5
28.200000000000003
52.900000000000006
100.4
94.4
73.2
33.1
425.20000000000005
104.0
82.10000000000001
44.1
32.5
282.90000000000003
361.3
196.60000000000002
53.900000000000006
127.0
75.7
109.10000000000001
92.60000000000001
33.7
86.4
39.400000000000006
82.5
64.8
46.400000000000006
90.30000000000001
""
93.0
82.0
""
56.6
104.30000000000001
52.0
64.5
79.80000000000001
244.4
118.4
111.60000000000001
255.70000000000002
310.20000000000005
73.2
263.6
275.3
198.10000000000002
116.7
30.900000000000002
116.5
147.0
368.5
105.2
215.60000000000002
77.10000000000001
71.9
97.7
405.8
106.10000000000001
94.80000000000001
67.8
166.3
102.7
193.9
73.2
79.9
61.400000000000006
64.10000000000001
131.4
56.7
226.10000000000002
31.700000000000003
66.9
166.5
211.20000000000002
59.800000000000004
128.9
157.10000000000002
39.2
71.5
130.5
192.8
63.300000000000004
74.10000000000001
158.10000000000002
185.5
85.80000000000001
97.30000000000001
89.30000000000001
132.4
41.0
110.5
98.0
144.8
23.1
83.10000000000001
68.4
365.40000000000003
141.5
94.10000000000001
88.2
64.4
105.30000000000001
55.7
71.0
79.10000000000001
71.7
98.7
54.300000000000004
282.8
203.70000000000002
56.5
100.2
41.7
135.6
205.10000000000002
31.0
117.80000000000001
191.9
67.60000000000001
59.900000000000006
122.7
172.20000000000002
107.4
40.5
43.2
224.10000000000002
45.2
100.9
38.900000000000006
77.10000000000001
94.4
90.5
148.6
43.7
109.30000000000001
30.1
68.9
104.10000000000001
77.7
216.9
347.0
56.5
35.4
309.1
47.2
124.60000000000001
70.0
44.900000000000006
74.9
271.90000000000003
60.6
73.5
113.7
91.4
49.6
244.9
81.0
339.3
174.20000000000002
117.9
212.5
91.4
36.9
29.6
278.0
37.9
245.20000000000002
66.5
45.300000000000004
99.10000000000001
43.800000000000004
57.2
58.2
47.800000000000004
111.80000000000001
276.2
109.30000000000001
38.5
134.20000000000002
221.9
76.7
78.9
43.0
123.4
37.800000000000004
33.4
73.0
147.70000000000002
38.800000000000004
61.7
45.5
91.30000000000001
86.0
150.0
137.3
94.60000000000001
188.0
37.5
82.2
145.6
76.80000000000001
117.30000000000001
54.800000000000004
224.4
57.900000000000006
147.70000000000002
71.5
66.3
76.80000000000001
95.5
98.5
50.0
24.400000000000002
79.30000000000001
145.8
146.70000000000002
47.5
140.9
161.0
100.0
68.5
53.5
64.7
104.0
63.2
199.10000000000002
147.70000000000002
216.8
78.5
187.8
59.7
145.5
54.400000000000006
76.60000000000001
87.30000000000001
44.300000000000004
87.2
56.6
68.3
26.400000000000002
107.60000000000001
106.60000000000001
134.3
115.10000000000001
106.7
93.80000000000001
129.5
25.0
180.9
113.7
299.2
124.9
43.0
76.0
63.6
248.5
92.30000000000001
120.10000000000001
46.400000000000006
184.60000000000002
100.80000000000001
35.800000000000004
115.30000000000001
46.400000000000006
310.40000000000003
39.7
61.400000000000006
95.4
254.20000000000002
84.9
59.400000000000006
121.80000000000001
98.7
62.6
55.7
148.8
113.2
114.30000000000001
97.4
86.9
172.10000000000002
339.6
105.9
487.20000000000005
55.7
75.60000000000001
77.7
56.400000000000006
123.30000000000001
235.0
136.5
96.80000000000001
197.10000000000002
272.5
58.400000000000006
126.9
83.60000000000001
93.30000000000001
17.400000000000002
78.30000000000001
498.40000000000003
78.2
65.60000000000001
42.0
331.8
62.5
136.20000000000002
57.300000000000004
174.60000000000002
310.1
84.7
53.5
127.30000000000001
71.4
61.300000000000004
162.60000000000002
136.5
30.1
194.5
83.4
40.800000000000004
91.2
59.300000000000004
32.300000000000004
27.0
96.9
134.3
109.10000000000001
101.0
299.40000000000003
63.0
415.70000000000005
227.3
47.800000000000004
83.30000000000001
99.4
181.9
59.800000000000004
111.10000000000001
72.0
76.10000000000001
65.8
54.1
37.9
41.1
60.6
59.0
78.9
280.3
137.5
74.2
66.4
83.60000000000001
120.9
119.2
39.400000000000006
115.7
75.3
43.300000000000004
195.8
149.5
53.0
63.2
53.5
129.0
319.40000000000003
108.80000000000001
71.4
66.4
121.4
196.8
77.80000000000001
74.7
152.4
103.0
54.5
48.900000000000006
49.300000000000004
70.60000000000001
215.20000000000002
74.8
89.60000000000001
203.70000000000002
123.10000000000001
78.80000000000001
89.10000000000001
62.7
115.4
76.7
39.0
57.2
75.2
96.2
110.4
51.400000000000006
33.800000000000004
70.7
162.3
144.9
90.4
107.4
42.800000000000004
103.30000000000001
59.400000000000006
95.9
66.10000000000001
39.5
65.3
132.5
68.5
186.20000000000002
48.300000000000004
78.9
39.1
61.400000000000006
195.8
74.60000000000001
59.300000000000004
109.80000000000001
103.7
87.60000000000001
297.0
78.30000000000001
67.8
39.7
36.4
129.70000000000002
87.7
36.0
54.300000000000004
65.3
321.0
36.9
142.6
40.2
303.90000000000003
113.7
62.300000000000004
28.8
239.4
171.60000000000002
59.900000000000006
68.2
59.2
175.5
114.10000000000001
81.80000000000001
42.800000000000004
46.1
66.10000000000001
68.8
55.2
62.1
74.4
73.8
77.0
115.2
83.30000000000001
78.2
61.900000000000006
69.0
31.0
263.8
57.2
87.4
135.9
159.0
81.0
49.900000000000006
277.0
154.4
130.70000000000002
148.20000000000002
52.800000000000004
120.9
331.3
124.4
114.80000000000001
61.2
387.70000000000005
48.6
100.9
86.0
89.60000000000001
87.5
49.800000000000004
75.9
47.2
66.10000000000001
67.5
207.3
92.30000000000001
69.5
456.70000000000005
59.900000000000006
83.30000000000001
49.900000000000006
275.8
151.20000000000002
60.800000000000004
31.8
26.3
94.5
90.5
75.0
79.7
69.4
146.8
96.9
82.60000000000001
87.60000000000001
136.5
69.7
62.5
108.4
77.5
151.6
89.7
75.4
136.4
74.3
77.4
126.9
""
45.6
40.7
298.5
211.3
93.60000000000001
75.4
41.2
122.9
148.3
55.1
53.300000000000004
48.400000000000006
68.9
76.4
38.400000000000006
""
38.7
181.8
121.60000000000001
90.4
408.20000000000005
72.9
68.10000000000001
68.3
88.0
68.8
47.7
104.80000000000001
84.2
105.10000000000001
208.5
92.10000000000001
44.300000000000004
267.7
63.400000000000006
38.6
60.5
54.7
109.9
90.2
144.5
150.8
60.800000000000004
54.400000000000006
65.60000000000001
89.5
291.7
122.30000000000001
35.9
499.40000000000003
48.1
42.1
75.10000000000001
278.3
319.5
141.8
86.5
43.800000000000004
68.7
106.7
84.9
308.40000000000003
61.2
85.4
155.3
85.10000000000001
247.3
50.400000000000006
153.8
177.3
51.400000000000006
70.0
70.9
58.6
45.800000000000004
96.4
24.8
40.7
75.5
95.10000000000001
46.5
121.2
51.900000000000006
195.60000000000002
213.9
191.20000000000002
36.800000000000004
49.900000000000006
97.2
368.70000000000005
80.9
118.10000000000001
112.2
119.2
101.2
""
221.5
38.300000000000004
48.7
101.7
105.2
