Hitting Time
9.200000000000001
14.600000000000001
14.0
63.5
10.200000000000001
13.3
9.1
11.200000000000001
25.900000000000002
24.1
9.9
35.4
11.5
9.5
8.0
7.800000000000001
15.9
15.8
36.6
6.7
16.3
8.4
16.900000000000002
47.7
4.4
6.2
8.3
13.5
17.900000000000002
33.9
9.8
12.700000000000001
12.0
14.3
10.4
130.8
7.7
17.0
18.6
11.9
7.6000000000000005
12.200000000000001
41.7
12.4
8.700000000000001
43.800000000000004
12.3
5.800000000000001
16.400000000000002
9.9
6.4
15.600000000000001
22.6
7.4
12.200000000000001
8.200000000000001
12.5
15.0
17.8
17.400000000000002
13.0
4.2
29.5
71.4
15.100000000000001
25.200000000000003
14.0
13.0
45.6
79.7
6.0
6.1000000000000005
7.5
7.0
5.6000000000000005
20.6
11.5
19.400000000000002
33.7
23.0
5.7
16.1
5.2
8.6
4.7
110.60000000000001
17.6
21.200000000000003
7.0
16.1
4.0
6.800000000000001
11.8
16.6
8.1
9.700000000000001
10.200000000000001
14.4
7.300000000000001
15.600000000000001
58.5
12.8
10.0
29.900000000000002
16.7
7.800000000000001
7.300000000000001
21.5
8.5
13.5
20.400000000000002
22.0
7.5
16.7
6.0
11.9
33.1
8.200000000000001
13.9
13.600000000000001
60.0
12.5
12.3
8.9
10.4
20.5
8.8
20.8
18.1
16.1
6.6000000000000005
7.4
12.4
5.6000000000000005
8.1
27.3
10.0
12.4
19.3
10.100000000000001
8.6
8.4
10.8
17.0
8.3
24.8
14.3
9.5
32.1
12.5
29.8
5.1000000000000005
17.900000000000002
5.300000000000001
7.1000000000000005
25.900000000000002
9.600000000000001
9.700000000000001
5.800000000000001
5.7
30.0
22.3
6.6000000000000005
24.1
9.0
13.200000000000001
6.6000000000000005
7.1000000000000005
19.0
17.0
12.4
8.1
16.5
11.200000000000001
23.1
17.900000000000002
8.200000000000001
8.4
19.200000000000003
6.4
21.700000000000003
33.4
9.0
12.200000000000001
7.4
10.100000000000001
8.5
11.9
5.9
17.900000000000002
35.5
12.8
8.4
14.600000000000001
6.0
20.900000000000002
94.9
12.5
75.5
12.600000000000001
9.1
14.4
6.4
142.4
12.0
11.5
54.900000000000006
11.4
11.200000000000001
16.8
7.7
9.9
44.900000000000006
14.700000000000001
25.1
13.3
13.200000000000001
12.5
37.1
44.5
11.3
9.8
5.6000000000000005
7.2
8.4
11.700000000000001
6.5
18.8
25.8
8.9
9.9
8.9
14.100000000000001
12.600000000000001
12.100000000000001
31.8
6.1000000000000005
11.4
7.7
15.8
28.6
13.9
5.6000000000000005
50.800000000000004
22.400000000000002
18.0
4.9
23.6
5.9
6.4
15.9
34.7
5.6000000000000005
91.30000000000001
5.9
14.3
12.3
10.4
6.4
5.6000000000000005
7.7
8.9
7.7
28.5
97.80000000000001
7.2
8.6
3.4000000000000004
4.7
11.200000000000001
13.700000000000001
12.0
11.8
40.300000000000004
32.7
19.700000000000003
8.700000000000001
6.800000000000001
8.700000000000001
46.1
97.30000000000001
5.300000000000001
20.5
11.9
6.7
16.8
4.5
7.6000000000000005
26.900000000000002
11.4
39.2
5.1000000000000005
14.700000000000001
6.4
13.9
7.0
34.9
60.5
8.1
18.3
11.100000000000001
8.6
13.200000000000001
7.2
24.700000000000003
9.200000000000001
16.900000000000002
4.5
23.700000000000003
5.7
12.100000000000001
14.600000000000001
8.4
6.4
31.700000000000003
10.9
6.0
95.30000000000001
17.5
12.0
8.200000000000001
23.3
21.5
104.80000000000001
11.3
9.8
11.3
7.300000000000001
9.4
9.9
5.4
14.9
17.6
13.0
15.100000000000001
4.4
13.5
7.9
8.700000000000001
12.600000000000001
76.60000000000001
6.6000000000000005
38.0
11.5
7.4
6.9
7.300000000000001
19.700000000000003
15.100000000000001
26.8
12.600000000000001
7.0
8.200000000000001
8.8
17.1
7.300000000000001
9.600000000000001
9.200000000000001
18.0
4.4
9.4
50.400000000000006
29.900000000000002
38.2
69.4
4.4
28.200000000000003
4.6000000000000005
7.1000000000000005
9.1
6.5
11.4
15.600000000000001
10.0
10.0
11.200000000000001
4.5
6.9
12.100000000000001
8.0
36.1
6.7
16.900000000000002
32.4
11.600000000000001
19.0
6.0
6.2
38.900000000000006
7.1000000000000005
22.700000000000003
19.1
10.8
9.1
21.1
12.8
9.9
12.3
6.2
10.100000000000001
4.9
15.4
12.200000000000001
23.400000000000002
10.0
26.5
15.9
5.9
30.1
4.3
7.4
7.4
7.300000000000001
10.4
73.9
8.5
9.200000000000001
15.4
11.5
6.0
16.7
15.100000000000001
10.3
6.6000000000000005
45.1
94.7
29.700000000000003
25.900000000000002
12.100000000000001
6.5
5.300000000000001
7.9
18.7
12.8
19.1
17.900000000000002
27.900000000000002
14.200000000000001
13.4
8.700000000000001
17.6
52.1
5.4
13.3
18.0
67.9
18.0
8.3
6.9
9.8
17.5
14.8
15.3
10.0
15.0
28.1
10.0
5.7
11.3
6.1000000000000005
20.5
13.100000000000001
17.7
15.600000000000001
9.600000000000001
20.400000000000002
14.600000000000001
10.100000000000001
15.9
11.200000000000001
6.4
5.9
4.6000000000000005
8.6
8.4
40.7
21.3
13.200000000000001
63.300000000000004
17.2
37.300000000000004
17.400000000000002
11.200000000000001
15.600000000000001
32.0
26.8
10.600000000000001
114.9
26.5
13.600000000000001
60.400000000000006
12.700000000000001
21.900000000000002
3.6
11.700000000000001
27.700000000000003
266.7
29.8
7.300000000000001
13.0
13.5
28.8
14.0
9.4
15.9
18.8
19.1
17.8
7.0
20.5
8.5
16.6
78.4
32.5
8.5
9.700000000000001
18.3
127.30000000000001
18.0
6.6000000000000005
11.3
4.4
14.8
9.4
5.7
15.3
29.6
16.400000000000002
6.6000000000000005
21.700000000000003
13.600000000000001
5.9
6.9
7.4
24.900000000000002
12.200000000000001
8.0
20.900000000000002
5.2
6.4
8.0
5.2
8.200000000000001
4.6000000000000005
6.5
11.700000000000001
12.3
16.1
9.200000000000001
13.100000000000001
8.4
8.5
45.7
9.8
7.800000000000001
32.4
9.600000000000001
106.9
13.100000000000001
11.8
7.300000000000001
4.1000000000000005
12.100000000000001
6.6000000000000005
65.5
17.3
8.0
13.3
6.6000000000000005
23.0
5.6000000000000005
17.900000000000002
6.4
10.9
20.1
6.5
6.1000000000000005
26.5
5.7
17.2
11.700000000000001
30.0
20.1
174.4
16.1
6.1000000000000005
6.1000000000000005
21.6
15.0
8.9
7.9
10.600000000000001
4.3
19.8
6.0
7.6000000000000005
9.700000000000001
20.700000000000003
24.200000000000003
16.400000000000002
14.0
30.900000000000002
9.4
96.5
5.6000000000000005
8.1
9.8
13.8
90.10000000000001
14.4
3.9000000000000004
7.2
30.200000000000003
8.9
7.5
15.3
19.400000000000002
4.7
13.4
25.6
9.200000000000001
8.3
5.800000000000001
6.9
31.700000000000003
9.8
17.900000000000002
9.200000000000001
21.400000000000002
41.1
9.0
22.8
12.9
15.3
12.200000000000001
7.0
14.3
6.7
21.5
9.4
14.3
9.600000000000001
8.1
31.6
38.300000000000004
10.200000000000001
10.8
15.600000000000001
35.1
28.0
6.300000000000001
5.0
4.9
141.70000000000002
6.2
11.0
21.6
5.300000000000001
7.4
30.6
5.7
17.8
6.5
6.2
11.700000000000001
6.4
24.6
4.7
24.6
20.200000000000003
16.7
9.4
7.1000000000000005
18.6
24.5
10.100000000000001
8.5
9.3
7.2
15.4
10.3
6.5
5.7
8.8
12.600000000000001
5.9
7.6000000000000005
13.200000000000001
27.1
37.2
10.0
14.0
13.200000000000001
9.9
9.9
10.8
64.10000000000001
28.400000000000002
19.5
13.100000000000001
24.8
8.1
85.30000000000001
12.100000000000001
7.7
16.7
7.4
18.0
12.4
11.700000000000001
12.5
11.3
14.8
7.7
6.2
10.0
12.600000000000001
5.9
15.100000000000001
24.400000000000002
15.9
15.0
9.5
6.800000000000001
11.0
14.9
19.5
4.7
18.2
7.800000000000001
27.5
14.600000000000001
37.2
13.0
14.100000000000001
20.200000000000003
13.600000000000001
7.5
32.800000000000004
32.4
6.4
24.900000000000002
12.600000000000001
12.700000000000001
6.7
6.7
7.7
7.1000000000000005
15.0
8.8
35.2
6.9
16.2
8.200000000000001
9.4
23.400000000000002
8.3
9.5
17.1
19.200000000000003
6.300000000000001
8.1
52.7
9.8
10.100000000000001
37.800000000000004
90.2
8.8
38.400000000000006
12.9
22.0
13.5
21.5
14.600000000000001
7.9
9.0
62.0
7.300000000000001
14.3
10.3
4.4
8.3
19.400000000000002
5.800000000000001
4.6000000000000005
13.5
7.2
17.8
16.8
25.8
12.100000000000001
6.800000000000001
9.1
9.5
9.9
7.4
13.9
19.3
13.0
10.3
8.200000000000001
10.200000000000001
7.6000000000000005
7.2
6.9
8.700000000000001
12.0
7.300000000000001
11.0
12.9
5.9
12.4
10.200000000000001
5.9
15.9
16.900000000000002
28.400000000000002
4.800000000000001
14.100000000000001
6.4
8.1
15.3
14.8
13.700000000000001
7.800000000000001
7.2
41.1
5.5
10.5
5.4
7.6000000000000005
16.6
9.5
6.6000000000000005
4.5
14.600000000000001
8.3
5.6000000000000005
18.0
48.5
19.5
13.5
36.2
9.8
8.3
10.0
21.400000000000002
11.700000000000001
25.200000000000003
10.200000000000001
19.6
21.1
16.8
13.600000000000001
25.3
14.700000000000001
23.1
3.7
5.4
69.3
5.0
14.8
74.10000000000001
9.9
8.4
11.200000000000001
6.7
14.700000000000001
5.7
8.1
58.900000000000006
18.7
12.600000000000001
10.0
13.200000000000001
9.3
20.1
8.5
7.0
6.5
23.5
43.5
6.9
7.4
184.20000000000002
26.0
48.7
10.4
9.200000000000001
8.5
11.8
8.8
40.0
25.6
4.4
9.4
10.9
7.9
6.6000000000000005
11.200000000000001
8.200000000000001
16.5
6.0
5.9
14.5
5.4
7.300000000000001
24.0
8.1
11.700000000000001
15.0
5.800000000000001
8.9
8.700000000000001
48.0
14.9
7.0
8.3
7.9
13.3
5.2
14.200000000000001
38.6
49.1
27.700000000000003
15.5
6.9
7.2
24.3
17.7
19.3
22.5
19.8
11.3
5.1000000000000005
7.4
14.700000000000001
51.0
11.600000000000001
8.200000000000001
18.900000000000002
15.200000000000001
15.200000000000001
11.5
10.5
13.3
19.6
7.5
5.7
27.700000000000003
7.7
18.2
15.5
19.1
6.800000000000001
5.800000000000001
21.1
14.3
15.700000000000001
12.9
13.3
32.800000000000004
8.3
7.9
17.7
8.6
4.0
44.900000000000006
8.8
6.9
30.8
17.2
4.9
9.5
16.2
19.700000000000003
13.100000000000001
36.7
11.200000000000001
9.4
8.3
18.6
12.3
11.600000000000001
11.600000000000001
5.2
23.3
17.3
4.9
8.0
46.0
24.0
12.3
5.4
25.6
10.8
17.7
5.9
4.9
14.600000000000001
8.5
9.9
13.0
8.5
10.9
21.700000000000003
11.700000000000001
11.200000000000001
38.900000000000006
8.9
26.1
5.9
21.1
38.7
9.200000000000001
8.4
7.7
25.900000000000002
7.9
8.5
8.3
9.9
10.100000000000001
22.8
10.3
14.600000000000001
21.6
22.400000000000002
7.1000000000000005
18.400000000000002
9.700000000000001
11.9
22.700000000000003
14.200000000000001
6.6000000000000005
15.9
19.8
8.3
11.5
9.8
10.3
11.9
6.4
65.4
6.4
17.400000000000002
9.3
29.200000000000003
17.2
24.700000000000003
11.100000000000001
11.3
15.3
7.300000000000001
14.3
7.5
31.5
22.700000000000003
14.200000000000001
135.8
19.200000000000003
246.10000000000002
10.3
6.2
30.400000000000002
13.5
4.4
29.3
22.3
20.0
23.700000000000003
10.0
17.5
6.800000000000001
28.700000000000003
6.4
15.4
6.300000000000001
12.100000000000001
8.5
18.1
9.3
14.100000000000001
11.100000000000001
24.5
5.1000000000000005
25.5
37.0
7.4
26.900000000000002
11.8
15.700000000000001
8.5
12.4
11.4
10.3
7.5
29.0
17.5
13.3
4.6000000000000005
14.600000000000001
6.2
4.9
6.9
24.700000000000003
47.6
13.3
13.600000000000001
7.1000000000000005
22.5
13.200000000000001
21.0
7.1000000000000005
21.0
9.1
12.0
43.1
22.5
4.800000000000001
41.1
19.5
54.300000000000004
11.100000000000001
26.0
11.0
9.200000000000001
12.700000000000001
18.3
14.3
6.7
14.700000000000001
5.6000000000000005
12.0
21.6
5.7
14.5
15.100000000000001
9.8
64.9
11.700000000000001
27.0
13.600000000000001
5.4
5.4
5.6000000000000005
11.5
8.200000000000001
8.1
52.7
5.300000000000001
5.0
7.6000000000000005
8.200000000000001
20.700000000000003
9.3
16.2
11.200000000000001
12.0
38.400000000000006
18.2
17.400000000000002
28.0
9.5
11.5
312.6
9.1
11.8
7.0
10.9
36.4
15.700000000000001
18.8
10.9
135.70000000000002
5.1000000000000005
6.4
24.200000000000003
13.200000000000001
13.0
14.8
11.0
10.600000000000001
7.800000000000001
22.200000000000003
9.8
7.4
8.8
7.300000000000001
4.800000000000001
8.0
10.9
38.900000000000006
38.5
13.8
8.200000000000001
16.3
20.3
9.4
16.5
20.900000000000002
44.2
27.700000000000003
21.900000000000002
61.0
8.5
13.0
10.200000000000001
10.3
20.700000000000003
7.300000000000001
6.2
26.700000000000003
6.1000000000000005
8.6
14.600000000000001
34.0
30.8
9.200000000000001
10.9
12.4
5.4
19.3
23.700000000000003
15.3
7.0
18.900000000000002
5.7
4.4
9.0
8.1
58.800000000000004
11.4
9.700000000000001
9.8
16.0
36.9
9.600000000000001
14.5
13.3
17.0
10.700000000000001
11.100000000000001
37.7
9.1
20.900000000000002
13.200000000000001
12.5
10.4
5.1000000000000005
36.300000000000004
8.5
16.6
12.0
12.100000000000001
15.4
12.4
7.9
27.8
6.9
34.300000000000004
10.700000000000001
36.5
6.9
20.8
15.600000000000001
7.4
11.100000000000001
11.3
14.5
7.0
6.300000000000001
9.8
8.6
13.9
17.6
13.0
25.700000000000003
13.3
11.5
70.7
7.1000000000000005
16.0
16.7
23.700000000000003
103.9
5.300000000000001
10.700000000000001
5.300000000000001
25.900000000000002
17.6
5.5
9.3
23.8
21.3
10.0
21.5
6.2
8.4
45.400000000000006
48.0
10.3
3.7
13.200000000000001
4.0
34.800000000000004
19.3
14.200000000000001
16.5
97.5
7.9
9.200000000000001
24.8
22.0
8.1
21.5
14.200000000000001
15.4
36.2
16.0
41.900000000000006
4.0
8.1
7.300000000000001
42.2
24.8
4.3
11.9
13.200000000000001
9.8
15.700000000000001
12.100000000000001
6.1000000000000005
47.7
9.5
11.0
5.800000000000001
32.1
20.700000000000003
12.0
7.7
9.8
9.600000000000001
20.200000000000003
6.9
14.5
13.100000000000001
9.600000000000001
9.9
63.6
12.100000000000001
5.300000000000001
4.7
9.3
6.6000000000000005
10.4
107.9
14.3
23.900000000000002
12.4
11.3
13.9
14.0
9.4
9.0
5.9
14.3
22.1
7.9
53.7
42.300000000000004
17.1
8.3
18.7
17.8
29.400000000000002
14.3
34.0
19.8
13.8
6.5
16.0
4.7
6.6000000000000005
12.200000000000001
8.1
9.4
10.700000000000001
24.900000000000002
31.5
22.200000000000003
10.9
6.4
8.9
36.4
39.900000000000006
7.9
21.1
23.0
10.9
11.5
7.5
4.7
5.6000000000000005
9.9
6.300000000000001
8.1
30.900000000000002
9.8
10.700000000000001
11.9
28.5
11.200000000000001
7.1000000000000005
14.5
17.400000000000002
15.9
8.3
6.9
11.600000000000001
23.6
26.0
5.5
9.5
6.800000000000001
162.0
7.9
199.3
21.6
17.0
5.6000000000000005
14.200000000000001
13.8
31.900000000000002
24.900000000000002
15.0
6.2
12.200000000000001
6.7
31.8
7.4
7.300000000000001
10.200000000000001
4.4
5.9
11.9
35.1
37.5
8.3
38.1
9.0
11.600000000000001
10.8
4.7
13.0
16.3
6.1000000000000005
9.0
9.700000000000001
5.9
8.5
5.800000000000001
6.300000000000001
11.8
11.100000000000001
7.300000000000001
10.4
18.900000000000002
14.8
16.5
5.300000000000001
7.800000000000001
14.4
11.5
33.6
7.1000000000000005
22.8
13.600000000000001
17.0
12.200000000000001
18.3
27.3
9.1
12.200000000000001
6.9
11.700000000000001
6.800000000000001
10.3
11.0
320.1
5.800000000000001
23.900000000000002
7.2
12.200000000000001
10.4
9.1
23.5
6.0
6.2
8.0
11.3
12.700000000000001
19.3
17.900000000000002
4.1000000000000005
8.8
14.3
15.0
209.10000000000002
11.4
9.700000000000001
12.4
11.600000000000001
9.0
29.400000000000002
5.300000000000001
21.8
9.0
7.800000000000001
16.1
7.2
10.0
17.900000000000002
11.100000000000001
8.3
12.0
6.5
17.1
6.1000000000000005
8.5
20.8
10.4
63.2
6.7
5.0
9.5
8.700000000000001
16.400000000000002
6.7
13.8
8.9
10.8
34.2
9.4
10.5
10.5
18.7
18.8
8.3
6.6000000000000005
14.0
16.8
9.200000000000001
4.9
12.200000000000001
15.9
10.100000000000001
5.4
44.300000000000004
30.900000000000002
44.6
13.100000000000001
7.5
3.9000000000000004
25.0
83.60000000000001
10.0
51.300000000000004
12.9
7.0
26.8
17.7
5.2
16.5
9.9
16.6
7.4
8.3
7.0
19.700000000000003
82.7
6.9
20.700000000000003
9.0
21.0
20.1
8.4
19.3
28.0
7.6000000000000005
6.6000000000000005
20.3
7.800000000000001
10.4
10.100000000000001
6.2
17.3
10.3
47.900000000000006
21.5
7.300000000000001
12.100000000000001
11.3
5.7
6.5
9.200000000000001
10.5
6.2
25.900000000000002
4.9
23.5
13.4
12.600000000000001
13.3
11.3
8.4
114.2
5.7
5.7
4.4
17.2
14.600000000000001
6.6000000000000005
23.8
14.100000000000001
15.100000000000001
10.700000000000001
40.1
26.0
4.4
11.700000000000001
12.200000000000001
13.100000000000001
6.5
10.8
8.5
15.600000000000001
13.3
21.8
13.9
16.900000000000002
9.3
12.700000000000001
15.9
12.100000000000001
10.200000000000001
27.0
20.1
45.800000000000004
13.8
8.0
15.0
9.5
10.600000000000001
6.4
11.8
7.800000000000001
28.3
6.2
10.4
8.1
11.200000000000001
8.700000000000001
30.900000000000002
7.5
82.5
18.3
11.8
15.3
11.4
3.9000000000000004
17.7
5.800000000000001
6.5
6.9
14.4
5.9
10.5
6.6000000000000005
18.2
16.3
34.4
28.3
8.4
10.0
8.700000000000001
5.7
7.5
10.600000000000001
6.4
13.0
10.200000000000001
16.5
47.1
18.6
19.400000000000002
29.8
57.800000000000004
10.600000000000001
20.3
15.200000000000001
6.9
5.2
8.200000000000001
16.3
6.5
6.2
16.0
9.0
26.1
10.0
12.9
10.600000000000001
18.900000000000002
7.5
13.0
27.6
255.20000000000002
7.5
13.5
46.2
15.5
17.6
14.3
13.200000000000001
29.900000000000002
7.300000000000001
11.200000000000001
14.4
9.8
13.5
7.1000000000000005
6.4
15.8
64.2
28.200000000000003
8.4
6.2
26.8
10.8
9.3
9.3
18.900000000000002
14.200000000000001
41.6
19.3
7.4
23.700000000000003
12.4
7.7
5.5
13.0
15.8
31.1
7.5
5.9
4.5
17.7
8.6
13.700000000000001
17.900000000000002
5.5
7.5
15.9
9.5
28.400000000000002
5.800000000000001
7.6000000000000005
137.0
9.600000000000001
10.100000000000001
14.3
17.0
11.5
8.1
4.9
5.4
6.1000000000000005
5.9
17.3
7.300000000000001
8.0
14.100000000000001
24.0
6.7
10.8
20.8
14.600000000000001
8.3
16.400000000000002
10.4
14.700000000000001
14.0
20.900000000000002
12.600000000000001
5.0
13.0
12.9
9.1
7.2
12.200000000000001
12.8
12.700000000000001
8.1
9.1
13.200000000000001
6.5
20.6
13.700000000000001
15.700000000000001
55.900000000000006
10.9
10.9
10.0
21.400000000000002
8.4
20.0
8.4
41.5
28.3
11.600000000000001
89.2
21.8
13.9
9.200000000000001
13.5
8.200000000000001
25.8
11.100000000000001
31.6
11.600000000000001
71.5
22.900000000000002
5.0
9.3
24.900000000000002
6.5
12.100000000000001
10.600000000000001
18.3
6.9
4.3
177.3
7.2
5.4
39.800000000000004
40.1
14.700000000000001
12.3
14.9
6.9
5.9
6.800000000000001
10.4
7.300000000000001
15.0
19.900000000000002
18.8
9.700000000000001
21.400000000000002
10.5
7.7
8.0
23.400000000000002
19.8
9.4
14.8
11.5
6.1000000000000005
6.7
14.600000000000001
5.300000000000001
15.4
12.4
152.1
8.200000000000001
11.8
14.4
8.4
11.200000000000001
9.9
17.8
7.800000000000001
49.6
6.5
5.4
7.2
10.8
13.100000000000001
16.3
6.2
18.8
8.8
7.0
5.5
7.1000000000000005
5.5
14.600000000000001
11.200000000000001
55.6
17.7
11.4
21.5
42.800000000000004
26.200000000000003
12.4
46.5
4.800000000000001
33.300000000000004
16.2
15.200000000000001
20.400000000000002
7.1000000000000005
16.3
4.9
7.0
13.3
25.700000000000003
12.200000000000001
82.9
5.2
6.6000000000000005
13.0
5.6000000000000005
15.8
9.4
16.8
17.3
10.3
5.2
11.0
23.400000000000002
29.400000000000002
13.700000000000001
12.9
9.700000000000001
6.6000000000000005
23.700000000000003
10.3
8.9
20.5
11.200000000000001
21.3
13.5
16.900000000000002
7.800000000000001
105.4
11.100000000000001
4.5
11.0
6.5
7.1000000000000005
18.400000000000002
6.5
18.400000000000002
8.700000000000001
20.200000000000003
19.8
7.0
16.3
5.800000000000001
11.100000000000001
19.0
9.0
12.700000000000001
13.0
10.3
42.5
14.200000000000001
14.200000000000001
14.9
7.300000000000001
14.100000000000001
13.8
9.3
13.700000000000001
42.900000000000006
81.60000000000001
10.600000000000001
19.700000000000003
4.6000000000000005
27.8
6.9
17.8
14.4
7.5
6.7
12.9
11.5
17.6
18.3
21.900000000000002
6.800000000000001
18.0
11.4
34.5
15.3
4.7
15.0
114.2
20.0
15.0
8.8
6.5
21.700000000000003
75.8
20.1
95.7
13.600000000000001
9.3
49.7
13.8
11.600000000000001
94.7
8.8
43.7
15.4
8.5
16.400000000000002
23.900000000000002
144.20000000000002
8.1
55.900000000000006
11.5
9.8
5.4
21.700000000000003
21.700000000000003
6.9
13.3
10.5
12.600000000000001
23.6
18.6
13.3
24.5
11.0
9.1
7.2
16.7
8.700000000000001
10.700000000000001
22.1
33.300000000000004
7.800000000000001
8.200000000000001
6.4
9.5
16.3
9.9
7.1000000000000005
8.700000000000001
16.3
21.0
28.6
6.9
10.600000000000001
6.6000000000000005
3.1
19.400000000000002
25.3
8.0
53.6
11.4
21.6
25.8
76.4
22.400000000000002
38.400000000000006
14.3
70.3
20.0
28.6
30.1
4.9
8.9
45.300000000000004
29.5
25.0
22.700000000000003
5.9
32.2
8.9
6.1000000000000005
8.3
19.700000000000003
8.8
16.0
14.9
8.3
5.300000000000001
4.7
15.700000000000001
24.200000000000003
33.2
9.700000000000001
10.8
100.9
6.5
53.6
39.5
16.0
9.700000000000001
12.5
14.8
32.6
12.8
8.3
5.6000000000000005
12.3
14.3
5.5
7.4
11.100000000000001
19.900000000000002
9.5
5.9
8.6
3.2
14.8
6.6000000000000005
15.8
13.4
9.0
8.3
9.9
9.1
6.6000000000000005
27.8
7.7
48.300000000000004
12.9
18.900000000000002
9.0
74.7
10.700000000000001
6.0
18.8
110.30000000000001
8.200000000000001
21.200000000000003
9.600000000000001
6.7
25.5
21.200000000000003
12.0
5.5
6.0
8.700000000000001
19.5
11.9
10.200000000000001
45.900000000000006
4.5
10.200000000000001
12.100000000000001
14.8
6.4
24.5
15.600000000000001
10.700000000000001
11.3
4.2
50.400000000000006
15.3
38.2
15.700000000000001
18.1
7.5
14.4
28.900000000000002
5.2
28.8
39.7
10.3
12.8
28.1
19.5
18.5
9.9
20.900000000000002
8.0
8.3
25.900000000000002
8.5
5.5
8.0
16.0
11.100000000000001
7.800000000000001
15.100000000000001
6.9
8.700000000000001
8.700000000000001
9.600000000000001
21.200000000000003
10.9
6.4
8.700000000000001
6.800000000000001
5.1000000000000005
14.600000000000001
17.2
26.400000000000002
11.5
7.5
11.4
6.800000000000001
63.300000000000004
8.200000000000001
86.0
18.900000000000002
6.800000000000001
24.900000000000002
27.1
11.9
32.0
16.8
6.4
5.9
18.8
21.3
12.3
7.0
5.7
110.5
10.3
7.6000000000000005
14.600000000000001
12.8
10.200000000000001
18.3
8.0
9.3
18.0
34.0
6.6000000000000005
17.400000000000002
11.5
9.200000000000001
10.700000000000001
6.0
9.1
5.7
5.9
16.8
8.0
10.0
11.100000000000001
6.9
4.2
11.3
11.4
8.0
5.5
7.300000000000001
81.9
19.200000000000003
7.6000000000000005
9.1
5.300000000000001
23.1
8.700000000000001
8.3
12.600000000000001
36.9
44.5
28.5
12.100000000000001
24.200000000000003
33.2
7.7
10.4
3.8000000000000003
24.5
182.4
6.7
8.3
8.700000000000001
10.5
19.8
18.0
5.9
6.800000000000001
10.600000000000001
13.3
19.900000000000002
16.400000000000002
10.700000000000001
10.3
32.1
9.4
29.5
34.9
22.1
14.5
7.6000000000000005
23.0
8.8
12.0
12.8
10.600000000000001
17.900000000000002
26.5
70.8
13.8
25.3
18.3
12.5
26.1
7.4
7.300000000000001
9.9
13.200000000000001
14.200000000000001
8.8
11.8
13.8
59.2
12.0
21.200000000000003
11.3
8.5
12.3
11.200000000000001
57.300000000000004
24.6
35.800000000000004
8.700000000000001
11.600000000000001
15.200000000000001
13.5
21.900000000000002
22.6
18.3
9.1
7.4
67.3
20.1
17.6
11.600000000000001
20.400000000000002
6.1000000000000005
8.9
6.300000000000001
13.200000000000001
4.4
7.2
57.7
52.0
9.3
286.2
9.3
18.7
12.0
9.4
39.300000000000004
29.8
4.800000000000001
26.5
19.6
4.4
13.100000000000001
27.1
7.4
8.700000000000001
7.1000000000000005
6.0
19.6
5.1000000000000005
8.700000000000001
38.7
5.9
7.5
8.3
14.3
5.9
7.9
12.200000000000001
9.8
11.200000000000001
9.9
24.400000000000002
18.8
9.9
21.3
19.3
6.0
25.3
25.900000000000002
5.9
5.1000000000000005
21.3
11.9
107.5
11.200000000000001
13.200000000000001
18.6
24.8
11.600000000000001
8.700000000000001
4.7
39.5
46.0
87.4
83.2
10.600000000000001
7.5
19.6
37.300000000000004
5.6000000000000005
6.0
227.8
20.400000000000002
8.5
5.2
26.1
8.3
8.700000000000001
12.3
8.8
9.0
141.0
7.5
5.300000000000001
10.700000000000001
6.800000000000001
6.300000000000001
64.2
9.9
17.400000000000002
5.9
4.6000000000000005
7.9
10.600000000000001
13.8
11.700000000000001
72.10000000000001
22.900000000000002
12.0
12.4
15.200000000000001
11.0
11.100000000000001
20.0
12.200000000000001
16.6
7.7
16.2
36.7
15.100000000000001
6.2
18.0
6.4
8.1
20.400000000000002
13.600000000000001
7.6000000000000005
12.600000000000001
6.9
68.7
21.5
11.9
4.3
18.0
7.300000000000001
5.0
13.200000000000001
4.9
14.9
111.80000000000001
4.9
10.9
7.0
4.800000000000001
20.0
12.600000000000001
12.200000000000001
9.700000000000001
16.0
13.0
11.8
44.900000000000006
18.5
11.9
7.9
14.100000000000001
90.7
15.700000000000001
4.3
8.1
13.4
18.7
35.300000000000004
13.4
24.5
20.400000000000002
31.8
6.2
9.0
13.600000000000001
21.8
21.3
8.4
22.0
53.300000000000004
5.1000000000000005
5.0
20.5
160.20000000000002
4.5
21.900000000000002
10.200000000000001
7.2
21.8
7.300000000000001
37.4
13.8
10.0
128.5
4.800000000000001
5.5
25.400000000000002
14.8
30.0
9.700000000000001
5.5
8.0
10.8
13.600000000000001
19.6
9.4
7.4
25.700000000000003
8.700000000000001
10.3
110.9
4.5
9.3
10.3
6.7
5.800000000000001
8.8
19.200000000000003
4.6000000000000005
6.300000000000001
41.900000000000006
23.5
27.400000000000002
4.7
5.5
40.2
18.0
41.7
19.700000000000003
6.2
12.0
64.60000000000001
16.6
8.6
14.100000000000001
11.0
5.4
5.300000000000001
17.1
7.6000000000000005
6.1000000000000005
8.0
40.7
4.5
22.3
9.9
20.6
7.6000000000000005
9.4
6.6000000000000005
6.6000000000000005
12.600000000000001
8.4
16.7
16.900000000000002
17.8
5.6000000000000005
6.800000000000001
27.3
5.1000000000000005
8.700000000000001
5.9
27.700000000000003
8.8
4.7
7.5
10.4
25.1
9.1
16.1
62.900000000000006
8.700000000000001
7.1000000000000005
8.8
12.100000000000001
12.200000000000001
10.0
19.1
10.4
45.800000000000004
63.800000000000004
10.8
7.300000000000001
7.9
40.1
13.9
10.0
10.8
22.3
5.4
17.5
14.9
34.6
3.6
14.200000000000001
10.600000000000001
15.5
7.4
12.4
17.900000000000002
67.10000000000001
20.0
17.900000000000002
8.0
6.800000000000001
26.6
10.200000000000001
8.5
9.0
14.9
30.5
22.900000000000002
8.0
8.4
7.7
12.600000000000001
8.3
7.300000000000001
10.100000000000001
11.5
6.6000000000000005
46.7
16.1
6.800000000000001
23.200000000000003
17.7
12.3
11.0
8.3
8.700000000000001
15.8
7.800000000000001
17.6
27.400000000000002
25.200000000000003
8.8
10.4
78.4
22.3
20.400000000000002
9.1
5.800000000000001
7.9
46.800000000000004
12.700000000000001
33.2
19.5
6.7
86.30000000000001
14.3
11.3
32.9
20.700000000000003
9.200000000000001
10.4
6.4
163.20000000000002
5.0
5.6000000000000005
8.9
8.8
7.1000000000000005
10.0
25.200000000000003
13.4
26.3
5.9
10.0
10.100000000000001
13.3
7.4
17.7
10.200000000000001
22.200000000000003
8.5
16.2
4.9
7.800000000000001
6.1000000000000005
39.5
4.4
14.5
9.0
27.700000000000003
20.8
13.5
4.800000000000001
9.0
6.6000000000000005
16.900000000000002
25.8
10.9
19.5
8.9
9.700000000000001
10.9
4.800000000000001
5.300000000000001
35.800000000000004
22.200000000000003
27.1
5.7
55.2
8.8
17.5
102.4
7.6000000000000005
15.5
9.8
8.200000000000001
43.2
64.5
7.4
7.800000000000001
6.2
18.0
9.600000000000001
14.0
8.200000000000001
12.3
11.0
7.0
14.9
6.6000000000000005
83.10000000000001
14.9
22.700000000000003
6.800000000000001
11.700000000000001
6.5
7.2
7.0
10.0
7.300000000000001
9.9
20.700000000000003
19.8
10.0
5.5
13.0
51.900000000000006
4.800000000000001
13.5
6.800000000000001
19.200000000000003
8.3
12.700000000000001
16.0
10.8
8.6
6.2
4.800000000000001
8.9
14.5
7.6000000000000005
11.600000000000001
11.0
19.200000000000003
12.3
4.5
4.800000000000001
8.6
23.400000000000002
33.7
13.0
14.3
17.0
4.3
8.200000000000001
51.300000000000004
12.0
10.5
29.0
28.8
8.700000000000001
15.200000000000001
11.100000000000001
10.9
10.200000000000001
21.5
14.0
12.100000000000001
7.800000000000001
14.600000000000001
8.700000000000001
74.7
32.300000000000004
4.2
27.400000000000002
29.1
4.5
10.3
6.300000000000001
31.3
105.30000000000001
7.1000000000000005
13.600000000000001
15.8
7.7
15.100000000000001
15.9
10.9
33.9
13.100000000000001
6.9
7.2
21.3
26.5
26.900000000000002
11.5
8.5
8.9
9.0
4.9
21.3
7.300000000000001
6.300000000000001
27.1
8.4
6.6000000000000005
54.1
5.5
43.2
5.800000000000001
25.3
5.6000000000000005
7.0
5.4
19.1
17.5
11.200000000000001
7.9
15.100000000000001
16.400000000000002
12.100000000000001
14.600000000000001
6.6000000000000005
4.800000000000001
49.2
17.5
11.9
28.5
28.700000000000003
34.4
11.200000000000001
27.5
21.400000000000002
6.7
13.700000000000001
13.200000000000001
21.0
17.400000000000002
36.800000000000004
7.5
13.0
10.3
8.200000000000001
9.700000000000001
7.9
46.0
10.3
12.200000000000001
11.4
12.0
12.4
10.100000000000001
12.600000000000001
5.7
4.4
8.1
11.9
10.9
21.3
15.200000000000001
6.6000000000000005
14.8
32.4
36.0
21.700000000000003
5.6000000000000005
10.8
7.9
13.9
7.9
61.2
40.900000000000006
9.200000000000001
20.200000000000003
6.300000000000001
10.700000000000001
7.2
24.700000000000003
7.9
14.9
6.300000000000001
13.8
22.0
8.200000000000001
19.1
12.4
27.900000000000002
5.0
86.0
31.200000000000003
15.9
13.200000000000001
20.1
15.600000000000001
14.100000000000001
20.400000000000002
10.8
4.9
5.7
10.100000000000001
10.700000000000001
5.5
12.600000000000001
19.5
18.1
9.700000000000001
17.7
12.700000000000001
16.400000000000002
6.0
5.9
21.1
7.2
21.900000000000002
81.2
8.4
29.900000000000002
13.9
9.700000000000001
7.300000000000001
5.4
13.700000000000001
11.9
4.6000000000000005
8.200000000000001
18.400000000000002
30.200000000000003
12.200000000000001
8.200000000000001
19.3
8.4
27.400000000000002
36.5
15.4
16.1
9.9
13.4
20.400000000000002
6.5
9.200000000000001
8.200000000000001
6.6000000000000005
6.6000000000000005
12.5
10.9
9.0
9.1
10.0
11.100000000000001
13.200000000000001
14.0
6.1000000000000005
6.300000000000001
4.800000000000001
8.4
16.0
6.300000000000001
10.600000000000001
8.700000000000001
11.600000000000001
26.0
10.0
14.200000000000001
9.5
10.8
6.2
16.7
27.5
14.200000000000001
208.10000000000002
14.5
6.7
12.8
9.3
11.600000000000001
57.300000000000004
11.4
10.5
11.3
31.5
13.5
25.1
5.9
6.0
12.4
24.5
5.5
21.200000000000003
5.9
14.600000000000001
13.9
38.400000000000006
8.4
18.8
13.8
30.0
10.0
7.4
8.200000000000001
9.3
8.6
23.200000000000003
7.9
10.0
5.7
13.9
25.700000000000003
191.3
17.6
22.900000000000002
4.6000000000000005
17.0
9.8
7.9
14.5
8.8
13.4
49.800000000000004
9.5
16.8
21.400000000000002
8.5
363.20000000000005
20.1
18.5
7.7
3.9000000000000004
14.5
4.7
8.0
16.900000000000002
9.200000000000001
10.0
8.700000000000001
27.0
55.0
87.5
53.1
28.900000000000002
16.8
20.900000000000002
8.200000000000001
6.4
9.700000000000001
7.1000000000000005
52.400000000000006
6.7
5.6000000000000005
21.900000000000002
5.7
15.8
23.3
38.0
16.400000000000002
18.5
9.200000000000001
23.3
37.0
18.8
9.4
11.700000000000001
24.900000000000002
8.0
14.600000000000001
6.6000000000000005
23.5
6.9
7.1000000000000005
44.1
14.8
8.4
11.200000000000001
6.5
218.8
10.100000000000001
27.400000000000002
10.0
9.700000000000001
12.8
22.1
39.1
16.400000000000002
11.200000000000001
8.4
19.8
7.6000000000000005
15.4
143.6
14.0
31.900000000000002
7.800000000000001
33.4
29.900000000000002
7.5
21.900000000000002
8.1
48.6
15.200000000000001
19.8
9.0
10.8
14.3
11.3
5.800000000000001
19.0
9.0
12.5
11.200000000000001
8.4
7.0
12.8
9.3
16.6
6.7
8.5
109.80000000000001
6.800000000000001
12.8
37.2
14.5
5.5
23.0
14.600000000000001
6.800000000000001
13.700000000000001
10.700000000000001
5.9
33.5
11.4
13.3
28.6
11.9
12.9
13.0
13.4
19.0
196.0
11.700000000000001
25.200000000000003
23.0
15.700000000000001
33.1
7.1000000000000005
7.6000000000000005
5.5
40.6
9.3
12.5
10.700000000000001
18.2
5.7
10.200000000000001
27.700000000000003
10.100000000000001
14.100000000000001
9.3
36.4
12.600000000000001
32.4
26.900000000000002
9.8
32.5
6.6000000000000005
5.7
14.4
11.8
13.0
8.6
6.1000000000000005
12.600000000000001
6.4
18.1
38.1
30.3
14.100000000000001
78.9
7.7
9.0
6.4
15.3
16.2
8.8
12.100000000000001
6.4
8.3
11.100000000000001
8.5
6.0
43.7
22.400000000000002
9.700000000000001
9.700000000000001
18.8
27.6
6.9
19.0
18.2
6.5
43.7
18.900000000000002
14.3
17.5
19.5
7.1000000000000005
93.80000000000001
4.5
9.0
7.4
8.3
22.400000000000002
7.7
19.400000000000002
28.6
15.8
16.3
12.8
9.4
7.2
6.9
6.800000000000001
27.3
5.2
4.2
6.6000000000000005
8.9
12.8
11.3
15.9
11.100000000000001
19.5
9.600000000000001
8.6
24.1
11.100000000000001
9.1
24.700000000000003
10.5
11.5
13.700000000000001
9.5
13.3
8.200000000000001
6.2
8.1
32.300000000000004
20.200000000000003
7.1000000000000005
9.4
20.8
74.8
12.600000000000001
8.1
19.400000000000002
110.4
13.700000000000001
8.700000000000001
9.4
6.6000000000000005
9.200000000000001
11.3
18.900000000000002
11.700000000000001
12.9
8.4
12.100000000000001
69.9
25.5
5.4
17.5
7.800000000000001
126.7
9.9
56.300000000000004
6.4
21.5
5.9
25.1
8.0
7.7
28.700000000000003
5.5
6.0
6.4
27.700000000000003
7.5
18.7
42.400000000000006
147.5
12.3
8.5
8.9
11.4
9.4
15.9
14.8
5.9
9.4
35.1
6.800000000000001
23.700000000000003
7.4
7.300000000000001
6.800000000000001
9.8
22.700000000000003
19.3
12.5
50.800000000000004
5.4
13.600000000000001
7.800000000000001
14.700000000000001
9.700000000000001
34.2
7.800000000000001
8.6
13.8
52.1
34.7
7.9
6.0
17.6
10.4
11.0
42.800000000000004
5.5
5.4
22.700000000000003
13.9
5.800000000000001
45.7
8.9
7.4
8.5
13.700000000000001
8.4
16.7
102.10000000000001
14.3
3.6
13.200000000000001
24.5
8.5
9.5
15.0
14.5
5.7
24.3
11.9
8.1
33.800000000000004
33.4
19.200000000000003
5.5
18.1
20.400000000000002
23.3
12.600000000000001
17.0
6.0
16.900000000000002
8.0
8.200000000000001
9.4
9.3
17.5
7.5
21.0
10.700000000000001
14.8
16.8
20.3
10.8
8.5
8.0
18.3
13.0
21.0
5.9
17.400000000000002
8.5
9.5
23.5
8.5
11.8
11.4
12.3
20.700000000000003
4.5
16.2
5.9
19.900000000000002
16.400000000000002
20.5
24.6
8.3
17.7
10.100000000000001
10.3
10.9
9.1
11.700000000000001
5.1000000000000005
3.8000000000000003
63.900000000000006
8.3
13.700000000000001
19.1
17.0
16.0
11.9
17.5
5.800000000000001
12.100000000000001
19.900000000000002
6.1000000000000005
17.7
12.100000000000001
12.600000000000001
8.6
5.800000000000001
12.3
10.200000000000001
4.5
9.5
11.9
5.0
5.6000000000000005
45.800000000000004
71.60000000000001
7.2
7.2
11.3
7.1000000000000005
8.8
6.300000000000001
5.6000000000000005
18.5
19.400000000000002
18.8
11.0
8.200000000000001
11.200000000000001
16.400000000000002
11.600000000000001
10.100000000000001
9.8
14.700000000000001
5.9
6.300000000000001
8.6
9.5
8.9
35.0
13.3
15.700000000000001
46.300000000000004
10.8
5.800000000000001
5.300000000000001
19.0
11.5
14.8
9.700000000000001
20.900000000000002
21.200000000000003
37.4
9.5
11.5
11.600000000000001
47.0
14.4
53.300000000000004
3.9000000000000004
10.100000000000001
10.4
27.6
6.7
5.2
8.200000000000001
26.1
8.700000000000001
20.200000000000003
41.7
23.200000000000003
7.4
7.7
11.600000000000001
9.9
28.0
8.200000000000001
10.0
11.100000000000001
20.5
7.1000000000000005
12.0
46.0
5.2
6.1000000000000005
45.400000000000006
68.10000000000001
34.4
53.800000000000004
16.900000000000002
9.1
15.100000000000001
10.600000000000001
8.0
13.9
7.1000000000000005
13.8
15.0
10.3
15.3
8.4
9.700000000000001
6.2
8.700000000000001
21.200000000000003
8.8
12.3
15.4
13.700000000000001
37.6
4.1000000000000005
45.300000000000004
6.300000000000001
14.5
54.0
11.200000000000001
5.5
14.5
11.700000000000001
10.200000000000001
19.0
11.5
5.9
9.4
7.0
16.7
9.1
36.4
137.4
6.4
6.0
10.9
5.5
36.2
17.2
9.700000000000001
10.600000000000001
5.2
13.8
5.9
13.700000000000001
50.6
4.2
17.2
6.6000000000000005
7.5
11.100000000000001
23.3
6.9
21.400000000000002
9.0
10.100000000000001
6.6000000000000005
29.6
14.700000000000001
30.1
58.400000000000006
30.8
7.5
5.1000000000000005
14.200000000000001
9.9
14.4
17.3
167.70000000000002
22.5
25.900000000000002
14.9
13.3
10.9
29.5
6.800000000000001
8.4
28.8
150.9
16.1
8.1
12.9
23.3
10.3
27.8
7.6000000000000005
6.4
10.8
9.0
10.4
89.7
14.0
14.600000000000001
11.5
13.0
181.0
14.100000000000001
17.7
7.2
256.2
28.700000000000003
49.900000000000006
19.0
20.0
8.8
5.7
8.5
130.6
19.5
8.200000000000001
11.700000000000001
11.5
9.600000000000001
33.6
10.4
47.300000000000004
28.6
14.0
23.0
7.2
7.7
12.100000000000001
13.9
6.6000000000000005
9.8
20.1
7.7
7.7
11.3
5.6000000000000005
12.600000000000001
15.5
6.6000000000000005
8.1
12.3
39.400000000000006
30.6
5.6000000000000005
8.9
31.3
8.9
12.600000000000001
8.1
4.800000000000001
4.6000000000000005
25.6
10.4
9.3
6.6000000000000005
7.800000000000001
8.0
5.9
5.800000000000001
5.7
7.800000000000001
12.4
16.0
15.100000000000001
10.100000000000001
38.2
9.0
12.100000000000001
31.200000000000003
37.4
20.200000000000003
5.2
9.8
10.4
14.200000000000001
11.0
5.2
6.800000000000001
4.1000000000000005
10.9
13.4
7.2
21.900000000000002
70.60000000000001
37.4
10.600000000000001
18.8
33.4
17.3
94.4
66.2
39.5
18.1
10.8
46.5
7.2
7.300000000000001
111.4
12.8
7.4
6.1000000000000005
9.5
18.7
11.3
17.7
25.1
6.1000000000000005
5.800000000000001
14.8
32.4
13.700000000000001
10.9
426.20000000000005
6.6000000000000005
11.4
7.2
16.3
6.9
13.600000000000001
16.8
14.8
14.700000000000001
13.3
19.6
17.400000000000002
4.800000000000001
36.300000000000004
23.8
48.2
152.5
9.5
4.9
7.5
22.1
6.6000000000000005
6.6000000000000005
9.9
18.6
19.900000000000002
20.400000000000002
13.700000000000001
15.5
6.4
11.0
8.6
16.2
17.8
5.800000000000001
9.200000000000001
17.6
5.7
27.5
15.9
9.9
6.1000000000000005
9.600000000000001
11.200000000000001
43.0
13.9
20.900000000000002
20.6
9.1
23.400000000000002
39.800000000000004
18.2
21.6
12.9
8.9
78.4
13.4
8.0
8.200000000000001
48.5
15.4
49.0
9.1
21.700000000000003
26.6
8.6
24.5
71.3
14.600000000000001
8.0
13.0
5.2
30.1
5.7
11.9
6.1000000000000005
30.400000000000002
7.2
9.8
10.100000000000001
64.8
20.900000000000002
5.800000000000001
23.6
12.4
34.1
7.4
11.600000000000001
13.3
7.2
12.200000000000001
6.1000000000000005
36.5
7.0
56.6
19.1
35.2
27.3
9.3
6.800000000000001
65.3
18.7
13.4
13.9
28.6
6.6000000000000005
10.8
9.600000000000001
4.3
14.700000000000001
6.9
8.4
6.800000000000001
13.8
9.4
6.1000000000000005
23.400000000000002
11.100000000000001
18.6
43.5
8.4
4.800000000000001
19.1
9.600000000000001
8.200000000000001
26.8
66.10000000000001
58.6
7.7
10.700000000000001
18.6
6.5
15.700000000000001
24.200000000000003
9.4
20.0
15.3
9.0
10.700000000000001
8.4
8.3
13.0
14.4
6.0
13.5
9.5
6.9
9.1
13.600000000000001
6.2
22.0
3.7
15.200000000000001
11.100000000000001
7.7
10.0
5.6000000000000005
17.0
23.400000000000002
6.800000000000001
16.2
95.10000000000001
36.0
14.100000000000001
8.8
7.9
24.200000000000003
7.300000000000001
10.600000000000001
6.6000000000000005
8.8
7.0
23.0
12.9
20.400000000000002
7.0
60.400000000000006
16.1
16.1
23.5
7.0
8.4
6.6000000000000005
15.600000000000001
9.200000000000001
9.4
16.5
8.0
16.1
12.200000000000001
10.5
14.0
34.0
33.7
5.9
64.9
13.5
27.700000000000003
13.8
20.6
9.1
7.6000000000000005
15.0
8.200000000000001
17.7
12.3
25.0
9.5
9.0
6.2
21.200000000000003
23.200000000000003
28.8
13.9
48.300000000000004
15.100000000000001
33.9
17.7
22.900000000000002
15.200000000000001
11.600000000000001
22.0
11.3
9.1
11.8
12.0
5.9
79.2
9.9
19.900000000000002
19.200000000000003
14.3
5.2
6.6000000000000005
11.700000000000001
10.0
60.6
16.0
7.2
5.800000000000001
6.5
53.400000000000006
7.6000000000000005
19.200000000000003
9.0
12.3
46.1
6.7
9.0
27.3
11.0
19.400000000000002
18.1
18.0
4.3
7.2
12.5
9.3
43.900000000000006
16.1
6.800000000000001
11.9
12.100000000000001
6.4
8.200000000000001
15.200000000000001
55.6
7.2
56.1
9.200000000000001
21.5
16.6
36.2
16.1
3.8000000000000003
7.5
5.9
6.5
5.5
13.3
12.600000000000001
21.900000000000002
14.4
5.5
5.9
19.1
43.5
4.7
11.600000000000001
7.300000000000001
10.200000000000001
4.2
16.900000000000002
18.1
21.200000000000003
10.0
11.700000000000001
10.600000000000001
6.300000000000001
6.1000000000000005
28.200000000000003
37.6
14.8
6.1000000000000005
20.1
4.7
12.700000000000001
8.6
8.200000000000001
15.0
7.6000000000000005
12.700000000000001
17.5
31.700000000000003
25.5
11.3
12.9
17.2
9.700000000000001
3.8000000000000003
16.8
15.100000000000001
10.9
25.0
7.9
16.1
12.8
7.2
5.0
5.300000000000001
5.1000000000000005
16.5
22.900000000000002
4.7
7.6000000000000005
7.6000000000000005
16.2
33.5
19.200000000000003
9.600000000000001
20.0
94.4
4.9
18.8
7.300000000000001
26.700000000000003
24.200000000000003
17.400000000000002
16.0
89.30000000000001
11.3
12.4
19.0
12.100000000000001
24.0
7.6000000000000005
18.6
7.300000000000001
10.700000000000001
16.7
45.300000000000004
11.8
26.700000000000003
40.6
55.2
19.1
11.8
6.800000000000001
16.900000000000002
8.700000000000001
53.900000000000006
12.100000000000001
5.6000000000000005
5.7
5.2
23.0
29.8
5.9
12.9
95.0
7.9
14.3
7.9
18.400000000000002
7.0
80.2
6.0
13.9
8.200000000000001
31.1
8.700000000000001
23.5
15.700000000000001
19.400000000000002
18.8
32.4
279.90000000000003
11.4
49.2
12.5
9.8
20.200000000000003
8.9
11.600000000000001
28.200000000000003
11.200000000000001
5.300000000000001
30.900000000000002
10.200000000000001
41.400000000000006
12.200000000000001
5.0
22.5
5.7
10.3
9.700000000000001
25.900000000000002
12.5
21.3
15.100000000000001
7.0
60.400000000000006
18.3
7.2
15.100000000000001
10.700000000000001
9.9
10.4
37.800000000000004
19.8
59.6
24.700000000000003
11.700000000000001
5.2
17.6
47.7
14.9
19.700000000000003
5.6000000000000005
9.4
19.0
20.700000000000003
29.0
15.0
17.5
15.600000000000001
19.700000000000003
26.5
31.900000000000002
85.0
16.8
13.9
11.100000000000001
8.200000000000001
7.2
10.4
28.200000000000003
7.800000000000001
44.6
5.0
7.800000000000001
50.1
40.2
9.1
11.200000000000001
8.8
29.0
25.0
49.300000000000004
23.3
23.400000000000002
7.5
13.5
21.8
5.800000000000001
5.2
8.3
21.400000000000002
7.9
23.3
16.400000000000002
18.400000000000002
8.4
6.0
28.700000000000003
5.300000000000001
44.1
10.100000000000001
42.400000000000006
7.2
8.5
6.4
6.0
14.9
6.7
7.800000000000001
5.800000000000001
22.200000000000003
9.0
6.0
8.5
18.7
6.0
10.700000000000001
4.9
4.9
10.9
30.5
9.4
11.5
27.1
6.800000000000001
11.4
6.7
13.100000000000001
11.200000000000001
11.9
28.0
5.4
4.6000000000000005
12.3
21.6
9.5
9.600000000000001
4.6000000000000005
8.700000000000001
19.700000000000003
5.800000000000001
22.8
8.1
23.0
48.2
15.9
162.5
7.9
51.5
14.4
4.5
7.4
5.4
7.0
45.0
5.300000000000001
12.200000000000001
19.6
11.100000000000001
12.100000000000001
6.800000000000001
11.200000000000001
22.5
18.0
40.900000000000006
41.900000000000006
8.3
6.1000000000000005
14.4
16.6
22.1
19.3
9.8
6.300000000000001
9.600000000000001
36.800000000000004
9.1
11.200000000000001
10.700000000000001
16.5
9.1
33.0
5.9
43.2
6.4
10.4
7.300000000000001
44.0
22.700000000000003
9.700000000000001
8.0
40.6
10.3
13.600000000000001
6.4
9.0
25.900000000000002
9.700000000000001
7.9
8.6
28.200000000000003
8.700000000000001
15.200000000000001
17.5
7.300000000000001
4.0
14.8
18.400000000000002
16.8
5.5
25.700000000000003
4.7
4.9
13.3
8.4
231.70000000000002
11.0
8.9
5.5
33.300000000000004
8.6
7.7
14.100000000000001
10.100000000000001
30.3
9.5
79.10000000000001
15.3
5.300000000000001
6.6000000000000005
9.0
7.9
9.1
53.5
10.3
13.5
10.700000000000001
17.2
6.4
56.7
6.7
19.3
21.1
13.0
10.4
18.1
9.600000000000001
11.600000000000001
10.3
10.700000000000001
78.2
9.200000000000001
4.4
8.3
16.400000000000002
19.1
10.3
25.0
7.2
6.9
8.6
9.700000000000001
14.700000000000001
8.700000000000001
12.4
7.5
30.3
14.700000000000001
30.6
34.800000000000004
5.300000000000001
31.1
5.2
27.5
92.80000000000001
15.8
8.4
9.9
10.5
22.3
7.7
31.8
29.3
25.5
6.4
14.700000000000001
7.800000000000001
7.2
4.0
17.8
8.9
20.1
17.900000000000002
91.10000000000001
9.0
19.0
3.6
17.6
25.700000000000003
25.700000000000003
24.3
5.300000000000001
8.3
13.3
14.3
17.2
14.700000000000001
22.400000000000002
80.2
25.3
7.0
16.0
7.300000000000001
9.600000000000001
27.400000000000002
13.5
13.700000000000001
19.6
22.700000000000003
5.1000000000000005
45.900000000000006
36.0
12.0
9.3
13.3
6.7
15.200000000000001
17.1
16.900000000000002
23.700000000000003
34.0
12.0
16.6
14.600000000000001
9.3
14.9
5.0
14.4
11.4
7.0
24.400000000000002
31.400000000000002
20.700000000000003
11.9
83.0
8.3
8.200000000000001
10.0
7.9
11.200000000000001
13.0
26.400000000000002
30.0
10.8
39.2
4.4
35.5
19.900000000000002
19.5
9.8
60.800000000000004
40.400000000000006
16.6
12.9
9.5
10.600000000000001
10.600000000000001
40.2
11.200000000000001
28.1
5.1000000000000005
6.9
8.8
27.400000000000002
24.400000000000002
9.200000000000001
8.0
35.9
6.6000000000000005
4.9
23.900000000000002
11.8
12.700000000000001
10.200000000000001
26.3
94.0
6.1000000000000005
224.5
20.0
37.5
12.0
25.3
14.600000000000001
85.30000000000001
54.400000000000006
18.2
12.600000000000001
12.100000000000001
5.2
10.4
22.6
8.5
12.100000000000001
13.0
5.5
16.8
5.1000000000000005
9.0
5.6000000000000005
11.9
15.9
15.600000000000001
14.4
13.0
8.700000000000001
29.0
7.1000000000000005
7.2
8.8
8.0
14.200000000000001
24.400000000000002
4.2
31.400000000000002
19.6
7.2
12.700000000000001
24.6
10.700000000000001
47.2
9.0
8.1
27.0
19.200000000000003
23.0
11.5
12.5
10.3
24.8
5.4
12.0
8.200000000000001
6.6000000000000005
310.40000000000003
39.400000000000006
16.7
8.9
9.600000000000001
8.9
15.100000000000001
21.400000000000002
7.6000000000000005
38.5
35.5
58.7
5.0
9.1
59.7
11.700000000000001
14.200000000000001
18.7
48.400000000000006
9.9
12.200000000000001
19.8
27.700000000000003
7.6000000000000005
23.700000000000003
8.6
16.8
5.2
38.2
8.1
46.6
107.80000000000001
5.800000000000001
5.9
19.1
20.700000000000003
27.200000000000003
19.200000000000003
27.3
8.5
8.9
7.800000000000001
21.700000000000003
28.700000000000003
9.3
116.60000000000001
7.7
94.10000000000001
16.7
21.900000000000002
8.3
8.9
7.9
13.100000000000001
15.5
9.3
32.2
7.300000000000001
12.600000000000001
28.400000000000002
13.0
24.8
8.5
88.60000000000001
6.5
13.9
82.0
13.0
8.1
11.8
16.1
37.0
10.4
4.0
5.0
9.5
7.7
8.0
11.3
8.700000000000001
30.3
7.4
10.9
10.0
20.1
9.1
18.0
7.7
7.9
7.2
18.400000000000002
6.6000000000000005
10.4
14.3
13.100000000000001
9.3
36.6
8.700000000000001
12.200000000000001
5.4
37.4
149.3
20.0
5.2
16.400000000000002
9.0
16.1
7.4
68.3
112.60000000000001
4.2
9.4
35.5
4.7
20.8
30.5
4.6000000000000005
6.9
4.9
284.6
10.4
17.400000000000002
8.9
5.9
14.4
10.9
20.200000000000003
14.200000000000001
18.400000000000002
9.8
4.7
5.800000000000001
18.900000000000002
9.3
21.5
42.1
15.0
7.4
12.700000000000001
11.8
36.7
9.9
9.600000000000001
7.4
7.4
8.1
40.400000000000006
13.600000000000001
24.0
50.5
8.3
13.8
9.4
21.8
25.700000000000003
5.0
10.200000000000001
15.600000000000001
4.1000000000000005
10.5
15.200000000000001
12.8
11.9
16.6
7.5
4.2
5.300000000000001
8.4
11.100000000000001
10.200000000000001
11.9
6.7
19.8
29.0
23.700000000000003
5.5
6.800000000000001
9.600000000000001
13.5
5.5
6.0
9.9
29.400000000000002
5.300000000000001
24.1
24.5
4.5
10.100000000000001
28.5
16.7
8.5
8.4
10.200000000000001
12.600000000000001
12.4
8.5
24.0
10.700000000000001
13.3
7.2
6.6000000000000005
44.1
6.0
4.5
8.5
10.0
3.7
14.4
11.3
8.5
11.3
14.4
9.5
21.0
11.100000000000001
6.9
8.5
7.2
15.8
4.5
6.4
17.0
15.9
13.0
14.600000000000001
4.2
14.8
18.3
23.1
7.4
16.7
5.4
10.5
12.4
34.4
14.700000000000001
12.700000000000001
14.8
5.5
9.9
9.600000000000001
9.1
25.200000000000003
9.200000000000001
10.600000000000001
17.2
23.200000000000003
8.6
15.3
11.200000000000001
42.5
16.8
21.200000000000003
20.3
27.0
78.10000000000001
46.5
15.700000000000001
90.7
11.8
18.6
6.9
16.2
14.0
5.9
6.800000000000001
18.3
22.3
9.600000000000001
22.900000000000002
27.0
26.8
7.9
8.700000000000001
16.400000000000002
21.0
6.9
6.800000000000001
9.3
39.400000000000006
10.9
15.3
12.200000000000001
13.100000000000001
13.200000000000001
6.2
11.100000000000001
7.6000000000000005
30.0
21.0
8.8
6.800000000000001
6.300000000000001
11.0
28.8
7.4
14.4
33.5
8.4
8.5
43.800000000000004
6.300000000000001
36.6
14.200000000000001
8.8
12.3
17.7
9.700000000000001
9.700000000000001
17.6
17.400000000000002
8.700000000000001
16.3
7.6000000000000005
56.800000000000004
31.8
40.6
21.3
5.9
9.0
10.9
13.600000000000001
54.2
6.6000000000000005
13.600000000000001
99.10000000000001
22.900000000000002
18.8
7.5
10.3
8.1
11.100000000000001
6.5
13.9
32.0
8.4
20.1
8.8
6.0
110.0
8.6
15.0
20.1
7.300000000000001
9.0
7.300000000000001
4.7
17.400000000000002
4.800000000000001
12.4
6.4
11.100000000000001
8.8
17.1
23.900000000000002
13.0
7.300000000000001
27.400000000000002
7.800000000000001
7.6000000000000005
9.9
16.5
7.0
12.200000000000001
13.5
35.0
19.6
12.5
9.3
7.4
5.1000000000000005
11.100000000000001
10.100000000000001
7.4
6.1000000000000005
12.700000000000001
10.700000000000001
9.8
28.700000000000003
5.6000000000000005
30.400000000000002
32.300000000000004
7.4
19.700000000000003
10.0
22.400000000000002
7.7
10.100000000000001
5.4
9.700000000000001
8.6
82.60000000000001
11.200000000000001
4.9
137.70000000000002
7.6000000000000005
13.100000000000001
10.4
18.6
8.200000000000001
6.7
25.5
42.400000000000006
55.800000000000004
18.3
14.4
37.300000000000004
8.4
17.900000000000002
120.80000000000001
7.0
12.3
12.4
20.900000000000002
38.6
4.6000000000000005
13.4
8.700000000000001
9.1
6.7
17.7
11.4
11.200000000000001
10.600000000000001
10.8
5.2
52.300000000000004
13.9
12.4
11.5
7.1000000000000005
28.700000000000003
5.5
8.200000000000001
13.700000000000001
12.600000000000001
9.1
14.8
11.5
55.400000000000006
8.700000000000001
12.200000000000001
13.3
55.300000000000004
21.200000000000003
11.0
12.0
13.8
4.7
12.9
11.3
9.3
8.0
9.700000000000001
7.0
19.3
183.8
10.700000000000001
10.3
10.9
40.300000000000004
53.1
7.9
7.7
11.200000000000001
20.900000000000002
12.0
4.800000000000001
7.800000000000001
18.2
10.4
25.400000000000002
15.200000000000001
110.80000000000001
12.5
8.1
12.700000000000001
7.800000000000001
20.3
16.5
5.1000000000000005
7.800000000000001
6.4
14.200000000000001
8.4
32.5
7.1000000000000005
35.5
5.0
5.2
10.5
7.2
28.3
6.7
8.3
22.400000000000002
5.2
7.6000000000000005
29.8
12.700000000000001
12.100000000000001
11.8
5.4
7.6000000000000005
9.9
7.6000000000000005
10.600000000000001
9.200000000000001
18.3
4.3
5.9
7.9
5.4
28.3
5.1000000000000005
54.300000000000004
20.900000000000002
10.3
12.700000000000001
21.200000000000003
8.9
27.0
3.8000000000000003
18.0
28.0
221.20000000000002
12.0
15.9
14.3
14.5
94.60000000000001
11.700000000000001
16.8
9.600000000000001
44.1
6.6000000000000005
14.3
6.1000000000000005
20.1
11.100000000000001
27.1
9.1
8.200000000000001
35.2
15.600000000000001
25.200000000000003
30.700000000000003
12.9
18.1
11.4
3.9000000000000004
6.1000000000000005
13.600000000000001
6.5
25.1
27.900000000000002
36.5
6.4
7.4
15.200000000000001
17.900000000000002
14.9
7.0
14.4
13.0
15.3
23.400000000000002
8.1
15.5
9.5
11.8
33.6
8.1
12.100000000000001
12.3
5.5
18.7
9.3
28.8
50.800000000000004
12.3
8.3
17.3
11.600000000000001
10.5
10.5
15.3
18.5
11.3
17.2
6.0
15.200000000000001
6.9
37.5
7.6000000000000005
6.0
7.1000000000000005
19.400000000000002
5.0
8.700000000000001
8.0
86.5
32.7
16.8
29.5
13.9
10.9
11.9
12.8
7.5
12.0
7.300000000000001
14.600000000000001
51.400000000000006
4.6000000000000005
5.0
48.0
39.800000000000004
30.700000000000003
21.5
26.5
4.3
11.100000000000001
11.4
13.8
33.6
18.6
18.8
17.8
11.600000000000001
9.8
8.9
14.100000000000001
10.700000000000001
4.5
18.5
9.3
6.0
15.8
18.400000000000002
12.0
9.9
16.6
26.8
18.3
40.900000000000006
6.5
6.7
6.4
12.4
7.0
18.3
35.2
19.700000000000003
7.300000000000001
34.2
12.8
11.100000000000001
8.200000000000001
7.7
17.0
23.700000000000003
10.700000000000001
16.7
9.700000000000001
17.1
6.800000000000001
17.5
15.4
40.300000000000004
10.8
14.200000000000001
8.6
12.700000000000001
10.200000000000001
21.6
25.8
9.0
4.9
8.0
7.6000000000000005
16.400000000000002
27.200000000000003
14.4
16.0
18.3
5.5
12.600000000000001
12.0
18.2
6.2
16.5
7.7
8.9
18.3
5.2
18.900000000000002
19.1
4.9
10.600000000000001
21.1
8.1
8.6
20.1
9.9
4.9
5.5
8.6
9.3
8.5
7.9
5.2
67.10000000000001
8.3
8.0
17.2
8.700000000000001
8.0
32.800000000000004
62.900000000000006
9.9
7.2
15.8
15.700000000000001
4.2
7.5
12.200000000000001
17.5
13.9
20.700000000000003
5.800000000000001
21.200000000000003
22.6
26.5
11.0
59.900000000000006
14.9
21.5
9.700000000000001
28.0
31.700000000000003
34.1
42.7
10.0
16.2
18.5
8.3
7.4
19.1
7.0
7.4
11.700000000000001
25.5
8.3
15.100000000000001
26.3
14.8
11.700000000000001
32.800000000000004
5.6000000000000005
15.200000000000001
9.3
8.1
5.2
19.400000000000002
55.0
17.2
7.7
32.7
7.6000000000000005
16.2
7.9
16.6
10.700000000000001
10.5
9.600000000000001
13.200000000000001
7.300000000000001
9.4
17.6
5.300000000000001
12.3
15.100000000000001
28.5
11.200000000000001
10.5
6.2
7.9
13.3
10.0
8.3
30.200000000000003
15.0
11.8
10.9
9.9
28.900000000000002
20.6
16.7
28.3
6.9
6.7
50.5
9.3
12.700000000000001
5.9
9.200000000000001
10.3
4.7
9.3
6.800000000000001
17.3
33.2
12.200000000000001
19.400000000000002
29.900000000000002
10.600000000000001
20.400000000000002
7.800000000000001
15.700000000000001
6.4
11.5
33.800000000000004
5.7
12.600000000000001
12.100000000000001
16.2
24.0
17.3
11.600000000000001
33.0
13.9
107.60000000000001
6.800000000000001
8.200000000000001
15.8
7.7
21.700000000000003
4.7
7.6000000000000005
19.200000000000003
8.3
6.7
12.700000000000001
13.4
40.5
11.4
10.0
8.200000000000001
7.9
18.8
31.400000000000002
6.9
181.20000000000002
13.0
13.600000000000001
25.400000000000002
12.100000000000001
31.0
7.6000000000000005
11.8
12.3
6.6000000000000005
48.7
8.6
7.0
14.9
14.8
9.200000000000001
9.8
19.0
23.3
11.4
15.5
22.0
13.0
5.9
11.4
6.300000000000001
20.0
15.8
6.5
11.8
11.5
19.3
8.700000000000001
5.0
11.100000000000001
9.8
9.5
14.200000000000001
10.8
40.7
26.5
5.2
8.1
19.6
5.2
8.9
10.700000000000001
7.6000000000000005
8.8
15.8
57.1
12.100000000000001
11.3
9.9
6.1000000000000005
17.3
13.600000000000001
18.900000000000002
16.2
6.800000000000001
10.3
8.8
10.3
22.5
12.700000000000001
6.7
9.700000000000001
16.0
8.0
13.4
77.30000000000001
7.5
13.5
16.400000000000002
7.300000000000001
11.0
11.9
5.300000000000001
8.700000000000001
45.7
13.5
14.700000000000001
6.800000000000001
8.8
10.5
6.7
55.900000000000006
16.5
30.3
37.1
10.9
10.3
56.400000000000006
6.9
10.0
11.100000000000001
22.700000000000003
8.5
13.200000000000001
29.400000000000002
10.200000000000001
34.6
18.3
4.9
9.200000000000001
17.1
9.600000000000001
7.7
39.900000000000006
9.9
4.1000000000000005
11.5
12.8
17.3
7.5
49.0
19.3
10.100000000000001
11.100000000000001
23.1
8.8
7.0
13.9
8.5
9.700000000000001
33.7
27.200000000000003
23.0
9.200000000000001
4.9
78.30000000000001
25.1
37.5
7.7
8.6
28.900000000000002
16.400000000000002
15.0
11.3
8.4
26.1
5.0
5.300000000000001
10.3
15.5
25.5
7.1000000000000005
11.3
37.5
22.0
10.5
40.400000000000006
65.4
5.7
29.200000000000003
7.2
11.700000000000001
15.200000000000001
6.0
4.7
118.60000000000001
10.700000000000001
9.600000000000001
12.100000000000001
13.8
32.800000000000004
15.100000000000001
6.6000000000000005
11.4
24.200000000000003
5.2
15.0
14.600000000000001
5.7
23.3
17.6
8.0
7.800000000000001
17.5
6.4
14.5
8.5
107.0
7.9
9.4
17.900000000000002
5.0
6.4
7.300000000000001
17.3
46.6
16.0
62.1
5.800000000000001
18.0
22.5
24.200000000000003
13.0
12.700000000000001
9.8
11.700000000000001
51.1
6.5
11.8
11.3
70.0
9.3
13.200000000000001
45.6
10.0
7.9
9.5
9.700000000000001
13.8
22.3
27.200000000000003
10.3
25.3
46.300000000000004
4.9
6.800000000000001
24.400000000000002
11.100000000000001
39.800000000000004
15.700000000000001
8.5
11.9
12.5
13.9
28.200000000000003
16.1
17.5
20.6
6.800000000000001
6.300000000000001
11.600000000000001
22.0
10.9
18.6
7.9
11.3
7.2
13.100000000000001
5.5
6.6000000000000005
6.5
10.3
5.7
7.0
16.5
9.0
7.2
18.7
10.8
7.800000000000001
19.700000000000003
44.1
18.900000000000002
14.200000000000001
8.200000000000001
19.400000000000002
9.1
18.1
4.6000000000000005
5.1000000000000005
30.8
16.1
65.8
4.3
14.3
8.3
6.9
5.7
6.4
12.700000000000001
9.9
16.400000000000002
9.0
13.3
14.4
14.700000000000001
8.700000000000001
8.6
6.5
32.800000000000004
16.8
11.4
8.0
10.600000000000001
55.300000000000004
18.5
12.5
19.3
9.700000000000001
12.9
6.4
41.7
18.1
7.0
50.800000000000004
13.600000000000001
34.5
4.3
22.900000000000002
12.3
6.7
67.5
5.6000000000000005
12.8
44.400000000000006
8.200000000000001
6.5
8.4
30.1
8.3
31.0
37.6
8.0
4.2
25.5
42.800000000000004
11.700000000000001
4.6000000000000005
7.800000000000001
11.200000000000001
9.700000000000001
15.3
67.10000000000001
11.100000000000001
13.9
10.4
61.5
19.400000000000002
8.4
13.3
38.5
12.200000000000001
9.5
14.600000000000001
15.0
26.200000000000003
9.700000000000001
9.4
40.2
11.5
8.1
7.2
19.700000000000003
18.7
6.9
28.8
9.0
24.5
18.8
11.0
7.1000000000000005
8.6
24.400000000000002
9.5
11.0
25.3
5.0
19.1
14.5
11.700000000000001
5.7
9.9
11.3
8.3
13.100000000000001
14.8
7.800000000000001
7.1000000000000005
""
53.300000000000004
10.9
6.0
4.7
5.1000000000000005
5.5
12.8
16.1
15.3
20.200000000000003
12.200000000000001
13.200000000000001
9.9
9.600000000000001
99.60000000000001
15.5
15.200000000000001
7.4
4.6000000000000005
9.3
6.1000000000000005
26.700000000000003
9.0
6.1000000000000005
11.200000000000001
16.0
8.200000000000001
35.800000000000004
24.700000000000003
5.1000000000000005
20.8
16.6
7.1000000000000005
7.2
21.700000000000003
14.9
15.8
9.600000000000001
23.5
5.7
10.700000000000001
119.2
7.4
6.2
6.9
8.4
26.400000000000002
8.9
10.3
7.5
26.200000000000003
9.8
9.1
19.200000000000003
14.700000000000001
77.80000000000001
9.9
7.7
12.600000000000001
6.4
5.9
38.300000000000004
18.7
3.9000000000000004
9.200000000000001
4.0
13.100000000000001
9.200000000000001
9.600000000000001
30.1
22.900000000000002
29.6
6.5
18.3
10.9
37.2
12.3
16.0
11.3
83.60000000000001
6.5
9.700000000000001
22.700000000000003
6.2
11.0
28.900000000000002
32.1
17.7
16.0
9.4
7.6000000000000005
37.9
16.0
23.200000000000003
16.2
15.5
90.80000000000001
28.6
7.800000000000001
10.100000000000001
7.4
9.1
19.6
26.900000000000002
25.5
7.800000000000001
6.7
8.1
7.9
13.4
6.0
9.0
5.1000000000000005
8.3
200.10000000000002
6.0
""
3.8000000000000003
155.9
8.3
26.6
6.2
19.5
11.600000000000001
8.1
25.400000000000002
21.6
22.8
7.0
16.1
13.4
7.1000000000000005
5.300000000000001
7.1000000000000005
5.800000000000001
11.8
19.700000000000003
14.4
10.9
31.200000000000003
14.200000000000001
8.8
8.1
8.700000000000001
19.900000000000002
17.3
6.7
15.0
4.800000000000001
6.2
18.8
47.300000000000004
7.300000000000001
10.8
10.700000000000001
21.3
28.5
7.800000000000001
6.4
7.7
21.8
7.0
21.3
46.1
10.4
10.100000000000001
51.7
11.9
10.200000000000001
12.3
5.0
31.0
36.300000000000004
24.900000000000002
7.4
14.5
23.700000000000003
8.1
9.700000000000001
7.0
92.30000000000001
12.9
20.5
4.1000000000000005
22.1
13.200000000000001
23.8
10.0
18.0
26.3
6.9
11.600000000000001
7.2
7.6000000000000005
7.6000000000000005
6.2
8.4
4.9
7.300000000000001
8.8
8.0
13.8
5.6000000000000005
9.3
7.800000000000001
22.6
23.3
4.800000000000001
10.200000000000001
8.4
29.3
10.100000000000001
7.6000000000000005
14.5
6.5
4.7
18.6
7.7
16.400000000000002
17.7
5.9
6.2
17.8
8.9
7.0
15.100000000000001
10.0
28.900000000000002
27.200000000000003
5.0
16.0
4.6000000000000005
12.3
15.9
10.700000000000001
19.0
19.400000000000002
9.0
36.0
6.1000000000000005
10.200000000000001
28.5
9.9
13.100000000000001
13.8
72.0
20.200000000000003
11.0
10.8
4.3
7.0
240.10000000000002
22.700000000000003
12.5
11.700000000000001
17.400000000000002
14.9
10.3
10.3
9.5
11.3
10.0
24.6
12.8
36.300000000000004
9.600000000000001
41.7
7.7
8.6
7.300000000000001
23.3
70.10000000000001
21.0
17.900000000000002
55.0
9.200000000000001
11.600000000000001
30.6
6.9
4.5
13.0
51.7
7.1000000000000005
14.100000000000001
51.2
11.8
10.9
7.1000000000000005
27.8
13.8
9.600000000000001
59.6
24.700000000000003
50.400000000000006
5.300000000000001
41.2
9.200000000000001
15.600000000000001
10.3
25.400000000000002
30.200000000000003
9.700000000000001
10.9
18.5
17.5
37.7
4.7
22.700000000000003
7.5
12.8
9.8
7.2
11.0
11.600000000000001
22.8
11.9
11.9
6.0
9.200000000000001
21.400000000000002
7.800000000000001
10.9
7.2
5.2
18.900000000000002
53.300000000000004
10.0
7.5
12.0
10.0
23.700000000000003
6.300000000000001
12.5
47.5
7.4
34.800000000000004
7.800000000000001
9.1
12.3
15.0
16.5
11.4
37.5
27.1
55.5
16.0
18.7
197.8
15.100000000000001
9.1
8.5
21.200000000000003
4.9
5.800000000000001
111.30000000000001
5.300000000000001
9.5
10.200000000000001
42.6
8.200000000000001
6.1000000000000005
6.6000000000000005
41.0
12.700000000000001
8.200000000000001
12.9
5.6000000000000005
19.5
33.300000000000004
8.8
34.5
12.5
7.9
9.4
36.0
14.4
9.8
6.5
10.100000000000001
6.7
6.7
8.3
6.300000000000001
16.1
65.8
4.3
7.300000000000001
10.5
7.6000000000000005
8.0
8.3
10.0
8.6
25.5
6.5
8.9
6.4
8.5
21.8
6.1000000000000005
9.3
8.200000000000001
11.0
8.8
18.1
9.9
14.0
33.4
9.5
13.5
16.900000000000002
31.5
51.2
6.1000000000000005
26.6
4.7
7.0
19.3
28.3
19.8
11.600000000000001
7.300000000000001
14.700000000000001
15.4
7.2
7.2
16.8
29.700000000000003
20.400000000000002
15.600000000000001
11.4
7.9
44.300000000000004
46.1
4.2
37.0
5.5
3.9000000000000004
8.700000000000001
27.0
13.5
8.4
17.400000000000002
12.0
26.8
69.4
24.8
12.3
8.1
11.3
6.300000000000001
7.0
6.1000000000000005
13.700000000000001
10.3
6.4
14.700000000000001
11.0
18.400000000000002
85.4
10.100000000000001
30.900000000000002
9.0
9.0
10.100000000000001
12.4
11.700000000000001
15.100000000000001
12.8
31.700000000000003
15.600000000000001
5.1000000000000005
6.2
38.900000000000006
7.0
6.9
18.7
34.0
26.6
12.200000000000001
11.0
56.0
45.0
11.200000000000001
14.0
11.100000000000001
12.700000000000001
11.4
15.100000000000001
9.0
12.200000000000001
6.9
25.3
37.0
9.5
17.6
5.800000000000001
5.7
16.5
13.8
18.0
25.3
16.1
23.0
21.3
28.1
59.800000000000004
7.4
5.0
14.9
15.700000000000001
69.10000000000001
15.8
19.6
6.6000000000000005
5.800000000000001
22.200000000000003
124.9
6.6000000000000005
10.100000000000001
8.1
17.6
15.100000000000001
10.0
7.5
9.1
46.300000000000004
17.2
44.400000000000006
110.60000000000001
11.5
11.100000000000001
6.2
7.800000000000001
72.5
68.5
16.3
7.6000000000000005
99.4
9.0
10.3
5.6000000000000005
8.200000000000001
22.1
64.0
7.800000000000001
11.700000000000001
4.800000000000001
59.400000000000006
19.5
9.9
26.5
6.1000000000000005
11.0
26.1
21.6
11.3
23.5
10.100000000000001
10.100000000000001
10.600000000000001
19.3
10.100000000000001
7.300000000000001
29.400000000000002
6.5
7.4
17.0
17.5
11.3
9.9
12.4
20.6
8.5
38.6
37.7
8.5
14.600000000000001
20.1
9.600000000000001
11.100000000000001
6.800000000000001
11.3
13.0
18.5
10.8
14.200000000000001
11.0
7.4
14.4
7.6000000000000005
9.0
22.5
8.8
65.2
26.900000000000002
11.700000000000001
28.8
15.9
15.700000000000001
24.700000000000003
5.9
12.600000000000001
21.0
6.800000000000001
5.800000000000001
8.200000000000001
5.800000000000001
19.400000000000002
13.700000000000001
4.5
7.6000000000000005
11.5
11.3
16.900000000000002
6.800000000000001
5.2
13.5
33.2
41.0
15.5
7.800000000000001
4.4
11.9
7.7
34.2
13.4
13.5
40.6
21.1
12.3
10.100000000000001
18.6
11.200000000000001
14.5
6.7
151.6
8.1
10.3
6.7
10.600000000000001
9.5
6.5
15.600000000000001
21.5
6.0
9.1
30.3
11.3
24.400000000000002
7.9
16.7
24.8
8.200000000000001
19.8
30.5
9.700000000000001
10.700000000000001
17.6
18.0
3.5
12.3
10.4
14.200000000000001
12.0
11.4
12.4
11.4
16.1
11.9
12.9
12.600000000000001
8.6
13.100000000000001
9.4
23.8
158.3
34.2
25.0
9.8
9.4
12.9
10.4
7.5
8.6
13.700000000000001
14.0
120.0
12.700000000000001
7.1000000000000005
11.8
64.10000000000001
11.700000000000001
7.4
20.8
10.8
5.0
14.4
10.0
8.4
24.3
22.400000000000002
12.600000000000001
26.900000000000002
11.100000000000001
10.200000000000001
7.6000000000000005
34.4
8.9
6.300000000000001
8.6
11.100000000000001
12.5
6.9
13.200000000000001
6.0
18.7
13.700000000000001
11.200000000000001
14.100000000000001
11.5
22.400000000000002
24.700000000000003
3.8000000000000003
29.200000000000003
5.9
11.8
13.5
8.200000000000001
9.0
10.0
28.5
9.600000000000001
7.6000000000000005
88.4
26.400000000000002
16.3
10.9
7.5
6.4
9.0
12.200000000000001
5.800000000000001
52.1
19.400000000000002
9.5
8.3
11.9
29.400000000000002
19.900000000000002
10.600000000000001
6.800000000000001
39.1
16.2
24.1
15.8
12.5
7.1000000000000005
12.9
10.700000000000001
13.8
9.600000000000001
8.1
12.5
14.600000000000001
6.6000000000000005
5.2
23.1
11.600000000000001
12.100000000000001
44.0
8.6
11.600000000000001
12.700000000000001
14.700000000000001
6.6000000000000005
35.800000000000004
6.9
7.7
20.400000000000002
9.200000000000001
5.300000000000001
9.4
40.1
8.5
10.0
12.200000000000001
4.2
15.4
6.5
5.0
18.0
56.800000000000004
8.6
18.1
5.9
17.0
17.5
26.1
21.5
24.400000000000002
7.6000000000000005
57.2
53.6
304.90000000000003
6.0
6.800000000000001
56.2
26.3
12.0
8.4
6.4
28.8
13.8
8.200000000000001
16.3
11.3
23.0
14.0
5.800000000000001
15.600000000000001
10.3
24.400000000000002
6.9
8.200000000000001
17.2
22.8
12.200000000000001
18.5
8.3
23.700000000000003
41.300000000000004
14.0
12.100000000000001
8.5
21.400000000000002
13.700000000000001
7.4
8.6
14.3
12.8
9.1
25.900000000000002
17.1
14.700000000000001
9.5
10.600000000000001
13.0
33.0
6.7
6.300000000000001
7.300000000000001
65.60000000000001
39.400000000000006
19.6
21.1
20.200000000000003
12.100000000000001
16.2
15.4
7.2
40.300000000000004
30.5
9.1
10.9
9.200000000000001
8.0
5.5
10.0
11.9
45.6
12.0
7.0
47.900000000000006
11.9
5.1000000000000005
5.4
27.8
11.3
6.0
9.9
13.4
11.100000000000001
15.200000000000001
28.0
13.600000000000001
16.2
23.6
82.0
6.800000000000001
6.4
6.800000000000001
10.200000000000001
16.3
10.3
17.1
16.5
3.6
9.3
9.200000000000001
8.9
13.3
11.4
7.800000000000001
5.0
14.700000000000001
15.700000000000001
9.9
9.1
6.5
10.5
12.4
7.2
7.5
86.30000000000001
10.9
11.0
9.9
5.2
16.6
8.3
7.1000000000000005
43.0
5.9
12.200000000000001
12.3
8.8
12.3
19.400000000000002
44.1
95.0
6.300000000000001
6.1000000000000005
42.900000000000006
5.0
5.7
7.1000000000000005
26.6
9.4
14.100000000000001
9.4
29.8
15.8
47.1
5.4
14.8
14.0
13.8
16.0
16.6
9.5
6.0
6.6000000000000005
34.5
15.9
14.8
8.8
6.7
56.0
8.8
11.5
16.900000000000002
22.5
10.600000000000001
13.200000000000001
14.4
11.0
5.5
124.0
7.4
16.8
92.7
12.100000000000001
23.8
5.800000000000001
9.9
14.4
11.200000000000001
17.400000000000002
17.0
6.2
7.1000000000000005
17.400000000000002
13.100000000000001
12.5
14.8
8.3
27.1
7.2
18.900000000000002
7.5
14.4
56.6
10.9
10.3
5.6000000000000005
14.700000000000001
18.0
10.4
12.4
10.600000000000001
7.2
24.0
5.6000000000000005
7.9
15.0
4.0
12.600000000000001
5.4
12.0
15.700000000000001
48.400000000000006
9.700000000000001
31.3
26.6
16.900000000000002
11.600000000000001
6.2
6.2
5.9
6.4
7.5
18.6
19.1
14.4
6.9
11.200000000000001
3.4000000000000004
25.700000000000003
9.3
21.900000000000002
8.8
10.100000000000001
10.4
30.5
11.100000000000001
17.400000000000002
5.4
15.200000000000001
18.0
72.4
7.2
13.600000000000001
13.8
17.1
4.7
6.6000000000000005
17.400000000000002
12.3
6.300000000000001
9.3
29.900000000000002
15.0
14.4
4.7
20.900000000000002
4.7
8.5
37.0
12.200000000000001
13.4
18.0
50.900000000000006
37.9
6.1000000000000005
14.700000000000001
24.3
37.5
7.1000000000000005
18.3
21.900000000000002
64.10000000000001
7.6000000000000005
6.5
9.600000000000001
8.3
46.5
11.8
12.5
7.7
15.8
9.4
11.100000000000001
13.600000000000001
7.1000000000000005
41.900000000000006
67.2
25.700000000000003
10.4
43.800000000000004
10.100000000000001
6.6000000000000005
5.6000000000000005
18.7
7.9
9.8
7.800000000000001
19.0
6.800000000000001
30.8
7.2
14.8
4.1000000000000005
23.5
8.8
11.9
23.8
5.5
15.200000000000001
10.4
18.1
23.0
11.8
56.1
15.5
21.6
6.800000000000001
21.0
6.9
11.700000000000001
17.7
23.400000000000002
66.8
42.300000000000004
8.1
11.100000000000001
103.60000000000001
19.3
57.7
14.700000000000001
33.1
80.30000000000001
18.2
7.0
12.200000000000001
29.700000000000003
8.200000000000001
95.7
10.5
12.8
7.0
7.5
18.2
6.0
16.8
14.9
9.4
41.6
22.0
34.9
7.800000000000001
9.0
33.300000000000004
12.5
25.6
13.100000000000001
8.3
34.5
15.3
8.5
7.7
15.3
11.200000000000001
13.8
11.3
9.200000000000001
11.8
18.400000000000002
6.300000000000001
6.0
5.300000000000001
9.5
4.6000000000000005
52.5
35.5
4.6000000000000005
13.600000000000001
14.4
8.6
9.600000000000001
13.9
7.6000000000000005
5.1000000000000005
11.600000000000001
5.9
9.5
11.0
22.400000000000002
9.200000000000001
9.5
7.9
9.1
14.600000000000001
19.8
12.0
11.700000000000001
18.3
16.3
15.200000000000001
11.3
5.5
15.9
8.8
10.5
13.4
10.8
4.5
9.9
239.10000000000002
10.200000000000001
6.300000000000001
7.9
9.5
16.7
31.8
6.300000000000001
187.70000000000002
18.900000000000002
33.7
17.1
6.9
60.900000000000006
6.1000000000000005
7.4
10.9
4.800000000000001
8.700000000000001
7.800000000000001
5.9
32.9
28.3
23.0
53.5
19.900000000000002
37.0
8.0
10.0
6.4
6.0
18.6
8.3
11.100000000000001
8.1
18.5
34.1
303.7
12.9
15.200000000000001
20.900000000000002
15.8
5.4
11.4
7.1000000000000005
6.6000000000000005
16.0
27.8
6.9
14.9
4.4
42.2
46.2
10.3
21.0
38.1
6.5
8.3
44.300000000000004
27.900000000000002
23.1
6.300000000000001
10.5
19.3
9.9
8.5
9.8
9.1
18.5
64.60000000000001
15.0
5.7
10.3
7.2
8.3
9.1
11.9
16.5
6.300000000000001
5.800000000000001
11.200000000000001
14.700000000000001
16.0
58.300000000000004
9.600000000000001
10.100000000000001
5.9
19.6
10.5
7.0
8.3
10.600000000000001
9.9
24.200000000000003
8.5
26.3
11.100000000000001
20.3
6.9
45.7
4.6000000000000005
16.0
16.0
12.700000000000001
19.400000000000002
9.700000000000001
9.200000000000001
19.3
14.100000000000001
7.2
10.5
4.7
17.3
9.1
21.1
9.9
8.8
13.700000000000001
23.200000000000003
11.200000000000001
11.8
18.900000000000002
8.8
15.3
14.8
42.5
9.4
8.700000000000001
7.300000000000001
14.0
18.6
36.0
11.200000000000001
14.5
12.100000000000001
11.700000000000001
6.800000000000001
33.800000000000004
5.1000000000000005
6.6000000000000005
16.6
20.400000000000002
12.100000000000001
13.8
22.1
10.200000000000001
13.3
9.5
15.5
11.3
5.1000000000000005
22.1
193.3
11.200000000000001
6.0
12.600000000000001
32.300000000000004
11.4
7.4
19.1
6.0
6.300000000000001
13.4
20.6
11.0
18.400000000000002
11.200000000000001
41.7
37.800000000000004
34.4
14.5
19.700000000000003
13.9
6.9
7.7
44.1
8.9
45.5
5.800000000000001
11.3
33.1
5.9
18.2
17.900000000000002
13.600000000000001
10.5
6.0
10.3
8.0
24.400000000000002
12.9
7.2
12.9
6.9
16.1
9.0
17.1
20.1
10.3
17.3
8.700000000000001
12.4
12.9
43.5
23.6
8.6
11.100000000000001
14.0
13.9
12.100000000000001
10.4
18.3
4.4
7.7
14.3
6.1000000000000005
11.0
40.5
17.7
14.100000000000001
12.700000000000001
9.200000000000001
14.100000000000001
5.2
11.100000000000001
12.4
8.6
24.1
28.5
28.5
11.100000000000001
29.1
8.6
26.5
116.60000000000001
21.700000000000003
8.6
84.2
7.1000000000000005
90.30000000000001
13.0
5.2
12.0
10.4
36.5
12.8
49.7
41.400000000000006
39.1
10.0
95.60000000000001
8.200000000000001
9.9
159.3
23.700000000000003
4.0
7.6000000000000005
11.5
7.0
23.0
13.5
6.2
6.800000000000001
12.0
6.6000000000000005
4.3
7.300000000000001
7.2
19.6
5.7
21.400000000000002
9.600000000000001
34.5
12.4
34.9
11.600000000000001
8.0
27.900000000000002
29.8
5.300000000000001
17.1
10.9
16.0
7.800000000000001
19.8
6.5
42.7
11.8
10.700000000000001
8.700000000000001
8.9
29.1
17.0
12.8
5.7
17.400000000000002
30.3
16.2
6.1000000000000005
10.5
11.0
10.600000000000001
30.6
12.0
19.0
15.3
19.5
6.0
5.7
8.200000000000001
6.7
12.5
11.8
9.600000000000001
8.3
7.2
13.9
20.8
24.8
12.4
8.9
7.800000000000001
3.9000000000000004
5.5
25.1
11.100000000000001
6.800000000000001
15.700000000000001
9.9
26.6
28.700000000000003
13.100000000000001
63.6
43.5
33.6
32.5
10.700000000000001
8.4
28.6
6.6000000000000005
9.8
154.20000000000002
14.200000000000001
8.6
9.4
37.4
14.8
4.7
24.3
23.400000000000002
80.60000000000001
197.0
24.3
10.700000000000001
4.4
39.7
5.300000000000001
17.8
13.4
12.5
18.5
8.6
10.100000000000001
7.5
12.200000000000001
10.5
9.700000000000001
27.0
4.800000000000001
7.2
9.5
35.4
34.7
15.200000000000001
28.3
6.7
10.9
31.400000000000002
15.3
15.600000000000001
8.8
13.4
11.700000000000001
109.7
11.8
9.5
9.0
20.1
10.600000000000001
8.5
18.2
6.9
11.0
52.0
179.3
30.3
19.200000000000003
9.600000000000001
10.3
6.7
7.6000000000000005
8.8
14.8
12.0
25.200000000000003
11.9
7.4
43.1
8.9
8.4
25.3
27.400000000000002
29.1
5.7
17.3
5.2
22.900000000000002
10.3
16.8
15.8
22.3
5.9
7.800000000000001
7.6000000000000005
5.7
13.100000000000001
19.200000000000003
29.5
7.0
22.3
12.8
11.9
11.9
9.700000000000001
6.9
78.5
5.800000000000001
16.0
57.800000000000004
10.700000000000001
5.1000000000000005
10.0
10.100000000000001
75.60000000000001
7.4
91.60000000000001
12.3
7.800000000000001
10.3
16.8
14.0
6.5
9.3
9.8
10.4
15.0
11.0
5.4
25.400000000000002
12.9
12.8
4.7
15.100000000000001
3.8000000000000003
5.5
4.9
10.5
20.8
9.8
9.700000000000001
12.200000000000001
5.800000000000001
31.200000000000003
8.1
41.6
17.400000000000002
16.400000000000002
4.7
168.3
115.2
5.9
4.1000000000000005
27.0
16.900000000000002
20.0
10.5
22.900000000000002
9.4
143.6
9.1
4.7
32.1
7.6000000000000005
7.4
58.2
14.9
7.0
7.0
15.4
5.4
8.700000000000001
14.8
8.9
18.3
9.9
6.1000000000000005
18.8
11.8
18.400000000000002
8.700000000000001
54.0
16.3
13.200000000000001
6.6000000000000005
7.7
17.5
20.200000000000003
11.700000000000001
7.2
7.9
17.400000000000002
13.100000000000001
33.0
9.8
16.400000000000002
68.9
19.8
6.9
10.8
14.5
7.4
35.9
15.4
8.4
5.0
9.200000000000001
22.5
11.100000000000001
7.5
179.3
5.800000000000001
7.6000000000000005
13.200000000000001
13.3
11.700000000000001
27.700000000000003
5.4
22.0
26.3
6.5
6.4
6.7
15.4
27.8
11.8
7.800000000000001
10.200000000000001
19.0
9.8
20.3
11.100000000000001
15.200000000000001
46.7
9.600000000000001
9.1
8.700000000000001
9.0
22.0
23.900000000000002
34.2
20.5
27.5
13.200000000000001
25.900000000000002
5.5
35.300000000000004
8.4
9.600000000000001
11.0
12.4
11.4
86.5
6.5
5.800000000000001
12.9
11.700000000000001
34.800000000000004
8.700000000000001
10.4
5.9
7.6000000000000005
3.8000000000000003
14.200000000000001
13.100000000000001
35.2
6.800000000000001
16.6
19.0
44.1
10.3
4.800000000000001
14.700000000000001
13.600000000000001
18.1
11.100000000000001
16.2
17.5
21.8
23.8
17.900000000000002
17.400000000000002
27.1
14.9
8.5
10.0
17.900000000000002
12.4
61.2
57.0
8.5
24.400000000000002
6.7
7.800000000000001
16.0
13.0
10.200000000000001
19.3
5.7
32.7
8.0
9.3
6.800000000000001
15.5
17.2
17.0
46.1
6.9
8.200000000000001
10.4
16.6
24.400000000000002
15.4
10.5
23.8
34.9
9.8
7.7
11.700000000000001
87.80000000000001
10.600000000000001
38.300000000000004
15.5
47.6
5.5
6.5
21.400000000000002
13.100000000000001
18.6
12.8
10.4
18.6
55.0
19.5
6.300000000000001
26.900000000000002
6.4
17.7
9.4
5.2
7.1000000000000005
9.0
6.2
8.6
11.8
5.7
8.6
16.0
28.8
23.8
29.1
36.800000000000004
39.6
8.4
6.9
9.4
7.800000000000001
8.4
32.4
9.0
6.5
8.0
7.7
12.9
11.5
14.600000000000001
6.800000000000001
10.100000000000001
12.3
34.800000000000004
8.0
10.5
9.4
10.4
14.100000000000001
20.1
5.5
4.9
5.4
9.5
7.4
11.3
29.400000000000002
10.8
79.7
14.3
5.7
4.5
7.5
15.3
5.6000000000000005
9.700000000000001
12.8
11.8
4.800000000000001
17.1
7.6000000000000005
6.1000000000000005
8.0
10.100000000000001
11.5
9.8
30.6
12.200000000000001
16.0
4.6000000000000005
8.8
23.700000000000003
6.300000000000001
14.0
7.9
23.0
417.90000000000003
12.200000000000001
10.0
12.100000000000001
9.9
17.900000000000002
16.1
8.1
13.8
34.6
10.200000000000001
5.800000000000001
8.5
5.4
7.7
9.4
33.0
9.3
10.100000000000001
18.0
4.4
22.900000000000002
57.900000000000006
27.1
10.600000000000001
9.8
9.5
9.700000000000001
8.1
3.7
24.200000000000003
21.200000000000003
25.200000000000003
7.5
24.5
12.600000000000001
32.9
5.800000000000001
16.900000000000002
11.4
13.8
11.0
43.7
55.5
33.0
19.200000000000003
29.1
21.1
7.2
15.5
6.2
6.4
7.6000000000000005
12.4
25.1
9.5
9.0
5.5
10.9
16.3
14.700000000000001
11.600000000000001
29.400000000000002
8.4
16.400000000000002
4.1000000000000005
8.8
19.3
7.7
18.3
54.800000000000004
39.900000000000006
8.6
12.4
8.1
11.9
9.200000000000001
21.1
10.200000000000001
7.4
25.400000000000002
10.3
9.4
7.300000000000001
28.5
10.200000000000001
19.8
19.900000000000002
24.700000000000003
6.9
22.1
15.3
8.3
7.4
6.4
9.3
22.900000000000002
14.5
251.8
5.9
52.2
13.3
5.7
10.700000000000001
71.7
9.200000000000001
8.700000000000001
7.6000000000000005
12.9
12.700000000000001
9.700000000000001
10.8
43.900000000000006
70.10000000000001
10.600000000000001
19.900000000000002
26.200000000000003
10.8
40.300000000000004
11.9
4.3
13.100000000000001
9.200000000000001
5.2
8.3
21.6
6.9
14.4
13.3
8.8
3.9000000000000004
9.5
11.4
11.0
38.300000000000004
22.0
10.8
12.700000000000001
28.0
5.2
13.9
21.1
8.200000000000001
5.0
11.0
7.4
8.4
11.700000000000001
23.8
53.400000000000006
9.0
13.8
6.300000000000001
9.8
7.9
16.0
8.5
14.8
24.3
12.100000000000001
7.800000000000001
7.0
11.100000000000001
12.8
17.5
421.3
6.7
12.3
44.0
9.8
13.3
18.0
10.200000000000001
5.4
125.2
10.600000000000001
23.3
9.5
8.8
8.5
4.800000000000001
5.7
6.5
52.300000000000004
12.5
273.0
17.400000000000002
10.4
6.800000000000001
8.5
37.300000000000004
12.4
9.0
7.0
34.9
69.60000000000001
15.600000000000001
13.700000000000001
18.2
8.4
20.5
19.700000000000003
10.600000000000001
17.1
10.5
9.0
7.800000000000001
17.400000000000002
6.0
6.800000000000001
10.3
6.7
20.200000000000003
8.5
22.200000000000003
15.0
16.2
13.3
19.200000000000003
6.4
8.200000000000001
6.4
6.5
26.3
8.4
10.700000000000001
7.300000000000001
10.200000000000001
12.100000000000001
13.600000000000001
10.700000000000001
6.2
12.0
16.7
8.200000000000001
6.7
5.1000000000000005
23.200000000000003
6.9
9.0
14.4
11.5
20.3
9.200000000000001
6.6000000000000005
11.5
6.0
13.700000000000001
27.1
34.800000000000004
13.9
6.4
8.700000000000001
8.8
16.7
16.2
45.1
14.600000000000001
43.900000000000006
9.600000000000001
8.700000000000001
11.8
4.3
14.4
27.400000000000002
20.0
9.200000000000001
6.1000000000000005
13.5
9.4
17.5
35.0
7.5
8.1
4.2
11.5
22.6
8.700000000000001
13.0
6.9
18.0
11.4
15.8
9.200000000000001
10.4
4.800000000000001
6.300000000000001
22.6
30.3
14.0
9.700000000000001
32.2
6.4
10.700000000000001
17.2
15.5
21.5
37.0
6.5
23.6
10.3
18.8
26.3
23.6
12.200000000000001
5.9
6.300000000000001
22.200000000000003
4.6000000000000005
7.7
18.8
10.8
158.10000000000002
19.900000000000002
11.4
48.5
8.4
11.100000000000001
9.8
9.9
16.5
46.6
6.800000000000001
8.4
5.5
6.2
11.4
8.5
11.100000000000001
12.0
11.8
71.5
7.4
6.800000000000001
5.4
26.0
9.700000000000001
66.2
13.8
7.5
320.70000000000005
24.5
6.5
6.2
15.4
7.1000000000000005
11.3
20.6
6.6000000000000005
70.3
9.4
8.3
10.3
6.0
15.4
8.6
120.7
15.8
7.5
6.9
10.200000000000001
6.7
11.9
11.4
12.8
6.300000000000001
19.1
16.6
12.600000000000001
17.0
53.7
21.0
9.700000000000001
5.5
7.0
7.300000000000001
11.200000000000001
13.4
10.9
8.3
24.200000000000003
9.200000000000001
40.800000000000004
23.0
46.2
11.700000000000001
15.100000000000001
21.400000000000002
10.100000000000001
70.5
12.3
7.4
26.900000000000002
10.8
11.200000000000001
7.9
14.3
22.3
5.800000000000001
17.3
10.3
11.0
20.900000000000002
10.8
4.7
12.0
16.400000000000002
9.8
10.5
10.5
18.3
5.4
15.600000000000001
5.7
12.4
16.8
30.900000000000002
8.200000000000001
6.1000000000000005
14.5
64.3
9.8
18.2
80.7
13.3
7.800000000000001
21.8
10.9
7.2
10.4
24.0
6.800000000000001
7.800000000000001
25.0
17.0
7.9
16.0
10.700000000000001
17.3
19.3
8.8
18.3
11.8
7.9
6.5
11.200000000000001
9.600000000000001
5.9
8.200000000000001
6.1000000000000005
12.100000000000001
17.1
9.4
14.3
10.0
6.6000000000000005
9.8
11.3
28.5
13.5
5.7
10.600000000000001
7.800000000000001
40.400000000000006
9.5
12.3
9.600000000000001
8.1
27.5
160.9
13.100000000000001
8.1
27.700000000000003
10.200000000000001
21.3
5.7
9.0
24.200000000000003
10.4
13.5
16.3
6.2
5.0
10.0
8.0
7.6000000000000005
24.200000000000003
10.5
3.5
12.4
9.4
8.3
9.600000000000001
8.3
11.0
10.100000000000001
10.0
68.4
6.2
6.0
18.7
30.1
10.600000000000001
8.3
71.2
33.5
29.900000000000002
6.800000000000001
41.900000000000006
19.400000000000002
28.400000000000002
6.5
4.6000000000000005
12.9
7.7
20.700000000000003
4.9
8.3
7.4
62.300000000000004
19.900000000000002
7.1000000000000005
6.5
9.200000000000001
10.8
11.200000000000001
5.7
167.4
4.800000000000001
7.4
19.900000000000002
5.6000000000000005
11.5
8.8
11.200000000000001
8.700000000000001
7.4
12.3
39.800000000000004
25.200000000000003
5.9
10.600000000000001
17.2
10.700000000000001
6.5
17.6
6.300000000000001
8.9
9.5
13.700000000000001
8.6
17.5
13.4
9.700000000000001
14.5
6.9
59.800000000000004
16.8
8.9
28.400000000000002
26.700000000000003
14.4
12.3
12.5
5.5
7.300000000000001
11.700000000000001
10.8
8.3
11.4
9.200000000000001
5.9
4.800000000000001
8.8
43.7
7.2
13.0
23.200000000000003
59.5
13.600000000000001
41.2
28.8
29.8
8.3
7.7
8.0
14.100000000000001
78.5
10.600000000000001
16.400000000000002
9.600000000000001
9.1
7.800000000000001
5.6000000000000005
8.1
13.3
29.3
4.4
12.700000000000001
26.3
16.0
25.5
8.1
37.0
167.5
32.0
21.700000000000003
7.800000000000001
19.8
14.200000000000001
48.2
13.100000000000001
9.0
12.8
14.600000000000001
8.4
10.4
6.1000000000000005
20.5
9.0
6.2
8.6
4.9
14.9
11.600000000000001
13.4
20.1
18.6
7.7
4.9
13.9
8.0
12.8
10.600000000000001
18.6
16.0
10.3
13.4
12.9
16.400000000000002
11.8
9.4
6.9
4.7
5.6000000000000005
14.3
42.6
5.800000000000001
11.700000000000001
11.3
17.0
12.100000000000001
24.6
12.3
12.5
11.5
23.0
11.700000000000001
17.8
41.7
36.9
18.400000000000002
23.200000000000003
6.800000000000001
4.4
12.3
15.200000000000001
10.8
10.3
75.10000000000001
34.9
8.4
5.800000000000001
5.7
49.0
10.100000000000001
9.200000000000001
8.4
135.9
26.5
11.200000000000001
11.5
7.7
77.2
6.9
7.300000000000001
6.1000000000000005
11.100000000000001
34.300000000000004
32.300000000000004
7.9
5.6000000000000005
5.300000000000001
11.5
6.5
6.5
23.1
16.1
36.5
5.300000000000001
16.2
12.600000000000001
9.4
12.600000000000001
13.700000000000001
4.0
6.7
14.8
21.1
13.3
51.400000000000006
7.9
10.0
30.900000000000002
14.200000000000001
12.5
14.4
8.1
22.400000000000002
6.5
14.3
6.2
15.700000000000001
24.6
11.8
8.8
6.0
8.3
19.6
34.7
11.100000000000001
11.0
9.200000000000001
11.200000000000001
44.0
12.100000000000001
15.100000000000001
18.5
9.8
7.2
16.7
13.4
14.100000000000001
7.5
5.800000000000001
30.0
9.5
8.1
11.3
99.10000000000001
134.20000000000002
7.6000000000000005
6.9
14.600000000000001
7.6000000000000005
5.1000000000000005
7.4
18.400000000000002
12.0
82.10000000000001
5.4
12.100000000000001
13.5
15.4
8.3
11.9
27.1
26.8
17.400000000000002
14.4
6.0
27.1
14.600000000000001
12.5
9.200000000000001
20.1
16.400000000000002
9.3
12.3
7.300000000000001
10.600000000000001
10.100000000000001
12.200000000000001
19.5
18.0
13.3
11.0
5.800000000000001
6.1000000000000005
29.1
7.0
9.4
8.5
8.4
7.4
12.5
14.3
17.7
6.7
12.8
15.3
16.2
13.0
20.5
26.8
12.4
32.5
44.6
7.4
5.800000000000001
35.1
17.400000000000002
16.2
20.900000000000002
13.4
9.600000000000001
21.0
77.0
17.0
4.5
8.9
45.7
8.3
8.1
11.4
10.100000000000001
12.9
19.0
8.0
4.2
7.800000000000001
6.6000000000000005
5.7
11.5
10.4
5.6000000000000005
12.9
12.9
9.8
14.5
24.1
10.8
48.5
12.600000000000001
25.200000000000003
21.6
7.9
5.0
10.3
17.6
5.7
11.8
14.4
6.2
11.9
12.4
9.9
31.400000000000002
16.7
5.300000000000001
5.800000000000001
10.100000000000001
39.900000000000006
58.800000000000004
7.800000000000001
7.5
4.6000000000000005
31.1
9.600000000000001
6.1000000000000005
10.200000000000001
5.9
6.0
53.5
28.1
11.700000000000001
8.8
8.9
52.400000000000006
10.200000000000001
23.8
9.200000000000001
8.4
13.700000000000001
17.0
13.9
116.80000000000001
10.3
10.600000000000001
9.8
12.3
12.5
10.700000000000001
6.7
12.700000000000001
5.6000000000000005
6.300000000000001
109.4
7.6000000000000005
9.3
7.5
6.9
7.800000000000001
10.600000000000001
7.6000000000000005
29.3
4.800000000000001
6.9
20.8
13.0
9.700000000000001
8.5
12.9
9.0
12.5
10.200000000000001
58.7
13.200000000000001
7.2
31.8
15.8
10.9
10.3
12.5
7.7
13.200000000000001
5.800000000000001
10.9
32.6
18.8
13.4
5.7
5.4
10.100000000000001
10.600000000000001
11.5
19.900000000000002
12.5
6.4
10.9
6.800000000000001
17.900000000000002
16.1
39.7
11.3
10.3
13.700000000000001
6.800000000000001
11.4
14.5
20.8
18.3
75.9
19.400000000000002
17.5
4.3
40.1
7.4
31.900000000000002
13.9
6.2
7.4
37.800000000000004
12.700000000000001
11.3
13.8
16.5
17.5
23.400000000000002
9.200000000000001
20.0
10.8
14.5
9.8
15.600000000000001
10.3
7.6000000000000005
19.3
10.0
11.700000000000001
5.6000000000000005
62.900000000000006
7.6000000000000005
7.6000000000000005
11.5
32.6
5.9
12.5
19.900000000000002
6.4
11.700000000000001
30.200000000000003
22.8
3.9000000000000004
10.100000000000001
11.0
6.300000000000001
7.4
19.6
10.0
9.700000000000001
52.0
16.3
7.6000000000000005
4.7
79.9
8.200000000000001
7.2
9.0
6.0
9.5
24.0
9.200000000000001
7.5
96.2
7.5
5.7
12.700000000000001
13.700000000000001
11.600000000000001
11.4
16.900000000000002
7.2
4.9
13.4
15.0
27.0
24.0
13.600000000000001
18.7
16.8
5.6000000000000005
8.0
24.700000000000003
36.7
25.400000000000002
17.3
70.8
5.0
8.3
15.0
118.30000000000001
15.100000000000001
47.1
15.8
11.3
48.6
11.9
5.1000000000000005
28.6
33.300000000000004
13.700000000000001
11.8
6.300000000000001
14.9
20.400000000000002
14.8
6.800000000000001
10.700000000000001
36.2
12.600000000000001
9.600000000000001
6.800000000000001
9.700000000000001
30.5
8.200000000000001
45.900000000000006
7.800000000000001
7.1000000000000005
6.7
9.8
8.5
9.1
38.0
15.100000000000001
7.2
23.700000000000003
16.1
17.3
17.7
11.100000000000001
30.3
48.1
15.5
10.100000000000001
18.0
16.3
9.200000000000001
235.20000000000002
6.4
15.200000000000001
5.300000000000001
18.8
5.7
15.3
11.3
8.5
21.0
12.5
11.700000000000001
6.4
7.7
12.9
125.4
7.5
9.700000000000001
63.6
13.8
6.4
17.3
11.8
11.100000000000001
11.9
27.8
11.5
19.0
8.6
21.200000000000003
13.100000000000001
12.700000000000001
19.6
4.1000000000000005
23.700000000000003
12.9
19.8
9.3
14.0
6.9
15.5
16.5
12.4
13.4
5.4
8.200000000000001
23.700000000000003
8.700000000000001
5.1000000000000005
9.600000000000001
12.0
11.700000000000001
34.1
76.4
42.7
8.9
12.9
44.800000000000004
15.200000000000001
13.3
15.100000000000001
5.9
31.5
9.8
10.3
17.900000000000002
63.300000000000004
6.7
11.200000000000001
12.9
7.800000000000001
9.8
23.6
5.800000000000001
6.2
10.700000000000001
14.100000000000001
10.3
37.2
14.9
7.800000000000001
13.8
7.7
15.0
7.2
9.700000000000001
22.200000000000003
206.60000000000002
22.0
18.400000000000002
11.4
10.700000000000001
8.3
7.0
9.5
10.5
8.4
10.9
13.0
7.2
11.0
10.4
20.700000000000003
13.8
12.9
28.0
6.4
37.4
11.5
22.0
32.0
16.5
23.900000000000002
6.800000000000001
12.100000000000001
11.100000000000001
21.3
16.1
6.7
34.5
16.0
8.6
4.800000000000001
17.6
13.4
9.3
10.9
4.2
9.3
16.900000000000002
16.3
4.4
6.6000000000000005
8.0
14.200000000000001
11.5
7.1000000000000005
20.200000000000003
13.200000000000001
9.3
7.300000000000001
11.0
5.2
17.400000000000002
9.9
5.4
5.9
19.3
18.6
16.0
22.1
16.7
12.8
52.0
6.4
15.3
178.9
5.6000000000000005
19.700000000000003
12.100000000000001
4.800000000000001
56.5
9.5
14.700000000000001
12.3
27.400000000000002
9.0
10.5
8.200000000000001
13.100000000000001
10.0
26.400000000000002
54.900000000000006
8.4
67.4
22.1
4.2
10.4
10.600000000000001
6.1000000000000005
5.5
7.5
25.200000000000003
16.900000000000002
12.600000000000001
4.7
9.1
6.800000000000001
23.400000000000002
5.7
17.0
5.1000000000000005
12.3
22.5
8.1
11.600000000000001
10.9
5.6000000000000005
13.5
16.400000000000002
11.200000000000001
9.200000000000001
5.1000000000000005
18.1
24.6
6.5
15.9
11.4
5.9
86.2
88.7
11.5
12.3
28.400000000000002
13.600000000000001
27.700000000000003
17.7
8.700000000000001
47.800000000000004
11.3
11.700000000000001
11.8
12.700000000000001
8.8
24.0
9.600000000000001
67.4
7.6000000000000005
6.800000000000001
8.700000000000001
6.4
42.800000000000004
35.4
9.5
6.9
9.0
35.0
34.5
10.600000000000001
5.0
38.6
37.4
9.8
10.3
9.700000000000001
6.0
8.6
13.0
24.400000000000002
119.0
23.8
11.100000000000001
21.900000000000002
18.1
8.4
58.0
180.8
5.4
12.3
11.8
8.200000000000001
16.0
16.2
30.200000000000003
8.0
7.800000000000001
17.0
15.9
8.700000000000001
4.6000000000000005
4.4
14.200000000000001
19.200000000000003
9.9
19.0
14.600000000000001
5.5
10.0
20.200000000000003
16.5
15.0
62.7
20.5
8.4
15.3
79.2
16.1
4.7
21.1
28.1
6.1000000000000005
39.300000000000004
12.0
19.700000000000003
12.3
7.1000000000000005
19.3
17.1
5.6000000000000005
13.8
17.8
14.0
4.7
9.0
10.3
27.3
15.600000000000001
4.6000000000000005
7.4
12.8
17.3
5.2
9.5
9.700000000000001
6.7
7.2
18.0
14.5
9.8
9.0
10.5
124.10000000000001
22.3
5.5
14.100000000000001
37.2
18.5
5.300000000000001
11.600000000000001
11.8
19.1
18.2
9.0
10.4
10.5
16.7
11.3
8.5
61.900000000000006
9.0
10.5
12.4
13.200000000000001
14.3
56.0
36.300000000000004
65.8
17.7
32.0
7.2
9.600000000000001
4.7
15.600000000000001
8.200000000000001
24.400000000000002
10.600000000000001
18.5
71.8
25.0
35.5
8.6
23.5
21.700000000000003
38.7
9.4
5.300000000000001
20.900000000000002
4.7
12.0
80.0
5.2
10.5
6.7
10.5
9.1
31.1
14.3
5.7
42.1
10.5
5.9
21.1
19.1
7.5
11.600000000000001
50.6
13.700000000000001
14.700000000000001
5.6000000000000005
16.5
13.5
14.8
55.300000000000004
29.3
18.3
13.100000000000001
17.6
90.2
15.9
6.6000000000000005
12.700000000000001
23.0
22.200000000000003
8.1
20.700000000000003
7.1000000000000005
14.600000000000001
19.8
9.5
20.400000000000002
15.100000000000001
8.200000000000001
18.8
13.200000000000001
6.800000000000001
8.6
9.3
8.5
5.300000000000001
34.5
24.400000000000002
8.700000000000001
19.0
14.8
250.4
28.400000000000002
10.200000000000001
15.5
7.7
5.1000000000000005
11.8
7.6000000000000005
5.5
14.0
12.0
8.5
9.600000000000001
6.1000000000000005
7.0
16.1
6.300000000000001
12.0
6.4
9.200000000000001
12.200000000000001
6.300000000000001
6.300000000000001
38.800000000000004
56.300000000000004
8.4
13.4
4.3
12.100000000000001
31.3
17.7
6.9
32.2
14.0
5.5
8.700000000000001
23.1
5.0
8.0
10.0
10.8
10.9
7.9
12.600000000000001
6.4
12.9
15.8
7.800000000000001
4.0
7.5
12.200000000000001
8.200000000000001
5.300000000000001
7.9
18.1
16.8
11.8
16.900000000000002
7.800000000000001
8.200000000000001
10.3
108.10000000000001
15.3
4.4
14.0
11.700000000000001
15.0
10.4
8.8
29.200000000000003
15.100000000000001
19.700000000000003
11.600000000000001
3.1
7.0
8.6
21.3
11.3
9.3
107.30000000000001
22.1
20.200000000000003
19.700000000000003
46.6
8.3
10.9
8.8
7.5
7.1000000000000005
36.800000000000004
19.8
10.100000000000001
74.0
9.1
5.800000000000001
27.1
28.400000000000002
11.9
11.100000000000001
4.3
8.200000000000001
10.600000000000001
46.800000000000004
41.300000000000004
14.600000000000001
32.1
9.5
19.700000000000003
6.4
22.700000000000003
12.200000000000001
22.0
11.0
13.3
8.4
6.0
14.9
8.5
12.3
28.6
8.700000000000001
35.800000000000004
16.3
13.3
5.6000000000000005
5.9
28.8
9.700000000000001
7.800000000000001
8.6
12.0
10.5
11.3
11.3
8.3
7.4
16.6
30.400000000000002
31.5
23.400000000000002
18.8
13.4
29.0
10.200000000000001
4.2
49.300000000000004
4.800000000000001
9.8
6.7
5.1000000000000005
9.8
10.700000000000001
7.0
23.700000000000003
4.6000000000000005
7.9
46.400000000000006
24.6
123.30000000000001
20.0
25.6
9.700000000000001
5.7
12.3
10.0
8.0
13.0
38.400000000000006
34.7
7.0
9.0
20.0
12.3
11.8
13.3
10.4
12.8
27.400000000000002
7.7
11.0
32.5
10.4
132.3
18.6
28.900000000000002
12.600000000000001
15.9
14.9
8.700000000000001
52.6
8.0
6.6000000000000005
11.100000000000001
11.5
30.5
145.70000000000002
10.8
8.700000000000001
11.4
8.5
5.7
18.3
10.9
12.4
3.9000000000000004
15.5
4.800000000000001
8.5
7.0
9.3
10.200000000000001
5.300000000000001
7.800000000000001
10.3
9.600000000000001
8.6
25.8
7.800000000000001
11.100000000000001
7.4
52.2
11.8
6.0
9.5
8.4
6.6000000000000005
9.4
6.6000000000000005
16.6
15.200000000000001
6.2
7.300000000000001
5.0
43.5
14.0
12.4
17.2
10.8
9.5
10.3
5.800000000000001
6.2
58.2
10.8
4.800000000000001
22.5
12.3
17.8
15.700000000000001
14.9
15.9
28.3
11.100000000000001
5.300000000000001
8.0
14.3
8.9
10.9
10.8
6.9
7.2
6.800000000000001
19.400000000000002
29.0
59.300000000000004
9.4
15.600000000000001
8.9
8.1
6.2
46.300000000000004
9.1
11.9
10.3
5.2
14.5
18.3
45.6
21.700000000000003
10.100000000000001
10.100000000000001
9.4
8.9
14.0
27.6
16.400000000000002
13.600000000000001
5.4
8.6
34.2
13.3
11.4
8.5
9.3
13.8
10.8
16.1
8.3
15.0
5.6000000000000005
12.600000000000001
36.800000000000004
8.3
6.9
6.800000000000001
14.5
7.800000000000001
6.9
14.0
20.900000000000002
17.900000000000002
12.3
14.4
7.800000000000001
5.300000000000001
17.3
4.6000000000000005
6.300000000000001
19.0
8.200000000000001
18.6
20.3
19.3
58.900000000000006
36.2
7.7
16.3
19.8
6.300000000000001
51.400000000000006
24.700000000000003
28.0
54.800000000000004
24.1
25.0
5.5
15.0
15.0
59.1
27.1
12.4
92.2
10.4
9.200000000000001
19.400000000000002
6.4
24.200000000000003
10.5
18.900000000000002
6.300000000000001
6.5
10.0
8.5
10.600000000000001
24.0
12.9
6.800000000000001
5.0
26.200000000000003
8.4
14.200000000000001
11.4
16.400000000000002
42.7
21.0
80.7
8.4
14.100000000000001
18.5
11.5
71.7
11.8
13.9
7.5
8.5
4.5
17.900000000000002
9.4
15.0
7.9
11.4
9.8
7.800000000000001
16.1
11.3
12.8
6.2
11.200000000000001
8.200000000000001
14.0
29.3
15.3
5.5
5.6000000000000005
18.1
21.200000000000003
6.5
7.4
10.100000000000001
8.5
17.900000000000002
9.700000000000001
41.2
7.300000000000001
8.6
8.6
11.5
10.9
16.6
8.6
7.6000000000000005
19.1
11.200000000000001
9.4
11.600000000000001
25.0
29.1
9.700000000000001
5.7
22.6
127.60000000000001
16.3
18.3
13.0
8.0
13.0
11.5
6.1000000000000005
9.0
8.1
8.9
7.1000000000000005
8.200000000000001
6.5
24.3
13.0
13.0
7.6000000000000005
6.2
17.400000000000002
17.400000000000002
9.3
7.1000000000000005
8.9
6.9
10.5
14.0
6.2
18.7
33.9
18.7
16.7
55.0
10.200000000000001
6.9
35.6
13.700000000000001
18.6
16.3
8.5
16.0
6.6000000000000005
52.7
11.8
18.900000000000002
7.800000000000001
6.5
6.7
7.4
13.9
12.0
6.9
16.6
42.2
6.5
8.1
48.900000000000006
15.3
9.5
5.9
7.1000000000000005
23.1
9.700000000000001
9.4
7.300000000000001
10.0
10.600000000000001
9.200000000000001
15.4
9.8
16.7
132.4
36.0
16.2
9.0
49.7
10.9
21.200000000000003
8.9
5.2
5.6000000000000005
13.100000000000001
9.700000000000001
21.400000000000002
9.4
4.2
6.4
8.8
10.9
20.0
13.8
21.3
28.0
37.1
9.200000000000001
13.0
7.300000000000001
6.800000000000001
6.1000000000000005
13.3
12.4
10.5
11.9
14.700000000000001
31.200000000000003
14.3
37.4
6.6000000000000005
6.9
5.7
37.4
5.300000000000001
17.0
14.8
7.7
30.200000000000003
12.200000000000001
12.5
13.3
24.900000000000002
6.5
8.5
8.6
14.8
17.8
8.9
8.200000000000001
147.8
10.700000000000001
12.3
9.600000000000001
124.9
17.400000000000002
16.3
16.3
74.7
14.4
3.9000000000000004
14.600000000000001
10.600000000000001
7.6000000000000005
34.1
20.900000000000002
6.300000000000001
7.5
15.8
8.0
15.9
49.400000000000006
7.0
83.5
21.6
15.8
6.9
9.9
19.8
9.9
7.2
11.4
15.200000000000001
19.0
5.7
35.0
8.1
17.900000000000002
7.800000000000001
8.1
83.4
16.900000000000002
11.8
13.0
6.4
7.1000000000000005
21.0
147.20000000000002
8.8
23.200000000000003
13.8
6.5
16.3
7.9
5.4
20.8
25.1
6.7
10.200000000000001
16.900000000000002
19.5
38.1
234.0
9.3
18.6
8.3
11.0
22.400000000000002
7.0
18.900000000000002
9.1
16.8
11.200000000000001
28.1
9.700000000000001
27.400000000000002
33.9
7.9
5.2
11.600000000000001
21.1
10.600000000000001
17.400000000000002
27.200000000000003
11.4
41.6
17.2
7.300000000000001
11.3
6.5
7.800000000000001
16.1
6.2
7.800000000000001
7.2
5.300000000000001
9.3
6.2
9.4
6.5
21.6
5.9
11.8
14.8
23.900000000000002
18.400000000000002
11.0
10.200000000000001
5.800000000000001
24.5
10.5
25.8
11.200000000000001
6.7
3.9000000000000004
7.6000000000000005
8.9
23.1
9.3
11.700000000000001
15.100000000000001
5.0
31.8
14.3
14.600000000000001
11.5
10.5
15.700000000000001
6.7
6.4
29.900000000000002
5.9
13.3
4.1000000000000005
11.200000000000001
11.100000000000001
5.800000000000001
35.1
6.800000000000001
15.5
10.4
6.0
9.4
14.5
8.4
44.800000000000004
9.3
5.7
4.7
33.4
17.7
12.8
4.6000000000000005
6.2
35.1
5.300000000000001
14.0
13.9
16.6
31.3
8.4
9.4
6.300000000000001
5.6000000000000005
13.3
21.700000000000003
11.600000000000001
11.8
5.2
31.200000000000003
7.2
8.6
9.9
6.6000000000000005
5.5
12.4
23.400000000000002
7.2
